600 1 0 0 1
 0 0.142114
 0 0.113243
 0 0.0923106
 0 0.0918777
 0 0.0986416
 0 0.158895
 0 0.111966
 0 0.151145
 0 0.0736841
 0 0.114274
 0 0.180427
 0 0.0876433
 0 0.0958824
 0 0.0956471
 0 0.127774
 0 0.140623
 0 0.120966
 0 0.109174
 0 0.0796027
 0 0.138666
 0 0.16936
 0 0.14453
 0 0.0969235
 0 0.123611
 0 0.121628
 0 0.0980822
 0 0.0939023
 0 0.0993841
 0 0.11671
 0 0.0482871
 0 0.160226
 0 0.118134
 0 0.157005
 0 0.0800689
 0 0.147393
 0 0.0920775
 0 0.148077
 0 0.106798
 0 0.118282
 0 0.148108
 0 0.114838
 0 0.0974462
 0 0.0591668
 0 0.0987171
 0 0.123337
 0 0.149345
 0 0.135314
 0 0.168872
 0 0.156821
 0 0.0987426
 0 0.09605
 0 0.0934638
 0 0.112138
 0 0.0862326
 0 0.110805
 0 0.117545
 0 0.172421
 0 0.0779255
 0 0.106552
 0 0.0997093
 0 0.126843
 0 0.167815
 0 0.105229
 0 0.139798
 0 0.106992
 0 0.108522
 0 0.102868
 0 0.133621
 0 0.113085
 0 0.067741
 0 0.0941498
 0 0.132091
 0 0.150758
 0 0.126153
 0 0.144855
 0 0.0997715
 0 0.144461
 0 0.151985
 0 0.129718
 0 0.155433
 0 0.119444
 0 0.0878908
 0 0.122154
 0 0.0379522
 0 0.0894803
 0 0.089609
 0 0.113348
 0 0.107824
 0 0.10939
 0 0.0826951
 0 0.145274
 0 0.112738
 0 0.108832
 0 0.146468
 0 0.151741
 0 0.136669
 0 0.149771
 0 0.128827
 0 0.112976
 0 0.111317
 0 0.0893626
 0 0.101542
 0 0.111809
 0 0.110638
 0 0.126676
 0 0.138096
 0 0.127554
 0 0.102096
 0 0.110048
 0 0.146185
 0 0.0769453
 0 0.0801044
 0 0.109094
 0 0.107556
 0 0.0927368
 0 0.159645
 0 0.124989
 0 0.137947
 0 0.0812521
 0 0.118888
 0 0.0745466
 0 0.102364
 0 0.108059
 0 0.17586
 0 0.121996
 0 0.0813376
 0 0.130628
 0 0.116925
 0 0.110953
 0 0.105998
 0 0.0781008
 0 0.146036
 0 0.128093
 0 0.120166
 0 0.103481
 0 0.138337
 0 0.105169
 0 0.0695837
 0 0.10915
 0 0.131686
 0 0.0872049
 0 0.115274
 0 0.0883781
 0 0.201517
 0 0.0967625
 0 0.10288
 0 0.119667
 0 0.0977481
 0 0.126463
 0 0.126644
 0 0.131245
 0 0.122225
 0 0.118596
 0 0.150815
 0 0.089912
 0 0.150991
 0 0.128401
 0 0.1194
 0 0.118689
 0 0.172065
 0 0.16292
 0 0.137608
 0 0.128481
 0 0.125214
 0 0.102954
 0 0.119369
 0 0.0892705
 0 0.119367
 0 0.14037
 0 0.17303
 0 0.120256
 0 0.102546
 0 0.113269
 0 0.138189
 0 0.108373
 0 0.126245
 0 0.157559
 0 0.161315
 0 0.0915725
 0 0.112406
 0 0.146568
 0 0.0886134
 0 0.136169
 0 0.11125
 0 0.0673902
 0 0.105288
 0 0.0896479
 0 0.0854001
 0 0.115898
 0 0.117623
 0 0.139828
 0 0.0765391
 0 0.093748
 0 0.139878
 0 0.095626
 0 0.0901007
 0 0.0856187
 0 0.0966648
 0 0.131278
 0 0.113213
 0 0.0950821
 0 0.0938878
 0 0.150028
 0 0.0871005
 0 0.0900941
 0 0.108456
 0 0.0702075
 0 0.0867398
 0 0.107017
 0 0.0970522
 0 0.115486
 0 0.115829
 0 0.138012
 0 0.133371
 0 0.117762
 0 0.100174
 0 0.144463
 0 0.109967
 0 0.131117
 0 0.175318
 0 0.138466
 0 0.104001
 0 0.114983
 0 0.0998603
 0 0.146594
 0 0.120305
 0 0.0892439
 0 0.101437
 0 0.105981
 0 0.133406
 0 0.0711866
 0 0.0747853
 0 0.0892783
 0 0.106233
 0 0.0932752
 0 0.144202
 0 0.110531
 0 0.111031
 0 0.157126
 0 0.114802
 0 0.113315
 0 0.12233
 0 0.127108
 0 0.100796
 0 0.116932
 0 0.108402
 0 0.100059
 0 0.0768998
 0 0.127545
 0 0.159807
 0 0.0948834
 0 0.143186
 0 0.152703
 0 0.101901
 0 0.120057
 0 0.163775
 0 0.132886
 0 0.147226
 0 0.111929
 0 0.0748885
 0 0.105281
 0 0.114921
 0 0.0724764
 0 0.134839
 0 0.141031
 0 0.101207
 0 0.101568
 0 0.139212
 0 0.173219
 0 0.149365
 0 0.1226
 0 0.0949178
 0 0.10693
 0 0.0722611
 0 0.136797
 0 0.141794
 0 0.100824
 0 0.13677
 0 0.135038
 0 0.0820868
 0 0.126705
 0 0.170856
 0 0.147904
 0 0.180335
 0 0.121758
 0 0.123781
 0 0.120426
 0 0.119754
 0 0.141608
 0 0.0957736
 0 0.123852
 0 0.101735
 0 0.112718
 0 0.13777
 0 0.13709
 0 0.152869
 0 0.100931
 0 0.117384
 0 0.12163
 0 0.107497
 0 0.109705
 0 0.132703
 0 0.0832734
 0 0.14302
 0 0.0860095
 0 0.129068
 0 0.102464
 0 0.171177
 0 0.100331
 0 0.0912473
 0 0.110673
 0 0.116473
 0 0.155749
 0 0.13165
 0 0.114064
 0 0.0873758
 0 0.151035
 0 0.068891
 0 0.129433
 0 0.0846054
 0 0.102747
 0 0.102871
 0 0.150593
 0 0.114684
 0 0.0683826
 0 0.108976
 0 0.128017
 0 0.0955105
 0 0.0915681
 0 0.148778
 0 0.125597
 0 0.0802731
 0 0.0894925
 0 0.138152
 0 0.126788
 0 0.10576
 0 0.140455
 0 0.135307
 0 0.139358
 0 0.112051
 0 0.110315
 0 0.19132
 0 0.16089
 0 0.0823366
 0 0.158538
 0 0.0658417
 0 0.103828
 0 0.12782
 0 0.128724
 0 0.125131
 0 0.076437
 0 0.161255
 0 0.14569
 0 0.088902
 0 0.113115
 0 0.178023
 0 0.136232
 0 0.143718
 0 0.14052
 0 0.12634
 0 0.140947
 0 0.11573
 0 0.121015
 0 0.135773
 0 0.105424
 0 0.116387
 0 0.128803
 0 0.0943751
 0 0.140068
 0 0.0959634
 0 0.129919
 0 0.0726474
 0 0.196846
 0 0.108677
 0 0.162286
 0 0.124619
 0 0.0920409
 0 0.103323
 0 0.155879
 0 0.0949467
 0 0.161351
 0 0.148251
 0 0.14169
 0 0.101602
 0 0.155922
 0 0.1114
 0 0.124762
 0 0.139971
 0 0.118454
 0 0.0771263
 0 0.1063
 0 0.113621
 0 0.108205
 0 0.187397
 0 0.0901529
 0 0.124306
 0 0.118337
 0 0.105608
 0 0.146016
 0 0.139008
 0 0.102362
 0 0.119066
 0 0.164142
 0 0.158299
 0 0.0928234
 0 0.0927213
 0 0.145845
 0 0.14471
 0 0.101683
 0 0.0694993
 0 0.104303
 0 0.0780731
 0 0.175554
 0 0.0324967
 0 0.125881
 0 0.0652389
 0 0.0922152
 0 0.0721656
 0 0.113109
 0 0.113976
 0 0.0847552
 0 0.136313
 0 0.051923
 0 0.120275
 0 0.158467
 0 0.115466
 0 0.107636
 0 0.0853379
 0 0.127385
 0 0.10668
 0 0.116187
 0 0.136255
 0 0.123356
 0 0.129084
 0 0.135109
 0 0.164599
 0 0.140692
 0 0.161357
 0 0.126009
 0 0.133615
 0 0.0715551
 0 0.100476
 0 0.0809602
 0 0.0979024
 0 0.141994
 0 0.105495
 0 0.114392
 0 0.10371
 0 0.118475
 0 0.123228
 0 0.144991
 0 0.127482
 0 0.117383
 0 0.112415
 0 0.068044
 0 0.120851
 0 0.087398
 0 0.109415
 0 0.140726
 0 0.0852114
 0 0.113705
 0 0.157843
 0 0.135749
 0 0.140216
 0 0.091527
 0 0.153888
 0 0.12079
 0 0.0950766
 0 0.113785
 0 0.136599
 0 0.0492805
 0 0.0953929
 0 0.161661
 0 0.145991
 0 0.128762
 0 0.141246
 0 0.161669
 0 0.0827828
 0 0.0949023
 0 0.128624
 0 0.0855522
 0 0.133484
 0 0.113098
 0 0.101399
 0 0.12402
 0 0.114287
 0 0.122127
 0 0.15309
 0 0.108345
 0 0.099242
 0 0.10686
 0 0.123016
 0 0.0989657
 0 0.152398
 0 0.0735709
 0 0.107193
 0 0.10323
 0 0.145226
 0 0.118457
 0 0.109497
 0 0.101151
 0 0.128132
 0 0.119195
 0 0.172597
 0 0.122948
 0 0.165989
 0 0.131921
 0 0.138939
 0 0.0626181
 0 0.160564
 0 0.0880906
 0 0.129991
 0 0.139993
 0 0.143488
 0 0.142844
 0 0.0912207
 0 0.103606
 0 0.10474
 0 0.127899
 0 0.117803
 0 0.0930498
 0 0.111792
 0 0.136331
 0 0.123781
 0 0.0926902
 0 0.0837074
 0 0.161018
 0 0.112016
 0 0.170439
 0 0.14852
 0 0.101729
 0 0.108228
 0 0.112795
 0 0.090245
 0 0.101921
 0 0.128331
 0 0.0691108
 0 0.108309
 0 0.115504
 0 0.117097
 0 0.0865356
 0 0.139262
 0 0.104369
 0 0.123065
 0 0.139937
 0 0.108551
 0 0.103992
 0 0.161125
 0 0.0591413
 0 0.137326
 0 0.0981888
 0 0.131013
 0 0.1094
 0 0.115362
 0 0.104209
 0 0.131654
 0 0.100089
 0 0.127542
 0 0.118542
 0 0.0875467
 0 0.136419
 0 0.130986
 0 0.158169
 0 0.159784
 0 0.135379
 0 0.122454
 0 0.0956582
 0 0.14837
 0 0.0827417
 0 0.0975705
 0 0.0602858
 0 0.139413
 0 0.136348
 0 0.156343
 0 0.130595
 0 0.138546
 0 0.101074
 0 0.19248
 0 0.131459
 0 0.151086
 0 0.105107
 0 0.124786
 0 0.15579
 0 0.0875168
 0 0.142068
 0 0.132945
 0 0.098232
 0 0.130878
 0 0.134146
 0 0.113043
 0 0.0715218
 0 0.0833089
 0 0.0891173
 0 0.115475
 0 0.0992787
 0 0.133601
 0 0.116642
 0 0.118157
 0 0.129409
 0 0.10902
