535 1 0 0 1
 0 0.421999
 0 0.479443
 0 0.488501
 0 0.412993
 0 0.621896
 0 0.830343
 0 0.446258
 0 0.518411
 0 0.581666
 0 0.666808
 0 0.503587
 0 0.486896
 0 0.663523
 0 0.440879
 0 0.336651
 0 0.51272
 0 0.527687
 0 0.487301
 0 0.525609
 0 0.205626
 0 0.554487
 0 0.697592
 0 0.483259
 0 0.617712
 0 0.671891
 0 0.6064
 0 0.363355
 0 0.840825
 0 0.476733
 0 0.555197
 0 0.558015
 0 0.446862
 0 0.285985
 0 0.472368
 0 0.774131
 0 0.393413
 0 0.721355
 0 0.725202
 0 0.702121
 0 0.432682
 0 0.43614
 0 0.0545989
 0 0.410582
 0 0.461676
 0 0.641235
 0 0.688495
 0 0.371002
 0 -0.0108464
 0 0.506855
 0 0.685345
 0 0.531204
 0 0.448229
 0 0.492812
 0 0.457103
 0 0.536633
 0 0.424994
 0 0.576242
 0 0.694887
 0 0.779163
 0 0.572125
 0 0.344236
 0 0.624182
 0 0.511307
 0 0.57033
 0 0.332026
 0 0.438781
 0 0.521284
 0 0.183594
 0 0.69743
 0 0.620608
 0 0.441451
 0 0.489842
 0 0.448564
 0 0.567526
 0 0.656456
 0 0.297259
 0 0.574575
 0 0.717541
 0 0.18852
 0 0.724226
 0 0.547114
 0 0.667881
 0 0.524255
 0 0.468899
 0 0.517936
 0 0.330497
 0 0.189507
 0 0.618783
 0 0.679047
 0 0.345796
 0 0.0266417
 0 0.621294
 0 0.263149
 0 0.663234
 0 0.747628
 0 0.465602
 0 0.919805
 0 0.869367
 0 0.301208
 0 0.223074
 0 0.244282
 0 0.775504
 0 0.0286691
 0 0.536878
 0 0.196818
 0 0.481225
 0 0.325544
 0 0.0334499
 0 0.68557
 0 0.185903
 0 0.172262
 0 0.580859
 0 0.738978
 0 0.580842
 0 0.762479
 0 0.238143
 0 0.529255
 0 0.215317
 0 0.559882
 0 0.54628
 0 0.365663
 0 0.849402
 0 0.441886
 0 0.409447
 0 -0.0540424
 0 0.44147
 0 0.402149
 0 0.2649
 0 0.593231
 0 0.470582
 0 0.270632
 0 0.590936
 0 0.777188
 0 0.924118
 0 0.489748
 0 0.00711818
 0 0.70578
 0 0.201986
 0 0.700431
 0 0.480133
 0 0.728938
 0 0.519076
 0 0.0443396
 0 0.301179
 0 0.394026
 0 0.353542
 0 0.420546
 0 0.863827
 0 0.364683
 0 0.508577
 0 0.50891
 0 0.493895
 0 0.678584
 0 0.401208
 0 0.387955
 0 0.655035
 0 0.711643
 0 0.494107
 0 0.256829
 0 0.27206
 0 0.70194
 0 0.557635
 0 0.485797
 0 0.346385
 0 0.459391
 0 0.687012
 0 0.427263
 0 0.62702
 0 0.478392
 0 0.42157
 0 0.435272
 0 0.476586
 0 0.308362
 0 0.994303
 0 0.469842
 0 0.582347
 0 0.908797
 0 0.277452
 0 0.6273
 0 0.557429
 0 0.624294
 0 0.662519
 0 0.776909
 0 0.437394
 0 0.853251
 0 0.631162
 0 0.65271
 0 0.556673
 0 0.699849
 0 0.533272
 0 0.739966
 0 0.237284
 0 0.515205
 0 0.498804
 0 0.56432
 0 0.53397
 0 0.354893
 0 0.575914
 0 0.468998
 0 0.501171
 0 0.510784
 0 0.262109
 0 0.272897
 0 0.4645
 0 0.794183
 0 0.630269
 0 0.287241
 0 0.698467
 0 0.808117
 0 0.388186
 0 0.778743
 0 0.507242
 0 0.702193
 0 0.661746
 0 0.559395
 0 0.0569022
 0 0.684928
 0 0.332625
 0 0.571296
 0 0.438466
 0 0.424411
 0 0.487003
 0 0.30703
 0 0.441113
 0 0.330754
 0 0.516997
 0 0.918019
 0 0.405463
 0 0.443058
 0 0.53853
 0 0.641997
 0 0.599679
 0 0.292727
 0 0.685234
 0 0.358363
 0 0.524905
 0 0.607951
 0 0.567559
 0 0.654768
 0 0.340422
 0 0.294608
 0 0.246689
 0 0.61939
 0 0.522039
 0 0.360931
 0 0.976534
 0 0.597287
 0 0.710919
 0 0.445282
 0 0.454703
 0 0.198881
 0 0.333339
 0 0.513481
 0 0.544984
 0 0.340537
 0 0.376341
 0 0.754465
 0 0.555805
 0 0.54733
 0 0.47428
 0 0.593027
 0 0.696735
 0 0.161123
 0 0.353093
 0 0.459431
 0 0.588465
 0 0.729577
 0 0.408364
 0 0.42147
 0 0.791362
 0 0.369566
 0 0.414187
 0 0.830939
 0 0.222509
 0 0.668469
 0 0.467777
 0 0.863178
 0 0.497252
 0 0.485864
 0 0.673894
 0 0.51385
 0 0.560214
 0 0.764098
 0 0.307688
 0 0.367585
 0 0.244528
 0 0.557235
 0 0.533373
 0 0.579669
 0 0.622064
 0 0.468468
 0 0.647534
 0 0.530949
 0 0.604226
 0 0.465438
 0 0.611589
 0 0.314081
 0 0.618164
 0 0.366635
 0 0.233391
 0 0.44881
 0 0.417837
 0 0.408428
 0 0.459706
 0 0.7035
 0 0.258168
 0 0.261287
 0 0.545242
 0 0.616064
 0 0.29203
 0 0.517028
 0 0.586356
 0 0.560168
 0 0.785109
 0 0.638496
 0 0.523224
 0 0.555435
 0 0.444422
 0 0.537218
 0 0.120705
 0 0.550888
 0 0.474785
 0 0.500652
 0 0.383817
 0 0.367071
 0 0.725531
 0 0.467669
 0 0.205949
 0 0.611249
 0 0.688046
 0 0.539277
 0 0.72591
 0 0.537683
 0 0.896689
 0 0.49162
 0 0.676699
 0 0.584672
 0 0.441027
 0 0.370353
 0 0.685153
 0 0.563343
 0 0.284177
 0 0.669672
 0 0.448197
 0 0.710099
 0 0.543394
 0 0.554574
 0 0.352438
 0 0.261228
 0 0.622761
 0 0.576986
 0 0.456456
 0 0.358046
 0 0.338677
 0 0.532938
 0 0.565624
 0 0.558029
 0 0.692488
 0 0.762894
 0 0.791794
 0 0.0906788
 0 0.585625
 0 0.435688
 0 0.394445
 0 0.616992
 0 0.539303
 0 0.212427
 0 0.565632
 0 0.668437
 0 0.790296
 0 0.166075
 0 0.663667
 0 0.530231
 0 0.406391
 0 0.773349
 0 0.631991
 0 0.381408
 0 0.458843
 0 0.621455
 0 0.215786
 0 0.294089
 0 0.38053
 0 0.415459
 0 0.731634
 0 0.361895
 0 0.473282
 0 0.218117
 0 0.397647
 0 0.560779
 0 0.469927
 0 0.418802
 0 0.73434
 0 0.26842
 0 0.385577
 0 0.582465
 0 0.411257
 0 0.664182
 0 0.459383
 0 0.349627
 0 0.645146
 0 0.689709
 0 0.810884
 0 0.472756
 0 0.592149
 0 0.482719
 0 0.675485
 0 0.554146
 0 0.735173
 0 0.627271
 0 0.328842
 0 0.413795
 0 0.529949
 0 0.544096
 0 0.302362
 0 0.579722
 0 0.281441
 0 0.590269
 0 0.42367
 0 0.378881
 0 0.450238
 0 0.587074
 0 0.799454
 0 0.324062
 0 0.766714
 0 0.610452
 0 0.337557
 0 0.54948
 0 0.288376
 0 0.358367
 0 0.512319
 0 0.490438
 0 0.496305
 0 0.701147
 0 0.546261
 0 0.305184
 0 0.530574
 0 0.494904
 0 0.36731
 0 0.715726
 0 0.469834
 0 0.281563
 0 0.524588
 0 0.296573
 0 0.392301
 0 0.53222
 0 0.668028
 0 0.539306
 0 0.784899
 0 0.637618
 0 0.791191
 0 0.259506
 0 0.692596
 0 0.74137
 0 0.472459
 0 0.405783
 0 0.557497
 0 0.657149
 0 0.296766
 0 0.581312
 0 0.51871
 0 0.135978
 0 0.12525
 0 0.420234
 0 0.669068
 0 0.464567
 0 0.670958
 0 0.137138
 0 0.444185
 0 0.583426
 0 0.189573
 0 0.867601
 0 0.401808
 0 0.475955
 0 0.256577
 0 0.398036
 0 0.920302
 0 0.440581
 0 0.638942
 0 0.584448
 0 0.372721
 0 0.301771
 0 0.422677
 0 0.237502
 0 0.210902
 0 0.720233
 0 0.589339
 0 0.492482
 0 0.274514
 0 0.528923
 0 0.46213
 0 0.727832
 0 0.656311
 0 0.674305
 0 0.753648
 0 0.678177
 0 0.67475
 0 0.50635
 0 0.191879
 0 0.0288854
 0 0.598777
 0 0.686299
 0 0.53251
 0 0.221811
 0 0.664697
 0 0.666747
 0 0.683523
 0 0.510019
 0 0.302482
 0 0.329254
 0 0.410942
 0 0.376131
 0 0.499155
 0 0.591754
 0 0.517518
 0 0.480056
 0 0.814707
 0 0.421867
 0 0.246199
 0 0.605823
 0 0.565173
 0 0.499613
 0 0.547638
 0 0.735478
 0 0.672968
 0 0.790135
 0 0.590393
 0 0.450621
 0 0.399656
 0 0.429087
 0 0.368257
 0 0.364113
 0 0.445789
 0 0.682445
 0 0.40518
 0 0.582042
