535 1 0 0 1
 0 0.39459
 0 0.359205
 0 0.458864
 0 0.511196
 0 0.368524
 0 0.576444
 0 0.490993
 0 0.499645
 0 0.434892
 0 0.44677
 0 0.408932
 0 0.477301
 0 0.452011
 0 0.427413
 0 0.547691
 0 0.344251
 0 0.557303
 0 0.461663
 0 0.475555
 0 0.466041
 0 0.506825
 0 0.466606
 0 0.486441
 0 0.512381
 0 0.475337
 0 0.382944
 0 0.44285
 0 0.623836
 0 0.535702
 0 0.500112
 0 0.533914
 0 0.419034
 0 0.503306
 0 0.431913
 0 0.527607
 0 0.565695
 0 0.563188
 0 0.55831
 0 0.34388
 0 0.468131
 0 0.526955
 0 0.40742
 0 0.445077
 0 0.453721
 0 0.539938
 0 0.575284
 0 0.461861
 0 0.596447
 0 0.461462
 0 0.547363
 0 0.501685
 0 0.614718
 0 0.559145
 0 0.513265
 0 0.467693
 0 0.514087
 0 0.381059
 0 0.395892
 0 0.43112
 0 0.493693
 0 0.479929
 0 0.460122
 0 0.517782
 0 0.516127
 0 0.440903
 0 0.512229
 0 0.351925
 0 0.505382
 0 0.549993
 0 0.498717
 0 0.430308
 0 0.544357
 0 0.488563
 0 0.521323
 0 0.381247
 0 0.473776
 0 0.554725
 0 0.574728
 0 0.537677
 0 0.585417
 0 0.520792
 0 0.552982
 0 0.503396
 0 0.429102
 0 0.530381
 0 0.474464
 0 0.423429
 0 0.412245
 0 0.499282
 0 0.460888
 0 0.442488
 0 0.521222
 0 0.490317
 0 0.46706
 0 0.605706
 0 0.495389
 0 0.515994
 0 0.520748
 0 0.44764
 0 0.390932
 0 0.484306
 0 0.482992
 0 0.486477
 0 0.547767
 0 0.515764
 0 0.584162
 0 0.3388
 0 0.482122
 0 0.507605
 0 0.521503
 0 0.480424
 0 0.5789
 0 0.511668
 0 0.577696
 0 0.428033
 0 0.412192
 0 0.400814
 0 0.529722
 0 0.419416
 0 0.429278
 0 0.566508
 0 0.495351
 0 0.492754
 0 0.440898
 0 0.395363
 0 0.46776
 0 0.486731
 0 0.512042
 0 0.508456
 0 0.43159
 0 0.470216
 0 0.596718
 0 0.488887
 0 0.506392
 0 0.408604
 0 0.434648
 0 0.556451
 0 0.401542
 0 0.420393
 0 0.456063
 0 0.617841
 0 0.400844
 0 0.486834
 0 0.426233
 0 0.594693
 0 0.389788
 0 0.441331
 0 0.474379
 0 0.465323
 0 0.474582
 0 0.596521
 0 0.530479
 0 0.515888
 0 0.511596
 0 0.513559
 0 0.654541
 0 0.497804
 0 0.453109
 0 0.32445
 0 0.530503
 0 0.515029
 0 0.501662
 0 0.473796
 0 0.511593
 0 0.532319
 0 0.427255
 0 0.493437
 0 0.540769
 0 0.55111
 0 0.490309
 0 0.529584
 0 0.406552
 0 0.518577
 0 0.555072
 0 0.441373
 0 0.460903
 0 0.537973
 0 0.456894
 0 0.50178
 0 0.431848
 0 0.415022
 0 0.522409
 0 0.436333
 0 0.525605
 0 0.47241
 0 0.457662
 0 0.41383
 0 0.563388
 0 0.524956
 0 0.413926
 0 0.376569
 0 0.482473
 0 0.452367
 0 0.455669
 0 0.496225
 0 0.549408
 0 0.547942
 0 0.439568
 0 0.528179
 0 0.426085
 0 0.356813
 0 0.506233
 0 0.490539
 0 0.499982
 0 0.531053
 0 0.41513
 0 0.520134
 0 0.436943
 0 0.452339
 0 0.573533
 0 0.411424
 0 0.58405
 0 0.534288
 0 0.452419
 0 0.45224
 0 0.522885
 0 0.608458
 0 0.377198
 0 0.51583
 0 0.603222
 0 0.574778
 0 0.477744
 0 0.396307
 0 0.532284
 0 0.417861
 0 0.4019
 0 0.466789
 0 0.495559
 0 0.469576
 0 0.491767
 0 0.551792
 0 0.588231
 0 0.515203
 0 0.443493
 0 0.349788
 0 0.437183
 0 0.533235
 0 0.562496
 0 0.460058
 0 0.48475
 0 0.495919
 0 0.446573
 0 0.550966
 0 0.545402
 0 0.466659
 0 0.444435
 0 0.45434
 0 0.402839
 0 0.571045
 0 0.444525
 0 0.486042
 0 0.51686
 0 0.542565
 0 0.498955
 0 0.55304
 0 0.581191
 0 0.552081
 0 0.47069
 0 0.5174
 0 0.341363
 0 0.553695
 0 0.523455
 0 0.616374
 0 0.510582
 0 0.449133
 0 0.474402
 0 0.497706
 0 0.411627
 0 0.490293
 0 0.500869
 0 0.348685
 0 0.50309
 0 0.487062
 0 0.487145
 0 0.509065
 0 0.481588
 0 0.516799
 0 0.446963
 0 0.514616
 0 0.498307
 0 0.5126
 0 0.601329
 0 0.597312
 0 0.523571
 0 0.477976
 0 0.409631
 0 0.528888
 0 0.454103
 0 0.58136
 0 0.541683
 0 0.425498
 0 0.450722
 0 0.410432
 0 0.533334
 0 0.434847
 0 0.500751
 0 0.446145
 0 0.473609
 0 0.439192
 0 0.455769
 0 0.452246
 0 0.490137
 0 0.560688
 0 0.446149
 0 0.529707
 0 0.527957
 0 0.475079
 0 0.542756
 0 0.500653
 0 0.527927
 0 0.453379
 0 0.47695
 0 0.448763
 0 0.515802
 0 0.488427
 0 0.466763
 0 0.565878
 0 0.505277
 0 0.539021
 0 0.573752
 0 0.4279
 0 0.43617
 0 0.443508
 0 0.505547
 0 0.498617
 0 0.575761
 0 0.524519
 0 0.616078
 0 0.55326
 0 0.48513
 0 0.502115
 0 0.512278
 0 0.39425
 0 0.474812
 0 0.454893
 0 0.42991
 0 0.409256
 0 0.491861
 0 0.465681
 0 0.484888
 0 0.48065
 0 0.455701
 0 0.609326
 0 0.510097
 0 0.47733
 0 0.37932
 0 0.524097
 0 0.459548
 0 0.394133
 0 0.421082
 0 0.438334
 0 0.499065
 0 0.568799
 0 0.43399
 0 0.422192
 0 0.562846
 0 0.440749
 0 0.537485
 0 0.522828
 0 0.456731
 0 0.477341
 0 0.547798
 0 0.517694
 0 0.522687
 0 0.412129
 0 0.49002
 0 0.51922
 0 0.383089
 0 0.419626
 0 0.549828
 0 0.514114
 0 0.510595
 0 0.552367
 0 0.457199
 0 0.573775
 0 0.430273
 0 0.50641
 0 0.518943
 0 0.443477
 0 0.515075
 0 0.467145
 0 0.437021
 0 0.456886
 0 0.477786
 0 0.426959
 0 0.500455
 0 0.602295
 0 0.363791
 0 0.574132
 0 0.471957
 0 0.46286
 0 0.479644
 0 0.42595
 0 0.481466
 0 0.581707
 0 0.492169
 0 0.42338
 0 0.534647
 0 0.5121
 0 0.601458
 0 0.492916
 0 0.604525
 0 0.4688
 0 0.499444
 0 0.469804
 0 0.467148
 0 0.524127
 0 0.533942
 0 0.615188
 0 0.403889
 0 0.447718
 0 0.45201
 0 0.458807
 0 0.525493
 0 0.519507
 0 0.458721
 0 0.43887
 0 0.50928
 0 0.393917
 0 0.478747
 0 0.449456
 0 0.531425
 0 0.347813
 0 0.474563
 0 0.501522
 0 0.447974
 0 0.538699
 0 0.573382
 0 0.477861
 0 0.539399
 0 0.401651
 0 0.405747
 0 0.460428
 0 0.487053
 0 0.465159
 0 0.431877
 0 0.559616
 0 0.400293
 0 0.562739
 0 0.469759
 0 0.457436
 0 0.503076
 0 0.52851
 0 0.436567
 0 0.488682
 0 0.579651
 0 0.584637
 0 0.589265
 0 0.457959
 0 0.420451
 0 0.511869
 0 0.525482
 0 0.50605
 0 0.629164
 0 0.562507
 0 0.471693
 0 0.389349
 0 0.479325
 0 0.522924
 0 0.509688
 0 0.37336
 0 0.391342
 0 0.470019
 0 0.397784
 0 0.569184
 0 0.49891
 0 0.427775
 0 0.466914
 0 0.492011
 0 0.295746
 0 0.512568
 0 0.531305
 0 0.498985
 0 0.515768
 0 0.372772
 0 0.531751
 0 0.511462
 0 0.566099
 0 0.564175
 0 0.390745
 0 0.552061
 0 0.498629
 0 0.49576
 0 0.540191
 0 0.577065
 0 0.461745
 0 0.555811
 0 0.484469
 0 0.540862
 0 0.60231
 0 0.496787
 0 0.517586
 0 0.491354
 0 0.417539
 0 0.511455
 0 0.432838
 0 0.440566
 0 0.434797
 0 0.483963
 0 0.36768
 0 0.442488
 0 0.414197
 0 0.400996
 0 0.544451
 0 0.52396
 0 0.439504
 0 0.469546
 0 0.398881
 0 0.497112
 0 0.560328
 0 0.577079
 0 0.502524
 0 0.54082
 0 0.418143
 0 0.434212
 0 0.576053
 0 0.510095
 0 0.513521
 0 0.517133
 0 0.553306
 0 0.360474
 0 0.421788
 0 0.523014
 0 0.506998
 0 0.460208
 0 0.430391
 0 0.437291
 0 0.503634
 0 0.465978
 0 0.513765
 0 0.495362
 0 0.426462
 0 0.460169
 0 0.509259
 0 0.503648
