535 1 0 0 1
 0 0.567142
 0 0.134293
 0 0.638064
 0 0.57057
 0 0.291343
 0 0.431131
 0 0.444521
 0 0.655746
 0 0.378413
 0 0.206912
 0 0.499714
 0 0.597323
 0 0.471466
 0 0.347814
 0 0.229521
 0 0.664597
 0 0.685511
 0 0.43253
 0 0.148933
 0 0.661055
 0 0.740747
 0 0.601514
 0 0.574047
 0 0.415606
 0 0.572375
 0 0.44892
 0 0.398183
 0 0.713987
 0 0.6224
 0 0.450629
 0 0.170071
 0 0.578866
 0 0.570491
 0 0.608289
 0 0.253615
 0 0.602218
 0 0.588421
 0 0.57023
 0 0.316489
 0 0.720522
 0 0.506364
 0 0.474832
 0 0.533206
 0 0.441259
 0 0.759757
 0 0.451648
 0 0.397123
 0 0.792574
 0 0.220159
 0 0.561369
 0 0.587436
 0 0.468794
 0 0.458682
 0 0.570332
 0 0.424357
 0 0.724786
 0 0.339432
 0 0.277063
 0 0.575638
 0 0.412831
 0 0.535169
 0 0.171434
 0 0.513948
 0 0.45553
 0 0.736664
 0 0.573405
 0 0.306535
 0 0.394176
 0 0.821107
 0 0.654463
 0 0.598157
 0 0.445652
 0 0.6564
 0 0.512067
 0 0.33474
 0 0.693847
 0 0.504074
 0 0.66008
 0 0.418485
 0 0.686977
 0 0.783555
 0 0.51235
 0 0.555114
 0 0.237857
 0 0.552018
 0 0.554749
 0 0.570531
 0 0.621753
 0 0.482667
 0 0.581954
 0 0.366357
 0 0.40313
 0 0.488978
 0 0.553316
 0 0.558565
 0 0.648506
 0 0.782821
 0 0.647483
 0 0.501989
 0 0.396131
 0 0.19216
 0 0.794388
 0 0.365879
 0 0.574964
 0 0.85897
 0 0.567425
 0 0.354066
 0 0.451191
 0 0.598587
 0 0.30971
 0 0.553223
 0 0.468313
 0 0.312757
 0 0.452487
 0 0.423014
 0 0.355385
 0 0.596652
 0 0.678641
 0 0.601009
 0 0.234116
 0 0.744455
 0 0.429724
 0 0.557224
 0 0.337956
 0 0.409635
 0 0.524796
 0 0.524941
 0 0.289662
 0 0.52461
 0 0.706896
 0 0.475724
 0 0.535482
 0 0.63774
 0 0.74095
 0 0.497656
 0 0.558585
 0 0.428035
 0 0.621476
 0 0.372751
 0 0.375157
 0 0.621667
 0 0.426769
 0 0.550217
 0 0.354395
 0 0.791832
 0 0.475386
 0 0.389718
 0 0.352071
 0 0.595074
 0 0.352824
 0 0.537771
 0 0.63532
 0 0.338842
 0 0.773276
 0 0.503581
 0 0.530946
 0 0.715838
 0 0.0630829
 0 0.421134
 0 0.633443
 0 0.828857
 0 0.869077
 0 0.439616
 0 0.424337
 0 0.574327
 0 0.415393
 0 0.415178
 0 0.564013
 0 0.671446
 0 0.449291
 0 0.591202
 0 0.612214
 0 0.319185
 0 0.518777
 0 0.301733
 0 0.56393
 0 0.717466
 0 0.553166
 0 0.581068
 0 0.474505
 0 0.429283
 0 0.604624
 0 0.721738
 0 0.635635
 0 0.525255
 0 0.596476
 0 0.269204
 0 0.349401
 0 0.473273
 0 0.535943
 0 0.259189
 0 0.331876
 0 0.788562
 0 0.549961
 0 0.499944
 0 0.678979
 0 0.690391
 0 0.494058
 0 0.628852
 0 0.444775
 0 0.314671
 0 0.435679
 0 0.41687
 0 0.391058
 0 0.492502
 0 0.564769
 0 0.506487
 0 0.438216
 0 0.512761
 0 0.602105
 0 0.731465
 0 0.702394
 0 0.478693
 0 0.215155
 0 0.543619
 0 0.682375
 0 0.537829
 0 0.443936
 0 0.329897
 0 0.358717
 0 0.841667
 0 0.66461
 0 0.605957
 0 0.61431
 0 0.424515
 0 0.692235
 0 0.267407
 0 0.330244
 0 0.622506
 0 0.526424
 0 0.578196
 0 0.546868
 0 0.503138
 0 0.376965
 0 0.133508
 0 0.406008
 0 0.379822
 0 0.585884
 0 0.274077
 0 0.367377
 0 0.537586
 0 0.256694
 0 0.416111
 0 0.505163
 0 0.45767
 0 0.499921
 0 0.530938
 0 0.643368
 0 0.655743
 0 0.517659
 0 0.590587
 0 0.693721
 0 0.696085
 0 0.609796
 0 0.308585
 0 0.408709
 0 0.361052
 0 0.511388
 0 0.544068
 0 0.453347
 0 0.470707
 0 0.467389
 0 0.587455
 0 0.371637
 0 0.568783
 0 0.513967
 0 0.384031
 0 0.279142
 0 0.580721
 0 0.574745
 0 0.604276
 0 0.74002
 0 0.5353
 0 0.412354
 0 0.450959
 0 0.587057
 0 0.562043
 0 0.36064
 0 0.5025
 0 0.524816
 0 0.653759
 0 0.696488
 0 0.523909
 0 0.52425
 0 0.504319
 0 0.379132
 0 0.328659
 0 0.577075
 0 0.644855
 0 0.279575
 0 0.638723
 0 0.497722
 0 0.338668
 0 0.38219
 0 0.598995
 0 0.650644
 0 0.399157
 0 0.459283
 0 0.579401
 0 0.570579
 0 0.295461
 0 0.556279
 0 0.555635
 0 0.50016
 0 0.51357
 0 0.399466
 0 0.355542
 0 0.726038
 0 0.499305
 0 0.683629
 0 0.621046
 0 0.452915
 0 0.419304
 0 0.740598
 0 0.444841
 0 0.664346
 0 0.336704
 0 0.672265
 0 0.421454
 0 0.804998
 0 0.496437
 0 0.547044
 0 0.808113
 0 0.501883
 0 0.540874
 0 0.675654
 0 0.627334
 0 0.614556
 0 0.838559
 0 0.599015
 0 0.453303
 0 0.392896
 0 0.485524
 0 0.521884
 0 0.525043
 0 0.655863
 0 0.570427
 0 0.261631
 0 0.384371
 0 0.803939
 0 0.366657
 0 0.791097
 0 0.435663
 0 0.485319
 0 0.650208
 0 0.667243
 0 0.604575
 0 0.323151
 0 0.598663
 0 0.383045
 0 0.614668
 0 0.667394
 0 0.556118
 0 0.422638
 0 0.583589
 0 0.645523
 0 0.643789
 0 0.532635
 0 0.597299
 0 0.56006
 0 0.416044
 0 0.356988
 0 0.712748
 0 0.449704
 0 0.291949
 0 0.477073
 0 0.684802
 0 0.494841
 0 0.337406
 0 0.596362
 0 0.44836
 0 0.386871
 0 0.708875
 0 0.459669
 0 0.671157
 0 0.462764
 0 0.590476
 0 0.493987
 0 0.58253
 0 0.596353
 0 0.55305
 0 0.499528
 0 0.320207
 0 0.508221
 0 0.331946
 0 0.481252
 0 0.511452
 0 0.491421
 0 0.451949
 0 0.431621
 0 0.430346
 0 0.817112
 0 0.569657
 0 0.577624
 0 0.542805
 0 0.680847
 0 0.594506
 0 0.562181
 0 0.729137
 0 0.545386
 0 0.493036
 0 0.371248
 0 0.652832
 0 0.634926
 0 0.810488
 0 0.617012
 0 0.543443
 0 0.661661
 0 0.686279
 0 0.336735
 0 0.555844
 0 0.312632
 0 0.445664
 0 0.172891
 0 0.494082
 0 0.539549
 0 0.467014
 0 0.416134
 0 0.504149
 0 0.494846
 0 0.383286
 0 0.336783
 0 0.593026
 0 0.417866
 0 0.531254
 0 0.640136
 0 0.65684
 0 0.646401
 0 0.491023
 0 0.637527
 0 0.337902
 0 0.460198
 0 0.58723
 0 0.780045
 0 0.608946
 0 0.63984
 0 0.581593
 0 0.437974
 0 0.851856
 0 0.80296
 0 0.592699
 0 0.589123
 0 0.513069
 0 0.3134
 0 0.582667
 0 0.426677
 0 0.58001
 0 0.372934
 0 0.615998
 0 0.528423
 0 0.766373
 0 0.715291
 0 0.465221
 0 0.829419
 0 0.623286
 0 0.369187
 0 0.285258
 0 0.371241
 0 0.508493
 0 0.786946
 0 0.694235
 0 0.551124
 0 0.346064
 0 0.401451
 0 0.426671
 0 0.551597
 0 0.341194
 0 0.462333
 0 0.515781
 0 0.529948
 0 0.476223
 0 0.684858
 0 0.36351
 0 0.467194
 0 0.645063
 0 0.605123
 0 0.733654
 0 0.657982
 0 0.655195
 0 0.391222
 0 0.617252
 0 0.285257
 0 0.385643
 0 0.541039
 0 0.687656
 0 0.60718
 0 0.764765
 0 0.610233
 0 0.557352
 0 0.634359
 0 0.368812
 0 0.683151
 0 0.645601
 0 0.36337
 0 0.432802
 0 0.337829
 0 0.277737
 0 0.821647
 0 0.33455
 0 0.549019
 0 0.297146
 0 0.675325
 0 0.470341
 0 0.641767
 0 0.433656
 0 0.23728
 0 0.410405
 0 0.518667
 0 0.655438
 0 0.509575
 0 0.630864
 0 0.29738
 0 0.357356
 0 0.229592
 0 0.499744
 0 0.56885
 0 0.610922
 0 0.36851
 0 0.461938
 0 0.444006
 0 0.474356
 0 0.288608
 0 0.391391
 0 0.560211
 0 0.347119
 0 0.539302
 0 0.632805
 0 0.510834
 0 0.647612
 0 0.45822
 0 0.477668
 0 0.377495
 0 0.536435
 0 0.449851
 0 0.460844
