535 1 0 0 1
 0 0.943192
 0 0.647474
 0 0.971598
 0 1.01447
 0 0.858416
 0 0.547338
 0 0.759212
 0 0.488258
 0 1.16417
 0 0.977978
 0 1.07163
 0 1.09726
 0 0.964576
 0 1.28316
 0 1.19878
 0 0.601854
 0 1.18396
 0 0.993892
 0 0.807504
 0 0.96032
 0 0.8431
 0 0.871912
 0 1.06575
 0 0.817284
 0 0.888924
 0 1.07209
 0 1.27519
 0 0.882676
 0 1.16439
 0 0.803726
 0 1.13941
 0 1.1051
 0 1.17341
 0 0.764336
 0 0.797484
 0 0.960676
 0 1.06317
 0 1.37373
 0 0.839634
 0 1.14519
 0 0.948602
 0 1.10854
 0 1.07557
 0 0.849454
 0 1.05664
 0 0.874484
 0 0.937768
 0 1.06345
 0 0.68681
 0 1.44643
 0 1.04149
 0 1.24112
 0 0.927306
 0 0.887482
 0 0.610356
 0 0.873008
 0 0.670746
 0 0.887858
 0 0.597006
 0 0.805492
 0 0.99468
 0 0.69763
 0 0.740578
 0 0.7833
 0 0.85535
 0 1.1433
 0 0.836666
 0 1.4253
 0 1.56232
 0 1.14098
 0 0.632338
 0 0.796388
 0 1.20167
 0 0.909658
 0 0.651768
 0 1.19622
 0 0.891518
 0 0.606194
 0 0.995726
 0 1.0176
 0 0.722254
 0 0.88168
 0 0.661638
 0 0.840398
 0 1.12576
 0 0.711712
 0 0.834642
 0 1.04674
 0 0.633966
 0 0.94466
 0 0.954076
 0 0.939814
 0 0.74125
 0 0.840276
 0 0.938406
 0 1.0841
 0 0.844362
 0 0.44786
 0 1.06815
 0 0.921044
 0 0.532384
 0 1.11472
 0 1.18215
 0 1.16167
 0 0.834404
 0 0.85364
 0 0.968864
 0 0.677888
 0 0.924966
 0 0.939424
 0 0.709422
 0 0.934556
 0 0.624724
 0 1.36528
 0 0.368634
 0 0.74692
 0 0.70911
 0 0.766152
 0 0.956034
 0 1.05985
 0 1.01601
 0 1.12367
 0 1.1753
 0 0.952476
 0 0.698058
 0 1.16203
 0 1.0353
 0 0.566482
 0 1.18193
 0 1.26126
 0 1.00089
 0 0.859818
 0 1.25185
 0 0.844752
 0 1.12978
 0 0.780716
 0 0.896416
 0 1.03098
 0 0.937386
 0 0.664832
 0 1.24423
 0 0.611756
 0 0.698912
 0 0.959032
 0 0.99214
 0 0.873536
 0 0.981416
 0 0.926864
 0 0.969602
 0 0.787752
 0 0.927234
 0 0.974994
 0 0.667148
 0 1.14703
 0 0.858184
 0 1.34761
 0 1.0804
 0 0.859136
 0 0.683228
 0 1.10554
 0 0.815124
 0 1.01092
 0 0.722966
 0 1.06055
 0 1.22372
 0 0.84287
 0 0.643106
 0 1.45702
 0 0.683588
 0 0.957252
 0 0.608034
 0 0.906764
 0 0.591484
 0 0.852694
 0 0.916114
 0 0.761502
 0 1.16377
 0 0.950726
 0 0.97098
 0 0.80933
 0 0.74758
 0 0.792078
 0 1.21689
 0 1.59203
 0 0.661152
 0 1.10199
 0 1.00895
 0 0.963092
 0 1.06958
 0 0.692704
 0 0.84388
 0 0.791896
 0 1.05647
 0 0.914186
 0 0.941722
 0 1.12875
 0 0.824084
 0 0.987836
 0 1.01103
 0 1.14066
 0 0.661918
 0 0.908738
 0 0.763906
 0 0.778492
 0 0.911524
 0 0.640292
 0 1.09654
 0 1.00553
 0 0.447604
 0 0.557324
 0 0.664662
 0 0.94819
 0 1.04968
 0 1.13945
 0 0.736052
 0 1.16207
 0 0.998048
 0 0.878472
 0 0.983816
 0 0.989016
 0 1.05717
 0 1.08713
 0 0.831396
 0 0.950758
 0 0.978686
 0 0.736106
 0 0.980668
 0 0.26437
 0 1.00214
 0 0.925842
 0 1.19385
 0 0.894798
 0 0.598324
 0 1.08738
 0 1.18103
 0 1.06515
 0 0.633702
 0 0.685106
 0 1.17554
 0 0.90672
 0 1.01228
 0 0.837248
 0 0.869564
 0 0.443584
 0 1.10005
 0 1.24489
 0 0.938578
 0 0.73141
 0 0.88068
 0 0.473734
 0 0.779816
 0 0.958322
 0 1.19085
 0 1.10817
 0 0.802958
 0 1.3501
 0 0.94884
 0 0.957468
 0 0.730602
 0 0.843238
 0 1.19699
 0 0.754302
 0 0.830788
 0 0.894288
 0 0.846224
 0 1.01882
 0 1.00334
 0 0.73225
 0 0.910988
 0 1.00738
 0 0.794424
 0 0.837994
 0 0.910522
 0 1.15026
 0 0.885688
 0 0.947494
 0 0.898424
 0 0.944748
 0 1.25642
 0 0.80312
 0 1.33538
 0 0.913544
 0 0.804054
 0 0.873366
 0 1.15715
 0 0.59816
 0 0.888334
 0 0.82729
 0 1.01095
 0 0.688844
 0 0.80938
 0 0.7659
 0 0.901916
 0 0.6341
 0 0.810532
 0 1.46747
 0 0.766658
 0 0.826314
 0 0.784284
 0 0.73885
 0 0.867316
 0 0.91918
 0 0.76521
 0 0.851812
 0 1.03707
 0 1.17326
 0 1.07137
 0 1.20402
 0 1.11308
 0 0.85685
 0 0.931162
 0 0.901952
 0 0.849062
 0 1.01791
 0 0.992162
 0 1.13101
 0 0.840544
 0 1.05939
 0 0.605118
 0 0.79193
 0 1.33619
 0 0.86214
 0 1.03314
 0 0.853724
 0 0.929976
 0 0.920444
 0 0.709302
 0 1.20487
 0 0.867162
 0 0.667696
 0 0.826146
 0 0.725922
 0 1.06291
 0 1.10184
 0 0.946602
 0 0.712748
 0 0.593012
 0 0.974294
 0 0.889436
 0 0.971162
 0 1.00992
 0 0.951656
 0 1.32896
 0 1.10198
 0 1.007
 0 0.673348
 0 1.19554
 0 0.89027
 0 0.881166
 0 0.695764
 0 1.09685
 0 1.17784
 0 0.970936
 0 1.00586
 0 1.21262
 0 0.914178
 0 0.579768
 0 0.955896
 0 0.631196
 0 0.66076
 0 0.942232
 0 1.20249
 0 1.0782
 0 0.93074
 0 1.0949
 0 1.14761
 0 0.729364
 0 0.872444
 0 0.874024
 0 1.12239
 0 0.704324
 0 0.919406
 0 0.733854
 0 1.01434
 0 1.1768
 0 0.857244
 0 0.75892
 0 1.01632
 0 0.689348
 0 0.924116
 0 1.01683
 0 1.03278
 0 0.631472
 0 1.25842
 0 0.926036
 0 0.595524
 0 1.30411
 0 0.63633
 0 0.999158
 0 1.04642
 0 1.04203
 0 0.916186
 0 0.788306
 0 1.42068
 0 1.2696
 0 0.784918
 0 0.918696
 0 1.21887
 0 1.14642
 0 0.955774
 0 0.672914
 0 0.752526
 0 0.816066
 0 1.09443
 0 0.95194
 0 1.02189
 0 0.956898
 0 0.981258
 0 1.06116
 0 0.700688
 0 0.796664
 0 0.61995
 0 0.888462
 0 1.25234
 0 0.897196
 0 1.09552
 0 0.99519
 0 1.16422
 0 0.96533
 0 1.64594
 0 0.83997
 0 0.923278
 0 0.895648
 0 0.847454
 0 0.740004
 0 0.60004
 0 1.04366
 0 1.12499
 0 0.779912
 0 1.15769
 0 1.10062
 0 1.15038
 0 1.56152
 0 0.802806
 0 0.879918
 0 0.905012
 0 0.9402
 0 0.796322
 0 0.856236
 0 1.13105
 0 0.993242
 0 1.14826
 0 1.32529
 0 0.755118
 0 0.80083
 0 0.993036
 0 1.02087
 0 1.24844
 0 1.08819
 0 1.14749
 0 0.819018
 0 0.990126
 0 0.753998
 0 1.08482
 0 1.20921
 0 0.908518
 0 0.773088
 0 0.999986
 0 0.754508
 0 1.18107
 0 0.972174
 0 1.13582
 0 0.9099
 0 0.719176
 0 0.893678
 0 0.82347
 0 0.795328
 0 1.12906
 0 1.31819
 0 0.919986
 0 1.20445
 0 1.0274
 0 0.834946
 0 0.579532
 0 0.846678
 0 1.13087
 0 1.05177
 0 1.22275
 0 0.847656
 0 0.611434
 0 1.21856
 0 0.716902
 0 1.11007
 0 1.0367
 0 1.15114
 0 0.55294
 0 1.15013
 0 0.95645
 0 0.944098
 0 0.957382
 0 1.2177
 0 0.906146
 0 1.08681
 0 0.897136
 0 0.882926
 0 1.22798
 0 0.925456
 0 0.78685
 0 1.2386
 0 0.757236
 0 0.603802
 0 1.02746
 0 0.764858
 0 0.899644
 0 1.18607
 0 0.924676
 0 1.09857
 0 1.06921
 0 0.836246
 0 1.00839
 0 0.969634
 0 0.959668
 0 0.957058
 0 0.345972
 0 1.04576
 0 1.20521
 0 1.10326
 0 1.1008
 0 0.800626
 0 0.941456
 0 0.832194
 0 0.779812
 0 0.78207
 0 1.18333
 0 1.07869
 0 1.1414
 0 0.975274
 0 0.86402
 0 0.858266
 0 0.750594
 0 1.13391
 0 0.824048
 0 0.97485
 0 0.549758
 0 1.20123
