535 1 0 0 1
 0 0.916496
 0 0.679764
 0 0.949706
 0 1.11048
 0 0.986586
 0 0.990404
 0 0.803752
 0 0.989152
 0 1.06663
 0 0.76298
 0 0.750496
 0 1.15955
 0 0.885902
 0 1.11496
 0 1.09094
 0 0.768524
 0 1.16762
 0 0.944258
 0 1.07274
 0 0.673758
 0 1.06952
 0 0.755796
 0 1.01683
 0 0.912608
 0 1.14225
 0 0.919186
 0 0.807164
 0 1.07484
 0 1.2053
 0 0.899656
 0 1.13642
 0 0.879888
 0 0.803246
 0 0.930064
 0 0.919406
 0 0.86099
 0 1.15756
 0 1.07598
 0 0.749624
 0 0.866296
 0 0.890722
 0 0.83476
 0 0.965962
 0 0.771316
 0 1.07195
 0 0.922506
 0 1.05405
 0 1.04169
 0 0.886626
 0 1.23854
 0 0.992236
 0 0.914592
 0 1.22641
 0 0.9201
 0 1.10058
 0 0.694318
 0 0.86651
 0 0.838402
 0 0.70767
 0 0.777978
 0 0.893868
 0 0.506276
 0 1.02239
 0 1.03167
 0 0.829698
 0 0.94672
 0 0.91153
 0 1.01481
 0 0.879898
 0 0.867988
 0 0.98198
 0 1.09289
 0 1.08595
 0 1.07585
 0 0.860024
 0 0.889916
 0 1.04262
 0 0.790556
 0 0.972974
 0 0.976206
 0 0.781734
 0 0.709378
 0 1.05189
 0 0.763912
 0 1.01808
 0 0.969032
 0 0.826868
 0 0.86581
 0 0.700342
 0 0.938236
 0 0.758392
 0 1.00664
 0 0.958722
 0 0.921124
 0 1.07381
 0 0.781366
 0 0.756582
 0 0.876602
 0 1.09184
 0 0.839174
 0 0.97533
 0 0.921122
 0 0.947156
 0 0.927574
 0 0.77035
 0 1.01666
 0 0.931998
 0 0.884954
 0 0.898416
 0 1.05885
 0 0.86675
 0 1.13452
 0 1.02474
 0 1.16176
 0 0.898474
 0 0.930352
 0 0.773094
 0 0.916098
 0 1.10838
 0 0.72697
 0 0.999606
 0 1.05406
 0 1.12117
 0 1.01515
 0 0.834536
 0 0.696348
 0 1.17427
 0 0.862408
 0 0.844012
 0 0.991002
 0 0.826874
 0 0.830162
 0 0.834422
 0 0.914988
 0 0.90001
 0 0.985472
 0 0.745716
 0 0.857626
 0 0.732214
 0 0.786148
 0 0.980836
 0 0.586774
 0 0.75152
 0 0.814686
 0 1.10698
 0 0.755916
 0 0.633456
 0 1.01818
 0 0.745634
 0 0.764354
 0 1.17068
 0 1.01697
 0 0.82899
 0 0.911948
 0 0.902444
 0 1.0744
 0 0.793086
 0 0.879404
 0 0.807672
 0 0.867318
 0 0.951296
 0 0.869664
 0 0.987468
 0 1.09625
 0 0.683554
 0 0.79471
 0 0.717234
 0 0.722178
 0 1.03512
 0 0.932638
 0 0.99549
 0 0.63313
 0 0.822996
 0 1.07376
 0 0.763722
 0 0.990966
 0 0.994502
 0 0.949654
 0 1.0063
 0 0.806104
 0 0.81006
 0 0.77149
 0 0.796478
 0 0.917682
 0 0.877634
 0 0.992918
 0 1.07484
 0 0.6911
 0 1.04354
 0 0.820832
 0 1.01869
 0 0.756844
 0 1.11183
 0 0.85685
 0 0.821218
 0 0.962762
 0 1.07221
 0 0.93302
 0 0.857078
 0 0.835792
 0 0.94001
 0 0.76951
 0 0.916972
 0 0.836852
 0 0.829108
 0 0.82573
 0 1.06693
 0 0.87604
 0 0.774362
 0 1.10154
 0 0.81521
 0 1.10603
 0 1.00619
 0 0.920068
 0 0.72917
 0 0.999728
 0 0.957566
 0 1.01184
 0 1.22163
 0 0.942342
 0 1.1402
 0 1.04089
 0 0.82001
 0 0.876276
 0 0.754188
 0 0.965426
 0 0.978558
 0 0.692208
 0 0.969986
 0 0.855286
 0 0.941634
 0 0.997962
 0 1.05263
 0 0.96051
 0 0.769592
 0 0.87586
 0 0.551436
 0 0.98644
 0 0.813764
 0 0.729714
 0 1.02297
 0 1.02578
 0 0.982016
 0 1.04203
 0 1.15061
 0 0.852074
 0 0.988738
 0 1.05721
 0 1.05849
 0 1.0094
 0 1.19216
 0 1.08862
 0 1.08699
 0 0.942096
 0 1.01548
 0 1.13311
 0 0.874652
 0 0.848098
 0 0.94862
 0 0.673834
 0 1.1501
 0 0.834258
 0 0.8338
 0 0.82518
 0 0.990138
 0 0.915772
 0 0.91395
 0 0.85189
 0 0.68625
 0 0.90156
 0 0.76012
 0 0.740978
 0 0.588292
 0 0.626274
 0 1.06964
 0 0.950502
 0 0.683914
 0 0.954074
 0 0.994496
 0 0.993658
 0 1.22907
 0 1.03014
 0 0.976578
 0 1.04207
 0 0.664916
 0 0.854382
 0 0.913632
 0 0.753946
 0 1.01512
 0 0.739594
 0 0.939574
 0 1.17403
 0 0.699564
 0 0.96308
 0 0.982506
 0 0.823392
 0 1.00593
 0 0.816994
 0 0.793482
 0 1.0752
 0 0.852982
 0 1.05749
 0 0.782922
 0 0.98699
 0 0.68291
 0 0.824028
 0 1.11222
 0 1.16974
 0 0.818786
 0 1.02176
 0 0.66768
 0 0.779974
 0 0.762304
 0 1.18225
 0 0.644324
 0 1.19311
 0 0.766974
 0 1.02793
 0 0.638176
 0 1.09283
 0 1.06657
 0 0.91543
 0 0.977546
 0 1.00926
 0 1.00689
 0 0.969776
 0 0.917066
 0 1.07617
 0 0.906186
 0 0.629072
 0 1.00256
 0 0.88756
 0 0.699598
 0 1.06007
 0 0.965306
 0 0.899072
 0 0.91244
 0 1.22645
 0 1.0171
 0 1.10898
 0 1.06384
 0 1.02043
 0 0.895224
 0 1.00155
 0 0.981468
 0 0.835798
 0 1.01026
 0 0.810592
 0 0.662952
 0 0.831076
 0 0.744792
 0 0.954772
 0 1.21219
 0 0.97078
 0 0.756324
 0 0.952888
 0 0.651256
 0 0.79586
 0 1.01566
 0 0.716658
 0 0.939576
 0 1.02045
 0 0.894728
 0 0.969638
 0 0.639388
 0 1.10096
 0 0.99912
 0 0.811438
 0 0.72975
 0 1.09978
 0 0.8825
 0 0.66949
 0 1.03836
 0 0.717658
 0 1.09419
 0 0.67844
 0 0.94781
 0 1.1406
 0 0.700764
 0 0.979092
 0 1.05494
 0 0.839464
 0 0.783394
 0 0.911016
 0 0.810036
 0 0.966208
 0 1.10626
 0 0.690064
 0 0.74403
 0 0.846964
 0 0.737388
 0 1.0124
 0 0.892292
 0 0.86871
 0 1.09977
 0 0.974456
 0 0.88291
 0 1.04365
 0 1.13181
 0 1.06274
 0 0.939758
 0 1.19278
 0 1.07799
 0 1.03654
 0 0.8604
 0 0.845048
 0 0.99518
 0 1.11157
 0 1.30112
 0 0.933006
 0 0.857014
 0 0.605712
 0 0.71814
 0 0.635216
 0 0.974104
 0 0.705866
 0 0.929396
 0 1.04107
 0 0.800962
 0 1.02057
 0 0.65179
 0 1.02862
 0 0.630402
 0 0.78325
 0 0.934232
 0 0.915862
 0 0.813
 0 0.860606
 0 0.832936
 0 0.649462
 0 0.763826
 0 0.917886
 0 0.906212
 0 1.07562
 0 1.1122
 0 0.836954
 0 0.77813
 0 0.817826
 0 0.969046
 0 0.883272
 0 0.951914
 0 0.95705
 0 0.834664
 0 0.981972
 0 0.774104
 0 0.764074
 0 0.826242
 0 0.99953
 0 0.790364
 0 1.04872
 0 1.06388
 0 0.9751
 0 0.944066
 0 1.1072
 0 0.817006
 0 1.03857
 0 0.849578
 0 0.999228
 0 0.725544
 0 0.96967
 0 0.765668
 0 0.966852
 0 0.854654
 0 0.735978
 0 0.95443
 0 0.847078
 0 1.1351
 0 0.875178
 0 1.07289
 0 0.996772
 0 1.01176
 0 1.02531
 0 0.8566
 0 0.758542
 0 0.94608
 0 1.0177
 0 0.93311
 0 0.66845
 0 0.947606
 0 0.904894
 0 0.91778
 0 0.770814
 0 1.15108
 0 0.97856
 0 1.01329
 0 0.697586
 0 1.08334
 0 0.92271
 0 0.810274
 0 0.893848
 0 0.740508
 0 0.826242
 0 0.71866
 0 0.795812
 0 0.817838
 0 0.859414
 0 0.9107
 0 0.929118
 0 1.00484
 0 0.731384
 0 0.644012
 0 0.953036
 0 1.08433
 0 1.03313
 0 0.902928
 0 1.05672
 0 1.07971
 0 0.81846
 0 1.02941
 0 0.85724
 0 0.866878
 0 0.930086
 0 1.00476
 0 0.631216
 0 0.695744
 0 1.28085
 0 1.15334
 0 1.19531
 0 1.07376
 0 0.940718
 0 0.962832
 0 1.10277
 0 0.985622
 0 1.15879
 0 0.819426
 0 1.15831
 0 0.859416
 0 1.04698
 0 0.930234
 0 0.790328
 0 0.824594
 0 0.853936
 0 0.683442
 0 0.89271
 0 0.769538
