535 1 0 0 1
 0 0.471596
 0 0.323737
 0 0.485799
 0 0.507234
 0 0.429208
 0 0.273669
 0 0.379606
 0 0.244129
 0 0.582083
 0 0.488989
 0 0.535816
 0 0.548629
 0 0.482288
 0 0.641581
 0 0.599392
 0 0.300927
 0 0.591982
 0 0.496946
 0 0.403752
 0 0.48016
 0 0.42155
 0 0.435956
 0 0.532877
 0 0.408642
 0 0.444462
 0 0.536043
 0 0.637595
 0 0.441338
 0 0.582195
 0 0.401863
 0 0.569706
 0 0.552549
 0 0.586707
 0 0.382168
 0 0.398742
 0 0.480338
 0 0.531587
 0 0.686867
 0 0.419817
 0 0.572595
 0 0.474301
 0 0.554271
 0 0.537784
 0 0.424727
 0 0.528321
 0 0.437242
 0 0.468884
 0 0.531725
 0 0.343405
 0 0.723214
 0 0.520745
 0 0.620562
 0 0.463653
 0 0.443741
 0 0.305178
 0 0.436504
 0 0.335373
 0 0.443929
 0 0.298503
 0 0.402746
 0 0.49734
 0 0.348815
 0 0.370289
 0 0.39165
 0 0.427675
 0 0.571652
 0 0.418333
 0 0.71265
 0 0.781158
 0 0.570488
 0 0.316169
 0 0.398194
 0 0.600834
 0 0.454829
 0 0.325884
 0 0.59811
 0 0.445759
 0 0.303097
 0 0.497863
 0 0.5088
 0 0.361127
 0 0.44084
 0 0.330819
 0 0.420199
 0 0.562881
 0 0.355856
 0 0.417321
 0 0.523372
 0 0.316983
 0 0.47233
 0 0.477038
 0 0.469907
 0 0.370625
 0 0.420138
 0 0.469203
 0 0.542048
 0 0.422181
 0 0.22393
 0 0.534076
 0 0.460522
 0 0.266192
 0 0.557362
 0 0.591075
 0 0.580835
 0 0.417202
 0 0.42682
 0 0.484432
 0 0.338944
 0 0.462483
 0 0.469712
 0 0.354711
 0 0.467278
 0 0.312362
 0 0.68264
 0 0.184317
 0 0.37346
 0 0.354555
 0 0.383076
 0 0.478017
 0 0.529927
 0 0.508007
 0 0.561837
 0 0.587652
 0 0.476238
 0 0.349029
 0 0.581016
 0 0.51765
 0 0.283241
 0 0.590965
 0 0.630632
 0 0.500443
 0 0.429909
 0 0.625926
 0 0.422376
 0 0.56489
 0 0.390358
 0 0.448208
 0 0.515489
 0 0.468693
 0 0.332416
 0 0.622115
 0 0.305878
 0 0.349456
 0 0.479516
 0 0.49607
 0 0.436768
 0 0.490708
 0 0.463432
 0 0.484801
 0 0.393876
 0 0.463617
 0 0.487497
 0 0.333574
 0 0.573515
 0 0.429092
 0 0.673805
 0 0.540202
 0 0.429568
 0 0.341614
 0 0.552771
 0 0.407562
 0 0.505459
 0 0.361483
 0 0.530276
 0 0.611858
 0 0.421435
 0 0.321553
 0 0.728508
 0 0.341794
 0 0.478626
 0 0.304017
 0 0.453382
 0 0.295742
 0 0.426347
 0 0.458057
 0 0.380751
 0 0.581885
 0 0.475363
 0 0.48549
 0 0.404665
 0 0.37379
 0 0.396039
 0 0.608443
 0 0.796017
 0 0.330576
 0 0.550994
 0 0.504476
 0 0.481546
 0 0.534789
 0 0.346352
 0 0.42194
 0 0.395948
 0 0.528234
 0 0.457093
 0 0.470861
 0 0.564377
 0 0.412042
 0 0.493918
 0 0.505513
 0 0.570331
 0 0.330959
 0 0.454369
 0 0.381953
 0 0.389246
 0 0.455762
 0 0.320146
 0 0.548272
 0 0.502765
 0 0.223802
 0 0.278662
 0 0.332331
 0 0.474095
 0 0.524841
 0 0.569725
 0 0.368026
 0 0.581035
 0 0.499024
 0 0.439236
 0 0.491908
 0 0.494508
 0 0.528585
 0 0.543563
 0 0.415698
 0 0.475379
 0 0.489343
 0 0.368053
 0 0.490334
 0 0.132185
 0 0.501068
 0 0.462921
 0 0.596927
 0 0.447399
 0 0.299162
 0 0.543692
 0 0.590517
 0 0.532574
 0 0.316851
 0 0.342553
 0 0.587768
 0 0.45336
 0 0.506139
 0 0.418624
 0 0.434782
 0 0.221792
 0 0.550026
 0 0.622446
 0 0.469289
 0 0.365705
 0 0.44034
 0 0.236867
 0 0.389908
 0 0.479161
 0 0.595426
 0 0.554087
 0 0.401479
 0 0.675048
 0 0.47442
 0 0.478734
 0 0.365301
 0 0.421619
 0 0.598497
 0 0.377151
 0 0.415394
 0 0.447144
 0 0.423112
 0 0.50941
 0 0.501668
 0 0.366125
 0 0.455494
 0 0.503689
 0 0.397212
 0 0.418997
 0 0.455261
 0 0.575132
 0 0.442844
 0 0.473747
 0 0.449212
 0 0.472374
 0 0.628209
 0 0.40156
 0 0.667688
 0 0.456772
 0 0.402027
 0 0.436683
 0 0.578577
 0 0.29908
 0 0.444167
 0 0.413645
 0 0.505474
 0 0.344422
 0 0.40469
 0 0.38295
 0 0.450958
 0 0.31705
 0 0.405266
 0 0.733736
 0 0.383329
 0 0.413157
 0 0.392142
 0 0.369425
 0 0.433658
 0 0.45959
 0 0.382605
 0 0.425906
 0 0.518534
 0 0.586628
 0 0.535685
 0 0.602012
 0 0.55654
 0 0.428425
 0 0.465581
 0 0.450976
 0 0.424531
 0 0.508956
 0 0.496081
 0 0.565505
 0 0.420272
 0 0.529697
 0 0.302559
 0 0.395965
 0 0.668095
 0 0.43107
 0 0.516568
 0 0.426862
 0 0.464988
 0 0.460222
 0 0.354651
 0 0.602433
 0 0.433581
 0 0.333848
 0 0.413073
 0 0.362961
 0 0.531456
 0 0.550918
 0 0.473301
 0 0.356374
 0 0.296506
 0 0.487147
 0 0.444718
 0 0.485581
 0 0.504962
 0 0.475828
 0 0.66448
 0 0.550991
 0 0.503501
 0 0.336674
 0 0.597769
 0 0.445135
 0 0.440583
 0 0.347882
 0 0.548423
 0 0.58892
 0 0.485468
 0 0.502929
 0 0.606311
 0 0.457089
 0 0.289884
 0 0.477948
 0 0.315598
 0 0.33038
 0 0.471116
 0 0.601247
 0 0.539102
 0 0.46537
 0 0.547451
 0 0.573803
 0 0.364682
 0 0.436222
 0 0.437012
 0 0.561196
 0 0.352162
 0 0.459703
 0 0.366927
 0 0.50717
 0 0.588398
 0 0.428622
 0 0.37946
 0 0.508159
 0 0.344674
 0 0.462058
 0 0.508416
 0 0.516388
 0 0.315736
 0 0.62921
 0 0.463018
 0 0.297762
 0 0.652056
 0 0.318165
 0 0.499579
 0 0.523208
 0 0.521015
 0 0.458093
 0 0.394153
 0 0.710342
 0 0.634798
 0 0.392459
 0 0.459348
 0 0.609433
 0 0.57321
 0 0.477887
 0 0.336457
 0 0.376263
 0 0.408033
 0 0.547216
 0 0.47597
 0 0.510943
 0 0.478449
 0 0.490629
 0 0.53058
 0 0.350344
 0 0.398332
 0 0.309975
 0 0.444231
 0 0.626171
 0 0.448598
 0 0.547762
 0 0.497595
 0 0.582108
 0 0.482665
 0 0.822971
 0 0.419985
 0 0.461639
 0 0.447824
 0 0.423727
 0 0.370002
 0 0.30002
 0 0.521828
 0 0.562495
 0 0.389956
 0 0.578846
 0 0.550309
 0 0.575189
 0 0.780759
 0 0.401403
 0 0.439959
 0 0.452506
 0 0.4701
 0 0.398161
 0 0.428118
 0 0.565526
 0 0.496621
 0 0.574132
 0 0.662643
 0 0.377559
 0 0.400415
 0 0.496518
 0 0.510433
 0 0.624219
 0 0.544093
 0 0.573744
 0 0.409509
 0 0.495063
 0 0.376999
 0 0.542408
 0 0.604607
 0 0.454259
 0 0.386544
 0 0.499993
 0 0.377254
 0 0.590534
 0 0.486087
 0 0.567909
 0 0.45495
 0 0.359588
 0 0.446839
 0 0.411735
 0 0.397664
 0 0.56453
 0 0.659096
 0 0.459993
 0 0.602225
 0 0.5137
 0 0.417473
 0 0.289766
 0 0.423339
 0 0.565436
 0 0.525885
 0 0.611375
 0 0.423828
 0 0.305717
 0 0.60928
 0 0.358451
 0 0.555035
 0 0.518349
 0 0.575572
 0 0.27647
 0 0.575065
 0 0.478225
 0 0.472049
 0 0.478691
 0 0.608848
 0 0.453073
 0 0.543406
 0 0.448568
 0 0.441463
 0 0.61399
 0 0.462728
 0 0.393425
 0 0.6193
 0 0.378618
 0 0.301901
 0 0.513731
 0 0.382429
 0 0.449822
 0 0.593036
 0 0.462338
 0 0.549283
 0 0.534604
 0 0.418123
 0 0.504196
 0 0.484817
 0 0.479834
 0 0.478529
 0 0.172986
 0 0.522882
 0 0.602606
 0 0.551631
 0 0.550398
 0 0.400313
 0 0.470728
 0 0.416097
 0 0.389906
 0 0.391035
 0 0.591664
 0 0.539346
 0 0.570699
 0 0.487637
 0 0.43201
 0 0.429133
 0 0.375297
 0 0.566953
 0 0.412024
 0 0.487425
 0 0.274879
 0 0.600613
