535 1 0 0 1
 0 1.13428
 0 0.268586
 0 1.27613
 0 1.14114
 0 0.582686
 0 0.862262
 0 0.889042
 0 1.31149
 0 0.756826
 0 0.413824
 0 0.999428
 0 1.19465
 0 0.942932
 0 0.695628
 0 0.459042
 0 1.32919
 0 1.37102
 0 0.86506
 0 0.297866
 0 1.32211
 0 1.48149
 0 1.20303
 0 1.14809
 0 0.831212
 0 1.14475
 0 0.89784
 0 0.796366
 0 1.42797
 0 1.2448
 0 0.901258
 0 0.340142
 0 1.15773
 0 1.14098
 0 1.21658
 0 0.50723
 0 1.20444
 0 1.17684
 0 1.14046
 0 0.632978
 0 1.44104
 0 1.01273
 0 0.949664
 0 1.06641
 0 0.882518
 0 1.51951
 0 0.903296
 0 0.794246
 0 1.58515
 0 0.440318
 0 1.12274
 0 1.17487
 0 0.937588
 0 0.917364
 0 1.14066
 0 0.848714
 0 1.44957
 0 0.678864
 0 0.554126
 0 1.15128
 0 0.825662
 0 1.07034
 0 0.342868
 0 1.0279
 0 0.91106
 0 1.47333
 0 1.14681
 0 0.61307
 0 0.788352
 0 1.64221
 0 1.30893
 0 1.19631
 0 0.891304
 0 1.3128
 0 1.02413
 0 0.66948
 0 1.38769
 0 1.00815
 0 1.32016
 0 0.83697
 0 1.37395
 0 1.56711
 0 1.0247
 0 1.11023
 0 0.475714
 0 1.10404
 0 1.1095
 0 1.14106
 0 1.24351
 0 0.965334
 0 1.16391
 0 0.732714
 0 0.80626
 0 0.977956
 0 1.10663
 0 1.11713
 0 1.29701
 0 1.56564
 0 1.29497
 0 1.00398
 0 0.792262
 0 0.38432
 0 1.58878
 0 0.731758
 0 1.14993
 0 1.71794
 0 1.13485
 0 0.708132
 0 0.902382
 0 1.19717
 0 0.61942
 0 1.10645
 0 0.936626
 0 0.625514
 0 0.904974
 0 0.846028
 0 0.71077
 0 1.1933
 0 1.35728
 0 1.20202
 0 0.468232
 0 1.48891
 0 0.859448
 0 1.11445
 0 0.675912
 0 0.81927
 0 1.04959
 0 1.04988
 0 0.579324
 0 1.04922
 0 1.41379
 0 0.951448
 0 1.07096
 0 1.27548
 0 1.4819
 0 0.995312
 0 1.11717
 0 0.85607
 0 1.24295
 0 0.745502
 0 0.750314
 0 1.24333
 0 0.853538
 0 1.10043
 0 0.70879
 0 1.58366
 0 0.950772
 0 0.779436
 0 0.704142
 0 1.19015
 0 0.705648
 0 1.07554
 0 1.27064
 0 0.677684
 0 1.54655
 0 1.00716
 0 1.06189
 0 1.43168
 0 0.126166
 0 0.842268
 0 1.26689
 0 1.65771
 0 1.73815
 0 0.879232
 0 0.848674
 0 1.14865
 0 0.830786
 0 0.830356
 0 1.12803
 0 1.34289
 0 0.898582
 0 1.1824
 0 1.22443
 0 0.63837
 0 1.03755
 0 0.603466
 0 1.12786
 0 1.43493
 0 1.10633
 0 1.16214
 0 0.94901
 0 0.858566
 0 1.20925
 0 1.44348
 0 1.27127
 0 1.05051
 0 1.19295
 0 0.538408
 0 0.698802
 0 0.946546
 0 1.07189
 0 0.518378
 0 0.663752
 0 1.57712
 0 1.09992
 0 0.999888
 0 1.35796
 0 1.38078
 0 0.988116
 0 1.2577
 0 0.88955
 0 0.629342
 0 0.871358
 0 0.83374
 0 0.782116
 0 0.985004
 0 1.12954
 0 1.01297
 0 0.876432
 0 1.02552
 0 1.20421
 0 1.46293
 0 1.40479
 0 0.957386
 0 0.43031
 0 1.08724
 0 1.36475
 0 1.07566
 0 0.887872
 0 0.659794
 0 0.717434
 0 1.68333
 0 1.32922
 0 1.21191
 0 1.22862
 0 0.84903
 0 1.38447
 0 0.534814
 0 0.660488
 0 1.24501
 0 1.05285
 0 1.15639
 0 1.09374
 0 1.00628
 0 0.75393
 0 0.267016
 0 0.812016
 0 0.759644
 0 1.17177
 0 0.548154
 0 0.734754
 0 1.07517
 0 0.513388
 0 0.832222
 0 1.01033
 0 0.91534
 0 0.999842
 0 1.06188
 0 1.28674
 0 1.31149
 0 1.03532
 0 1.18117
 0 1.38744
 0 1.39217
 0 1.21959
 0 0.61717
 0 0.817418
 0 0.722104
 0 1.02278
 0 1.08814
 0 0.906694
 0 0.941414
 0 0.934778
 0 1.17491
 0 0.743274
 0 1.13757
 0 1.02793
 0 0.768062
 0 0.558284
 0 1.16144
 0 1.14949
 0 1.20855
 0 1.48004
 0 1.0706
 0 0.824708
 0 0.901918
 0 1.17411
 0 1.12409
 0 0.72128
 0 1.005
 0 1.04963
 0 1.30752
 0 1.39298
 0 1.04782
 0 1.0485
 0 1.00864
 0 0.758264
 0 0.657318
 0 1.15415
 0 1.28971
 0 0.55915
 0 1.27745
 0 0.995444
 0 0.677336
 0 0.76438
 0 1.19799
 0 1.30129
 0 0.798314
 0 0.918566
 0 1.1588
 0 1.14116
 0 0.590922
 0 1.11256
 0 1.11127
 0 1.00032
 0 1.02714
 0 0.798932
 0 0.711084
 0 1.45208
 0 0.99861
 0 1.36726
 0 1.24209
 0 0.90583
 0 0.838608
 0 1.4812
 0 0.889682
 0 1.32869
 0 0.673408
 0 1.34453
 0 0.842908
 0 1.61
 0 0.992874
 0 1.09409
 0 1.61623
 0 1.00377
 0 1.08175
 0 1.35131
 0 1.25467
 0 1.22911
 0 1.67712
 0 1.19803
 0 0.906606
 0 0.785792
 0 0.971048
 0 1.04377
 0 1.05009
 0 1.31173
 0 1.14085
 0 0.523262
 0 0.768742
 0 1.60788
 0 0.733314
 0 1.58219
 0 0.871326
 0 0.970638
 0 1.30042
 0 1.33449
 0 1.20915
 0 0.646302
 0 1.19733
 0 0.76609
 0 1.22934
 0 1.33479
 0 1.11224
 0 0.845276
 0 1.16718
 0 1.29105
 0 1.28758
 0 1.06527
 0 1.1946
 0 1.12012
 0 0.832088
 0 0.713976
 0 1.4255
 0 0.899408
 0 0.583898
 0 0.954146
 0 1.3696
 0 0.989682
 0 0.674812
 0 1.19272
 0 0.89672
 0 0.773742
 0 1.41775
 0 0.919338
 0 1.34231
 0 0.925528
 0 1.18095
 0 0.987974
 0 1.16506
 0 1.19271
 0 1.1061
 0 0.999056
 0 0.640414
 0 1.01644
 0 0.663892
 0 0.962504
 0 1.0229
 0 0.982842
 0 0.903898
 0 0.863242
 0 0.860692
 0 1.63422
 0 1.13931
 0 1.15525
 0 1.08561
 0 1.36169
 0 1.18901
 0 1.12436
 0 1.45827
 0 1.09077
 0 0.986072
 0 0.742496
 0 1.30566
 0 1.26985
 0 1.62098
 0 1.23402
 0 1.08689
 0 1.32332
 0 1.37256
 0 0.67347
 0 1.11169
 0 0.625264
 0 0.891328
 0 0.345782
 0 0.988164
 0 1.0791
 0 0.934028
 0 0.832268
 0 1.0083
 0 0.989692
 0 0.766572
 0 0.673566
 0 1.18605
 0 0.835732
 0 1.06251
 0 1.28027
 0 1.31368
 0 1.2928
 0 0.982046
 0 1.27505
 0 0.675804
 0 0.920396
 0 1.17446
 0 1.56009
 0 1.21789
 0 1.27968
 0 1.16319
 0 0.875948
 0 1.70371
 0 1.60592
 0 1.1854
 0 1.17825
 0 1.02614
 0 0.6268
 0 1.16533
 0 0.853354
 0 1.16002
 0 0.745868
 0 1.232
 0 1.05685
 0 1.53275
 0 1.43058
 0 0.930442
 0 1.65884
 0 1.24657
 0 0.738374
 0 0.570516
 0 0.742482
 0 1.01699
 0 1.57389
 0 1.38847
 0 1.10225
 0 0.692128
 0 0.802902
 0 0.853342
 0 1.10319
 0 0.682388
 0 0.924666
 0 1.03156
 0 1.0599
 0 0.952446
 0 1.36972
 0 0.72702
 0 0.934388
 0 1.29013
 0 1.21025
 0 1.46731
 0 1.31596
 0 1.31039
 0 0.782444
 0 1.2345
 0 0.570514
 0 0.771286
 0 1.08208
 0 1.37531
 0 1.21436
 0 1.52953
 0 1.22047
 0 1.1147
 0 1.26872
 0 0.737624
 0 1.3663
 0 1.2912
 0 0.72674
 0 0.865604
 0 0.675658
 0 0.555474
 0 1.64329
 0 0.6691
 0 1.09804
 0 0.594292
 0 1.35065
 0 0.940682
 0 1.28353
 0 0.867312
 0 0.47456
 0 0.82081
 0 1.03733
 0 1.31088
 0 1.01915
 0 1.26173
 0 0.59476
 0 0.714712
 0 0.459184
 0 0.999488
 0 1.1377
 0 1.22184
 0 0.73702
 0 0.923876
 0 0.888012
 0 0.948712
 0 0.577216
 0 0.782782
 0 1.12042
 0 0.694238
 0 1.0786
 0 1.26561
 0 1.02167
 0 1.29522
 0 0.91644
 0 0.955336
 0 0.75499
 0 1.07287
 0 0.899702
 0 0.921688
