535 1 0 0 1
 0 0.458248
 0 0.339882
 0 0.474853
 0 0.555238
 0 0.493293
 0 0.495202
 0 0.401876
 0 0.494576
 0 0.533314
 0 0.38149
 0 0.375248
 0 0.579776
 0 0.442951
 0 0.557478
 0 0.545472
 0 0.384262
 0 0.583812
 0 0.472129
 0 0.536369
 0 0.336879
 0 0.534762
 0 0.377898
 0 0.508414
 0 0.456304
 0 0.571123
 0 0.459593
 0 0.403582
 0 0.537419
 0 0.602648
 0 0.449828
 0 0.568212
 0 0.439944
 0 0.401623
 0 0.465032
 0 0.459703
 0 0.430495
 0 0.57878
 0 0.537992
 0 0.374812
 0 0.433148
 0 0.445361
 0 0.41738
 0 0.482981
 0 0.385658
 0 0.535976
 0 0.461253
 0 0.527026
 0 0.520843
 0 0.443313
 0 0.619272
 0 0.496118
 0 0.457296
 0 0.613204
 0 0.46005
 0 0.550291
 0 0.347159
 0 0.433255
 0 0.419201
 0 0.353835
 0 0.388989
 0 0.446934
 0 0.253138
 0 0.511193
 0 0.515833
 0 0.414849
 0 0.47336
 0 0.455765
 0 0.507405
 0 0.439949
 0 0.433994
 0 0.49099
 0 0.546446
 0 0.542976
 0 0.537923
 0 0.430012
 0 0.444958
 0 0.52131
 0 0.395278
 0 0.486487
 0 0.488103
 0 0.390867
 0 0.354689
 0 0.525946
 0 0.381956
 0 0.509042
 0 0.484516
 0 0.413434
 0 0.432905
 0 0.350171
 0 0.469118
 0 0.379196
 0 0.503318
 0 0.479361
 0 0.460562
 0 0.536906
 0 0.390683
 0 0.378291
 0 0.438301
 0 0.54592
 0 0.419587
 0 0.487665
 0 0.460561
 0 0.473578
 0 0.463787
 0 0.385175
 0 0.50833
 0 0.465999
 0 0.442477
 0 0.449208
 0 0.529426
 0 0.433375
 0 0.567258
 0 0.512372
 0 0.580882
 0 0.449237
 0 0.465176
 0 0.386547
 0 0.458049
 0 0.554189
 0 0.363485
 0 0.499803
 0 0.527031
 0 0.560585
 0 0.507573
 0 0.417268
 0 0.348174
 0 0.587137
 0 0.431204
 0 0.422006
 0 0.495501
 0 0.413437
 0 0.415081
 0 0.417211
 0 0.457494
 0 0.450005
 0 0.492736
 0 0.372858
 0 0.428813
 0 0.366107
 0 0.393074
 0 0.490418
 0 0.293387
 0 0.37576
 0 0.407343
 0 0.553492
 0 0.377958
 0 0.316728
 0 0.509089
 0 0.372817
 0 0.382177
 0 0.58534
 0 0.508487
 0 0.414495
 0 0.455974
 0 0.451222
 0 0.537202
 0 0.396543
 0 0.439702
 0 0.403836
 0 0.433659
 0 0.475648
 0 0.434832
 0 0.493734
 0 0.548126
 0 0.341777
 0 0.397355
 0 0.358617
 0 0.361089
 0 0.51756
 0 0.466319
 0 0.497745
 0 0.316565
 0 0.411498
 0 0.536878
 0 0.381861
 0 0.495483
 0 0.497251
 0 0.474827
 0 0.503151
 0 0.403052
 0 0.40503
 0 0.385745
 0 0.398239
 0 0.458841
 0 0.438817
 0 0.496459
 0 0.537421
 0 0.34555
 0 0.521768
 0 0.410416
 0 0.509344
 0 0.378422
 0 0.555914
 0 0.428425
 0 0.410609
 0 0.481381
 0 0.536107
 0 0.46651
 0 0.428539
 0 0.417896
 0 0.470005
 0 0.384755
 0 0.458486
 0 0.418426
 0 0.414554
 0 0.412865
 0 0.533464
 0 0.43802
 0 0.387181
 0 0.550771
 0 0.407605
 0 0.553016
 0 0.503094
 0 0.460034
 0 0.364585
 0 0.499864
 0 0.478783
 0 0.505922
 0 0.610816
 0 0.471171
 0 0.5701
 0 0.520443
 0 0.410005
 0 0.438138
 0 0.377094
 0 0.482713
 0 0.489279
 0 0.346104
 0 0.484993
 0 0.427643
 0 0.470817
 0 0.498981
 0 0.526314
 0 0.480255
 0 0.384796
 0 0.43793
 0 0.275718
 0 0.49322
 0 0.406882
 0 0.364857
 0 0.511485
 0 0.512888
 0 0.491008
 0 0.521016
 0 0.575305
 0 0.426037
 0 0.494369
 0 0.528605
 0 0.529243
 0 0.504699
 0 0.596079
 0 0.544309
 0 0.543494
 0 0.471048
 0 0.50774
 0 0.566557
 0 0.437326
 0 0.424049
 0 0.47431
 0 0.336917
 0 0.57505
 0 0.417129
 0 0.4169
 0 0.41259
 0 0.495069
 0 0.457886
 0 0.456975
 0 0.425945
 0 0.343125
 0 0.45078
 0 0.38006
 0 0.370489
 0 0.294146
 0 0.313137
 0 0.534822
 0 0.475251
 0 0.341957
 0 0.477037
 0 0.497248
 0 0.496829
 0 0.614533
 0 0.515068
 0 0.488289
 0 0.521034
 0 0.332458
 0 0.427191
 0 0.456816
 0 0.376973
 0 0.507562
 0 0.369797
 0 0.469787
 0 0.587013
 0 0.349782
 0 0.48154
 0 0.491253
 0 0.411696
 0 0.502964
 0 0.408497
 0 0.396741
 0 0.537602
 0 0.426491
 0 0.528747
 0 0.391461
 0 0.493495
 0 0.341455
 0 0.412014
 0 0.556108
 0 0.584869
 0 0.409393
 0 0.510878
 0 0.33384
 0 0.389987
 0 0.381152
 0 0.591124
 0 0.322162
 0 0.596557
 0 0.383487
 0 0.513967
 0 0.319088
 0 0.546417
 0 0.533286
 0 0.457715
 0 0.488773
 0 0.504632
 0 0.503445
 0 0.484888
 0 0.458533
 0 0.538084
 0 0.453093
 0 0.314536
 0 0.501281
 0 0.44378
 0 0.349799
 0 0.530037
 0 0.482653
 0 0.449536
 0 0.45622
 0 0.613227
 0 0.508549
 0 0.554492
 0 0.531922
 0 0.510215
 0 0.447612
 0 0.500776
 0 0.490734
 0 0.417899
 0 0.505131
 0 0.405296
 0 0.331476
 0 0.415538
 0 0.372396
 0 0.477386
 0 0.606095
 0 0.48539
 0 0.378162
 0 0.476444
 0 0.325628
 0 0.39793
 0 0.507829
 0 0.358329
 0 0.469788
 0 0.510227
 0 0.447364
 0 0.484819
 0 0.319694
 0 0.550479
 0 0.49956
 0 0.405719
 0 0.364875
 0 0.549889
 0 0.44125
 0 0.334745
 0 0.519181
 0 0.358829
 0 0.547095
 0 0.33922
 0 0.473905
 0 0.5703
 0 0.350382
 0 0.489546
 0 0.52747
 0 0.419732
 0 0.391697
 0 0.455508
 0 0.405018
 0 0.483104
 0 0.553131
 0 0.345032
 0 0.372015
 0 0.423482
 0 0.368694
 0 0.506201
 0 0.446146
 0 0.434355
 0 0.549886
 0 0.487228
 0 0.441455
 0 0.521823
 0 0.565906
 0 0.531369
 0 0.469879
 0 0.596388
 0 0.538995
 0 0.518272
 0 0.4302
 0 0.422524
 0 0.49759
 0 0.555785
 0 0.650562
 0 0.466503
 0 0.428507
 0 0.302856
 0 0.35907
 0 0.317608
 0 0.487052
 0 0.352933
 0 0.464698
 0 0.520536
 0 0.400481
 0 0.510284
 0 0.325895
 0 0.514309
 0 0.315201
 0 0.391625
 0 0.467116
 0 0.457931
 0 0.4065
 0 0.430303
 0 0.416468
 0 0.324731
 0 0.381913
 0 0.458943
 0 0.453106
 0 0.537809
 0 0.556102
 0 0.418477
 0 0.389065
 0 0.408913
 0 0.484523
 0 0.441636
 0 0.475957
 0 0.478525
 0 0.417332
 0 0.490986
 0 0.387052
 0 0.382037
 0 0.413121
 0 0.499765
 0 0.395182
 0 0.52436
 0 0.53194
 0 0.48755
 0 0.472033
 0 0.553602
 0 0.408503
 0 0.519286
 0 0.424789
 0 0.499614
 0 0.362772
 0 0.484835
 0 0.382834
 0 0.483426
 0 0.427327
 0 0.367989
 0 0.477215
 0 0.423539
 0 0.56755
 0 0.437589
 0 0.536445
 0 0.498386
 0 0.50588
 0 0.512657
 0 0.4283
 0 0.379271
 0 0.47304
 0 0.508851
 0 0.466555
 0 0.334225
 0 0.473803
 0 0.452447
 0 0.45889
 0 0.385407
 0 0.57554
 0 0.48928
 0 0.506647
 0 0.348793
 0 0.541671
 0 0.461355
 0 0.405137
 0 0.446924
 0 0.370254
 0 0.413121
 0 0.35933
 0 0.397906
 0 0.408919
 0 0.429707
 0 0.45535
 0 0.464559
 0 0.502418
 0 0.365692
 0 0.322006
 0 0.476518
 0 0.542163
 0 0.516567
 0 0.451464
 0 0.528362
 0 0.539854
 0 0.40923
 0 0.514707
 0 0.42862
 0 0.433439
 0 0.465043
 0 0.502381
 0 0.315608
 0 0.347872
 0 0.640423
 0 0.576671
 0 0.597655
 0 0.536879
 0 0.470359
 0 0.481416
 0 0.551384
 0 0.492811
 0 0.579393
 0 0.409713
 0 0.579156
 0 0.429708
 0 0.52349
 0 0.465117
 0 0.395164
 0 0.412297
 0 0.426968
 0 0.341721
 0 0.446355
 0 0.384769
