535 1 0 0 1
 0 0.78918
 0 0.71841
 0 0.917728
 0 1.02239
 0 0.737048
 0 1.15289
 0 0.981986
 0 0.99929
 0 0.869784
 0 0.89354
 0 0.817864
 0 0.954602
 0 0.904022
 0 0.854826
 0 1.09538
 0 0.688502
 0 1.11461
 0 0.923326
 0 0.95111
 0 0.932082
 0 1.01365
 0 0.933212
 0 0.972882
 0 1.02476
 0 0.950674
 0 0.765888
 0 0.8857
 0 1.24767
 0 1.0714
 0 1.00022
 0 1.06783
 0 0.838068
 0 1.00661
 0 0.863826
 0 1.05521
 0 1.13139
 0 1.12638
 0 1.11662
 0 0.68776
 0 0.936262
 0 1.05391
 0 0.81484
 0 0.890154
 0 0.907442
 0 1.07988
 0 1.15057
 0 0.923722
 0 1.19289
 0 0.922924
 0 1.09473
 0 1.00337
 0 1.22944
 0 1.11829
 0 1.02653
 0 0.935386
 0 1.02817
 0 0.762118
 0 0.791784
 0 0.86224
 0 0.987386
 0 0.959858
 0 0.920244
 0 1.03556
 0 1.03225
 0 0.881806
 0 1.02446
 0 0.70385
 0 1.01076
 0 1.09999
 0 0.997434
 0 0.860616
 0 1.08871
 0 0.977126
 0 1.04265
 0 0.762494
 0 0.947552
 0 1.10945
 0 1.14946
 0 1.07535
 0 1.17083
 0 1.04158
 0 1.10596
 0 1.00679
 0 0.858204
 0 1.06076
 0 0.948928
 0 0.846858
 0 0.82449
 0 0.998564
 0 0.921776
 0 0.884976
 0 1.04244
 0 0.980634
 0 0.93412
 0 1.21141
 0 0.990778
 0 1.03199
 0 1.0415
 0 0.89528
 0 0.781864
 0 0.968612
 0 0.965984
 0 0.972954
 0 1.09553
 0 1.03153
 0 1.16832
 0 0.6776
 0 0.964244
 0 1.01521
 0 1.04301
 0 0.960848
 0 1.1578
 0 1.02334
 0 1.15539
 0 0.856066
 0 0.824384
 0 0.801628
 0 1.05944
 0 0.838832
 0 0.858556
 0 1.13302
 0 0.990702
 0 0.985508
 0 0.881796
 0 0.790726
 0 0.93552
 0 0.973462
 0 1.02408
 0 1.01691
 0 0.86318
 0 0.940432
 0 1.19344
 0 0.977774
 0 1.01278
 0 0.817208
 0 0.869296
 0 1.1129
 0 0.803084
 0 0.840786
 0 0.912126
 0 1.23568
 0 0.801688
 0 0.973668
 0 0.852466
 0 1.18939
 0 0.779576
 0 0.882662
 0 0.948758
 0 0.930646
 0 0.949164
 0 1.19304
 0 1.06096
 0 1.03178
 0 1.02319
 0 1.02712
 0 1.30908
 0 0.995608
 0 0.906218
 0 0.6489
 0 1.06101
 0 1.03006
 0 1.00332
 0 0.947592
 0 1.02319
 0 1.06464
 0 0.85451
 0 0.986874
 0 1.08154
 0 1.10222
 0 0.980618
 0 1.05917
 0 0.813104
 0 1.03715
 0 1.11014
 0 0.882746
 0 0.921806
 0 1.07595
 0 0.913788
 0 1.00356
 0 0.863696
 0 0.830044
 0 1.04482
 0 0.872666
 0 1.05121
 0 0.94482
 0 0.915324
 0 0.82766
 0 1.12678
 0 1.04991
 0 0.827852
 0 0.753138
 0 0.964946
 0 0.904734
 0 0.911338
 0 0.99245
 0 1.09882
 0 1.09588
 0 0.879136
 0 1.05636
 0 0.85217
 0 0.713626
 0 1.01247
 0 0.981078
 0 0.999964
 0 1.06211
 0 0.83026
 0 1.04027
 0 0.873886
 0 0.904678
 0 1.14707
 0 0.822848
 0 1.1681
 0 1.06858
 0 0.904838
 0 0.90448
 0 1.04577
 0 1.21692
 0 0.754396
 0 1.03166
 0 1.20644
 0 1.14956
 0 0.955488
 0 0.792614
 0 1.06457
 0 0.835722
 0 0.8038
 0 0.933578
 0 0.991118
 0 0.939152
 0 0.983534
 0 1.10358
 0 1.17646
 0 1.03041
 0 0.886986
 0 0.699576
 0 0.874366
 0 1.06647
 0 1.12499
 0 0.920116
 0 0.9695
 0 0.991838
 0 0.893146
 0 1.10193
 0 1.0908
 0 0.933318
 0 0.88887
 0 0.90868
 0 0.805678
 0 1.14209
 0 0.88905
 0 0.972084
 0 1.03372
 0 1.08513
 0 0.99791
 0 1.10608
 0 1.16238
 0 1.10416
 0 0.94138
 0 1.0348
 0 0.682726
 0 1.10739
 0 1.04691
 0 1.23275
 0 1.02116
 0 0.898266
 0 0.948804
 0 0.995412
 0 0.823254
 0 0.980586
 0 1.00174
 0 0.69737
 0 1.00618
 0 0.974124
 0 0.97429
 0 1.01813
 0 0.963176
 0 1.0336
 0 0.893926
 0 1.02923
 0 0.996614
 0 1.0252
 0 1.20266
 0 1.19462
 0 1.04714
 0 0.955952
 0 0.819262
 0 1.05778
 0 0.908206
 0 1.16272
 0 1.08337
 0 0.850996
 0 0.901444
 0 0.820864
 0 1.06667
 0 0.869694
 0 1.0015
 0 0.89229
 0 0.947218
 0 0.878384
 0 0.911538
 0 0.904492
 0 0.980274
 0 1.12138
 0 0.892298
 0 1.05941
 0 1.05591
 0 0.950158
 0 1.08551
 0 1.00131
 0 1.05585
 0 0.906758
 0 0.9539
 0 0.897526
 0 1.0316
 0 0.976854
 0 0.933526
 0 1.13176
 0 1.01055
 0 1.07804
 0 1.1475
 0 0.8558
 0 0.87234
 0 0.887016
 0 1.01109
 0 0.997234
 0 1.15152
 0 1.04904
 0 1.23216
 0 1.10652
 0 0.97026
 0 1.00423
 0 1.02456
 0 0.7885
 0 0.949624
 0 0.909786
 0 0.85982
 0 0.818512
 0 0.983722
 0 0.931362
 0 0.969776
 0 0.9613
 0 0.911402
 0 1.21865
 0 1.02019
 0 0.95466
 0 0.75864
 0 1.04819
 0 0.919096
 0 0.788266
 0 0.842164
 0 0.876668
 0 0.99813
 0 1.1376
 0 0.86798
 0 0.844384
 0 1.12569
 0 0.881498
 0 1.07497
 0 1.04566
 0 0.913462
 0 0.954682
 0 1.0956
 0 1.03539
 0 1.04537
 0 0.824258
 0 0.98004
 0 1.03844
 0 0.766178
 0 0.839252
 0 1.09966
 0 1.02823
 0 1.02119
 0 1.10473
 0 0.914398
 0 1.14755
 0 0.860546
 0 1.01282
 0 1.03789
 0 0.886954
 0 1.03015
 0 0.93429
 0 0.874042
 0 0.913772
 0 0.955572
 0 0.853918
 0 1.00091
 0 1.20459
 0 0.727582
 0 1.14826
 0 0.943914
 0 0.92572
 0 0.959288
 0 0.8519
 0 0.962932
 0 1.16341
 0 0.984338
 0 0.84676
 0 1.06929
 0 1.0242
 0 1.20292
 0 0.985832
 0 1.20905
 0 0.9376
 0 0.998888
 0 0.939608
 0 0.934296
 0 1.04825
 0 1.06788
 0 1.23038
 0 0.807778
 0 0.895436
 0 0.90402
 0 0.917614
 0 1.05099
 0 1.03901
 0 0.917442
 0 0.87774
 0 1.01856
 0 0.787834
 0 0.957494
 0 0.898912
 0 1.06285
 0 0.695626
 0 0.949126
 0 1.00304
 0 0.895948
 0 1.0774
 0 1.14676
 0 0.955722
 0 1.0788
 0 0.803302
 0 0.811494
 0 0.920856
 0 0.974106
 0 0.930318
 0 0.863754
 0 1.11923
 0 0.800586
 0 1.12548
 0 0.939518
 0 0.914872
 0 1.00615
 0 1.05702
 0 0.873134
 0 0.977364
 0 1.1593
 0 1.16927
 0 1.17853
 0 0.915918
 0 0.840902
 0 1.02374
 0 1.05096
 0 1.0121
 0 1.25833
 0 1.12501
 0 0.943386
 0 0.778698
 0 0.95865
 0 1.04585
 0 1.01938
 0 0.74672
 0 0.782684
 0 0.940038
 0 0.795568
 0 1.13837
 0 0.99782
 0 0.85555
 0 0.933828
 0 0.984022
 0 0.591492
 0 1.02514
 0 1.06261
 0 0.99797
 0 1.03154
 0 0.745544
 0 1.0635
 0 1.02292
 0 1.1322
 0 1.12835
 0 0.78149
 0 1.10412
 0 0.997258
 0 0.99152
 0 1.08038
 0 1.15413
 0 0.92349
 0 1.11162
 0 0.968938
 0 1.08172
 0 1.20462
 0 0.993574
 0 1.03517
 0 0.982708
 0 0.835078
 0 1.02291
 0 0.865676
 0 0.881132
 0 0.869594
 0 0.967926
 0 0.73536
 0 0.884976
 0 0.828394
 0 0.801992
 0 1.0889
 0 1.04792
 0 0.879008
 0 0.939092
 0 0.797762
 0 0.994224
 0 1.12066
 0 1.15416
 0 1.00505
 0 1.08164
 0 0.836286
 0 0.868424
 0 1.15211
 0 1.02019
 0 1.02704
 0 1.03427
 0 1.10661
 0 0.720948
 0 0.843576
 0 1.04603
 0 1.014
 0 0.920416
 0 0.860782
 0 0.874582
 0 1.00727
 0 0.931956
 0 1.02753
 0 0.990724
 0 0.852924
 0 0.920338
 0 1.01852
 0 1.0073
