535 1 0 0 1
 0 0.843998
 0 0.958886
 0 0.977002
 0 0.825986
 0 1.24379
 0 1.66069
 0 0.892516
 0 1.03682
 0 1.16333
 0 1.33362
 0 1.00717
 0 0.973792
 0 1.32705
 0 0.881758
 0 0.673302
 0 1.02544
 0 1.05537
 0 0.974602
 0 1.05122
 0 0.411252
 0 1.10897
 0 1.39518
 0 0.966518
 0 1.23542
 0 1.34378
 0 1.2128
 0 0.72671
 0 1.68165
 0 0.953466
 0 1.11039
 0 1.11603
 0 0.893724
 0 0.57197
 0 0.944736
 0 1.54826
 0 0.786826
 0 1.44271
 0 1.4504
 0 1.40424
 0 0.865364
 0 0.87228
 0 0.109198
 0 0.821164
 0 0.923352
 0 1.28247
 0 1.37699
 0 0.742004
 0 -0.0216928
 0 1.01371
 0 1.37069
 0 1.06241
 0 0.896458
 0 0.985624
 0 0.914206
 0 1.07327
 0 0.849988
 0 1.15248
 0 1.38977
 0 1.55833
 0 1.14425
 0 0.688472
 0 1.24836
 0 1.02261
 0 1.14066
 0 0.664052
 0 0.877562
 0 1.04257
 0 0.367188
 0 1.39486
 0 1.24122
 0 0.882902
 0 0.979684
 0 0.897128
 0 1.13505
 0 1.31291
 0 0.594518
 0 1.14915
 0 1.43508
 0 0.37704
 0 1.44845
 0 1.09423
 0 1.33576
 0 1.04851
 0 0.937798
 0 1.03587
 0 0.660994
 0 0.379014
 0 1.23757
 0 1.35809
 0 0.691592
 0 0.0532834
 0 1.24259
 0 0.526298
 0 1.32647
 0 1.49526
 0 0.931204
 0 1.83961
 0 1.73873
 0 0.602416
 0 0.446148
 0 0.488564
 0 1.55101
 0 0.0573382
 0 1.07376
 0 0.393636
 0 0.96245
 0 0.651088
 0 0.0668998
 0 1.37114
 0 0.371806
 0 0.344524
 0 1.16172
 0 1.47796
 0 1.16168
 0 1.52496
 0 0.476286
 0 1.05851
 0 0.430634
 0 1.11976
 0 1.09256
 0 0.731326
 0 1.6988
 0 0.883772
 0 0.818894
 0 -0.108085
 0 0.88294
 0 0.804298
 0 0.5298
 0 1.18646
 0 0.941164
 0 0.541264
 0 1.18187
 0 1.55438
 0 1.84824
 0 0.979496
 0 0.0142364
 0 1.41156
 0 0.403972
 0 1.40086
 0 0.960266
 0 1.45788
 0 1.03815
 0 0.0886792
 0 0.602358
 0 0.788052
 0 0.707084
 0 0.841092
 0 1.72765
 0 0.729366
 0 1.01715
 0 1.01782
 0 0.98779
 0 1.35717
 0 0.802416
 0 0.77591
 0 1.31007
 0 1.42329
 0 0.988214
 0 0.513658
 0 0.54412
 0 1.40388
 0 1.11527
 0 0.971594
 0 0.69277
 0 0.918782
 0 1.37402
 0 0.854526
 0 1.25404
 0 0.956784
 0 0.84314
 0 0.870544
 0 0.953172
 0 0.616724
 0 1.98861
 0 0.939684
 0 1.16469
 0 1.81759
 0 0.554904
 0 1.2546
 0 1.11486
 0 1.24859
 0 1.32504
 0 1.55382
 0 0.874788
 0 1.7065
 0 1.26232
 0 1.30542
 0 1.11335
 0 1.3997
 0 1.06654
 0 1.47993
 0 0.474568
 0 1.03041
 0 0.997608
 0 1.12864
 0 1.06794
 0 0.709786
 0 1.15183
 0 0.937996
 0 1.00234
 0 1.02157
 0 0.524218
 0 0.545794
 0 0.929
 0 1.58837
 0 1.26054
 0 0.574482
 0 1.39693
 0 1.61623
 0 0.776372
 0 1.55749
 0 1.01448
 0 1.40439
 0 1.32349
 0 1.11879
 0 0.113804
 0 1.36986
 0 0.66525
 0 1.14259
 0 0.876932
 0 0.848822
 0 0.974006
 0 0.61406
 0 0.882226
 0 0.661508
 0 1.03399
 0 1.83604
 0 0.810926
 0 0.886116
 0 1.07706
 0 1.28399
 0 1.19936
 0 0.585454
 0 1.37047
 0 0.716726
 0 1.04981
 0 1.2159
 0 1.13512
 0 1.30954
 0 0.680844
 0 0.589216
 0 0.493378
 0 1.23878
 0 1.04408
 0 0.721862
 0 1.95307
 0 1.19457
 0 1.42184
 0 0.890564
 0 0.909406
 0 0.397762
 0 0.666678
 0 1.02696
 0 1.08997
 0 0.681074
 0 0.752682
 0 1.50893
 0 1.11161
 0 1.09466
 0 0.94856
 0 1.18605
 0 1.39347
 0 0.322246
 0 0.706186
 0 0.918862
 0 1.17693
 0 1.45915
 0 0.816728
 0 0.84294
 0 1.58272
 0 0.739132
 0 0.828374
 0 1.66188
 0 0.445018
 0 1.33694
 0 0.935554
 0 1.72636
 0 0.994504
 0 0.971728
 0 1.34779
 0 1.0277
 0 1.12043
 0 1.5282
 0 0.615376
 0 0.73517
 0 0.489056
 0 1.11447
 0 1.06675
 0 1.15934
 0 1.24413
 0 0.936936
 0 1.29507
 0 1.0619
 0 1.20845
 0 0.930876
 0 1.22318
 0 0.628162
 0 1.23633
 0 0.73327
 0 0.466782
 0 0.89762
 0 0.835674
 0 0.816856
 0 0.919412
 0 1.407
 0 0.516336
 0 0.522574
 0 1.09048
 0 1.23213
 0 0.58406
 0 1.03406
 0 1.17271
 0 1.12034
 0 1.57022
 0 1.27699
 0 1.04645
 0 1.11087
 0 0.888844
 0 1.07444
 0 0.24141
 0 1.10178
 0 0.94957
 0 1.0013
 0 0.767634
 0 0.734142
 0 1.45106
 0 0.935338
 0 0.411898
 0 1.2225
 0 1.37609
 0 1.07855
 0 1.45182
 0 1.07537
 0 1.79338
 0 0.98324
 0 1.3534
 0 1.16934
 0 0.882054
 0 0.740706
 0 1.37031
 0 1.12669
 0 0.568354
 0 1.33934
 0 0.896394
 0 1.4202
 0 1.08679
 0 1.10915
 0 0.704876
 0 0.522456
 0 1.24552
 0 1.15397
 0 0.912912
 0 0.716092
 0 0.677354
 0 1.06588
 0 1.13125
 0 1.11606
 0 1.38498
 0 1.52579
 0 1.58359
 0 0.181358
 0 1.17125
 0 0.871376
 0 0.78889
 0 1.23398
 0 1.07861
 0 0.424854
 0 1.13126
 0 1.33687
 0 1.58059
 0 0.33215
 0 1.32733
 0 1.06046
 0 0.812782
 0 1.5467
 0 1.26398
 0 0.762816
 0 0.917686
 0 1.24291
 0 0.431572
 0 0.588178
 0 0.76106
 0 0.830918
 0 1.46327
 0 0.72379
 0 0.946564
 0 0.436234
 0 0.795294
 0 1.12156
 0 0.939854
 0 0.837604
 0 1.46868
 0 0.53684
 0 0.771154
 0 1.16493
 0 0.822514
 0 1.32836
 0 0.918766
 0 0.699254
 0 1.29029
 0 1.37942
 0 1.62177
 0 0.945512
 0 1.1843
 0 0.965438
 0 1.35097
 0 1.10829
 0 1.47035
 0 1.25454
 0 0.657684
 0 0.82759
 0 1.0599
 0 1.08819
 0 0.604724
 0 1.15944
 0 0.562882
 0 1.18054
 0 0.84734
 0 0.757762
 0 0.900476
 0 1.17415
 0 1.59891
 0 0.648124
 0 1.53343
 0 1.2209
 0 0.675114
 0 1.09896
 0 0.576752
 0 0.716734
 0 1.02464
 0 0.980876
 0 0.99261
 0 1.40229
 0 1.09252
 0 0.610368
 0 1.06115
 0 0.989808
 0 0.73462
 0 1.43145
 0 0.939668
 0 0.563126
 0 1.04918
 0 0.593146
 0 0.784602
 0 1.06444
 0 1.33606
 0 1.07861
 0 1.5698
 0 1.27524
 0 1.58238
 0 0.519012
 0 1.38519
 0 1.48274
 0 0.944918
 0 0.811566
 0 1.11499
 0 1.3143
 0 0.593532
 0 1.16262
 0 1.03742
 0 0.271956
 0 0.2505
 0 0.840468
 0 1.33814
 0 0.929134
 0 1.34192
 0 0.274276
 0 0.88837
 0 1.16685
 0 0.379146
 0 1.7352
 0 0.803616
 0 0.95191
 0 0.513154
 0 0.796072
 0 1.8406
 0 0.881162
 0 1.27788
 0 1.1689
 0 0.745442
 0 0.603542
 0 0.845354
 0 0.475004
 0 0.421804
 0 1.44047
 0 1.17868
 0 0.984964
 0 0.549028
 0 1.05785
 0 0.92426
 0 1.45566
 0 1.31262
 0 1.34861
 0 1.5073
 0 1.35635
 0 1.3495
 0 1.0127
 0 0.383758
 0 0.0577708
 0 1.19755
 0 1.3726
 0 1.06502
 0 0.443622
 0 1.32939
 0 1.33349
 0 1.36705
 0 1.02004
 0 0.604964
 0 0.658508
 0 0.821884
 0 0.752262
 0 0.99831
 0 1.18351
 0 1.03504
 0 0.960112
 0 1.62941
 0 0.843734
 0 0.492398
 0 1.21165
 0 1.13035
 0 0.999226
 0 1.09528
 0 1.47096
 0 1.34594
 0 1.58027
 0 1.18079
 0 0.901242
 0 0.799312
 0 0.858174
 0 0.736514
 0 0.728226
 0 0.891578
 0 1.36489
 0 0.81036
 0 1.16408
