603 1 0 0 1
 0 0.109763
 0 0.111094
 0 0.10693
 0 0.113465
 0 0.113491
 0 0.109026
 0 0.118837
 0 0.111698
 0 0.119291
 0 0.118665
 0 0.114071
 0 0.111645
 0 0.112663
 0 0.112228
 0 0.113842
 0 0.116197
 0 0.112973
 0 0.110221
 0 0.113353
 0 0.105339
 0 0.112992
 0 0.109481
 0 0.104931
 0 0.109061
 0 0.113257
 0 0.104922
 0 0.112755
 0 0.116494
 0 0.113578
 0 0.116953
 0 0.113599
 0 0.111291
 0 0.103985
 0 0.116453
 0 0.116354
 0 0.108599
 0 0.116051
 0 0.110118
 0 0.106733
 0 0.112586
 0 0.108848
 0 0.112547
 0 0.110985
 0 0.112713
 0 0.111838
 0 0.116516
 0 0.114206
 0 0.117459
 0 0.117322
 0 0.120437
 0 0.111168
 0 0.110458
 0 0.109121
 0 0.117494
 0 0.114791
 0 0.108147
 0 0.108187
 0 0.103761
 0 0.117005
 0 0.113615
 0 0.116725
 0 0.115943
 0 0.114522
 0 0.118041
 0 0.115906
 0 0.112475
 0 0.109551
 0 0.118843
 0 0.118825
 0 0.117841
 0 0.115013
 0 0.107492
 0 0.103792
 0 0.109471
 0 0.113682
 0 0.112914
 0 0.120889
 0 0.115508
 0 0.109381
 0 0.108928
 0 0.115541
 0 0.116195
 0 0.106151
 0 0.119154
 0 0.113036
 0 0.120155
 0 0.108947
 0 0.116015
 0 0.110874
 0 0.102326
 0 0.11872
 0 0.116701
 0 0.114402
 0 0.106224
 0 0.109255
 0 0.112968
 0 0.114904
 0 0.122146
 0 0.114455
 0 0.111931
 0 0.115133
 0 0.117905
 0 0.117264
 0 0.119977
 0 0.11524
 0 0.11878
 0 0.108678
 0 0.112741
 0 0.111269
 0 0.110649
 0 0.113268
 0 0.112651
 0 0.108677
 0 0.109712
 0 0.118277
 0 0.112634
 0 0.111169
 0 0.11501
 0 0.112681
 0 0.111222
 0 0.117025
 0 0.109087
 0 0.10251
 0 0.110938
 0 0.114662
 0 0.11237
 0 0.114
 0 0.115047
 0 0.11389
 0 0.118372
 0 0.117167
 0 0.123067
 0 0.118946
 0 0.118607
 0 0.117767
 0 0.110819
 0 0.117424
 0 0.121215
 0 0.113431
 0 0.120254
 0 0.111202
 0 0.108124
 0 0.120165
 0 0.113708
 0 0.108779
 0 0.102632
 0 0.118104
 0 0.112094
 0 0.114445
 0 0.113618
 0 0.118223
 0 0.114097
 0 0.10926
 0 0.109292
 0 0.111087
 0 0.116032
 0 0.109365
 0 0.110825
 0 0.114553
 0 0.11855
 0 0.111708
 0 0.11582
 0 0.106411
 0 0.120718
 0 0.118409
 0 0.115886
 0 0.112708
 0 0.11637
 0 0.112879
 0 0.121912
 0 0.115009
 0 0.113689
 0 0.109129
 0 0.11533
 0 0.122922
 0 0.118418
 0 0.116428
 0 0.11718
 0 0.113449
 0 0.11799
 0 0.115202
 0 0.112565
 0 0.119149
 0 0.117597
 0 0.117447
 0 0.10925
 0 0.113915
 0 0.113108
 0 0.113879
 0 0.116003
 0 0.11359
 0 0.12516
 0 0.118572
 0 0.104752
 0 0.108249
 0 0.107701
 0 0.116639
 0 0.113555
 0 0.1146
 0 0.114901
 0 0.115224
 0 0.11193
 0 0.108957
 0 0.117049
 0 0.115752
 0 0.110606
 0 0.112417
 0 0.113663
 0 0.121386
 0 0.113604
 0 0.110674
 0 0.117616
 0 0.116889
 0 0.113597
 0 0.115966
 0 0.120608
 0 0.104902
 0 0.119589
 0 0.122889
 0 0.112647
 0 0.102495
 0 0.115657
 0 0.117718
 0 0.11181
 0 0.115745
 0 0.11938
 0 0.119186
 0 0.114051
 0 0.113808
 0 0.118093
 0 0.121604
 0 0.107203
 0 0.107389
 0 0.112815
 0 0.105945
 0 0.109143
 0 0.113575
 0 0.111271
 0 0.110241
 0 0.116407
 0 0.114699
 0 0.112746
 0 0.11201
 0 0.117708
 0 0.114791
 0 0.11582
 0 0.117119
 0 0.117065
 0 0.109581
 0 0.115837
 0 0.117439
 0 0.107876
 0 0.123322
 0 0.118437
 0 0.113079
 0 0.114921
 0 0.110267
 0 0.117876
 0 0.113675
 0 0.119678
 0 0.115363
 0 0.116436
 0 0.112629
 0 0.118442
 0 0.113885
 0 0.114871
 0 0.112188
 0 0.111809
 0 0.116243
 0 0.111268
 0 0.108226
 0 0.107657
 0 0.111526
 0 0.116868
 0 0.118468
 0 0.121693
 0 0.111801
 0 0.11624
 0 0.115387
 0 0.109957
 0 0.112249
 0 0.110074
 0 0.118998
 0 0.108211
 0 0.10367
 0 0.116499
 0 0.119287
 0 0.119203
 0 0.120612
 0 0.112782
 0 0.120034
 0 0.117613
 0 0.119492
 0 0.120816
 0 0.114217
 0 0.111776
 0 0.113136
 0 0.114614
 0 0.117587
 0 0.11089
 0 0.111001
 0 0.113297
 0 0.120842
 0 0.121419
 0 0.113801
 0 0.115909
 0 0.110102
 0 0.11632
 0 0.116377
 0 0.111926
 0 0.11955
 0 0.117003
 0 0.11607
 0 0.114354
 0 0.114872
 0 0.112813
 0 0.119556
 0 0.120325
 0 0.112277
 0 0.114998
 0 0.116903
 0 0.116178
 0 0.117661
 0 0.114234
 0 0.109756
 0 0.115764
 0 0.1176
 0 0.12177
 0 0.112143
 0 0.115132
 0 0.115857
 0 0.117475
 0 0.114438
 0 0.124042
 0 0.109468
 0 0.119662
 0 0.10864
 0 0.11956
 0 0.113606
 0 0.120106
 0 0.113028
 0 0.117024
 0 0.111878
 0 0.112538
 0 0.120099
 0 0.117663
 0 0.114203
 0 0.119542
 0 0.116806
 0 0.115832
 0 0.109313
 0 0.116851
 0 0.114366
 0 0.119786
 0 0.118864
 0 0.117664
 0 0.11626
 0 0.11299
 0 0.113125
 0 0.117571
 0 0.118147
 0 0.115852
 0 0.111698
 0 0.113744
 0 0.11539
 0 0.112056
 0 0.110252
 0 0.110202
 0 0.117706
 0 0.11569
 0 0.11451
 0 0.118223
 0 0.117888
 0 0.11978
 0 0.11247
 0 0.111739
 0 0.116546
 0 0.11637
 0 0.12042
 0 0.121674
 0 0.108179
 0 0.115034
 0 0.116537
 0 0.110433
 0 0.12076
 0 0.114849
 0 0.118898
 0 0.119926
 0 0.119441
 0 0.111934
 0 0.11575
 0 0.118483
 0 0.113608
 0 0.112049
 0 0.118756
 0 0.120906
 0 0.111953
 0 0.112429
 0 0.11631
 0 0.115535
 0 0.113149
 0 0.110124
 0 0.115991
 0 0.104688
 0 0.112948
 0 0.110181
 0 0.115478
 0 0.108486
 0 0.113742
 0 0.11337
 0 0.118192
 0 0.113077
 0 0.110948
 0 0.11824
 0 0.107266
 0 0.103059
 0 0.114915
 0 0.120055
 0 0.110751
 0 0.108278
 0 0.113807
 0 0.110202
 0 0.11249
 0 0.113513
 0 0.111616
 0 0.1105
 0 0.105818
 0 0.109587
 0 0.110617
 0 0.114913
 0 0.112779
 0 0.111984
 0 0.116292
 0 0.10665
 0 0.108472
 0 0.11391
 0 0.11258
 0 0.115161
 0 0.110202
 0 0.119708
 0 0.10892
 0 0.12334
 0 0.118522
 0 0.11811
 0 0.114674
 0 0.108966
 0 0.114385
 0 0.11484
 0 0.119776
 0 0.116707
 0 0.11343
 0 0.119185
 0 0.116709
 0 0.117056
 0 0.120092
 0 0.117379
 0 0.113038
 0 0.119565
 0 0.119716
 0 0.11721
 0 0.11534
 0 0.110273
 0 0.11672
 0 0.110323
 0 0.115425
 0 0.112987
 0 0.105175
 0 0.112048
 0 0.116613
 0 0.116719
 0 0.103609
 0 0.113649
 0 0.109177
 0 0.109211
 0 0.122584
 0 0.114648
 0 0.119013
 0 0.105411
 0 0.117699
 0 0.113035
 0 0.112802
 0 0.101848
 0 0.113858
 0 0.111227
 0 0.118382
 0 0.116866
 0 0.115358
 0 0.118251
 0 0.117811
 0 0.114516
 0 0.1147
 0 0.110267
 0 0.116363
 0 0.110208
 0 0.108915
 0 0.112754
 0 0.109131
 0 0.112685
 0 0.109202
 0 0.113811
 0 0.117528
 0 0.118338
 0 0.113629
 0 0.114302
 0 0.106882
 0 0.110228
 0 0.114942
 0 0.11338
 0 0.109477
 0 0.111765
 0 0.109428
 0 0.109739
 0 0.120408
 0 0.116913
 0 0.115728
 0 0.113352
 0 0.11635
 0 0.117812
 0 0.113676
 0 0.116156
 0 0.121723
 0 0.111105
 0 0.117816
 0 0.115048
 0 0.121027
 0 0.115364
 0 0.113836
 0 0.119692
 0 0.111735
 0 0.120568
 0 0.112757
 0 0.114493
 0 0.119244
 0 0.117131
 0 0.123026
 0 0.118479
 0 0.119046
 0 0.113283
 0 0.12065
 0 0.11696
 0 0.115373
 0 0.114912
 0 0.111933
 0 0.109792
 0 0.114802
 0 0.111917
 0 0.120305
 0 0.111382
 0 0.107401
 0 0.108328
 0 0.112274
 0 0.109166
 0 0.112258
 0 0.108248
 0 0.109123
 0 0.115849
 0 0.118726
 0 0.109541
 0 0.121028
 0 0.116142
 0 0.105502
 0 0.113258
 0 0.114588
 0 0.117816
 0 0.109553
 0 0.118082
 0 0.111653
 0 0.114915
 0 0.111303
 0 0.108588
 0 0.120103
 0 0.116928
 0 0.116145
 0 0.113335
 0 0.119168
 0 0.119495
 0 0.11023
 0 0.11394
 0 0.114592
 0 0.116481
 0 0.110407
 0 0.109726
 0 0.114976
 0 0.116242
 0 0.112551
 0 0.120405
 0 0.114162
 0 0.117465
 0 0.117193
 0 0.116849
 0 0.114874
 0 0.114442
 0 0.122039
 0 0.110798
 0 0.119702
 0 0.116867
 0 0.114236
 0 0.113993
 0 0.116779
 0 0.122138
 0 0.124398
 0 0.117268
 0 0.118517
