603 1 0 0 1
 0 0.370918
 0 0.339506
 0 0.329928
 0 0.362864
 0 0.334326
 0 0.29073
 0 0.337476
 0 0.351524
 0 0.324278
 0 0.352556
 0 0.34962
 0 0.360188
 0 0.349868
 0 0.345872
 0 0.367998
 0 0.344676
 0 0.338882
 0 0.363188
 0 0.35241
 0 0.353888
 0 0.339972
 0 0.348256
 0 0.30932
 0 0.355858
 0 0.317684
 0 0.337556
 0 0.34048
 0 0.332306
 0 0.343608
 0 0.35785
 0 0.339258
 0 0.367942
 0 0.348284
 0 0.360494
 0 0.342854
 0 0.35048
 0 0.356498
 0 0.337268
 0 0.32437
 0 0.33413
 0 0.339894
 0 0.351192
 0 0.31222
 0 0.331872
 0 0.331736
 0 0.331938
 0 0.36102
 0 0.361174
 0 0.354652
 0 0.380752
 0 0.324198
 0 0.374166
 0 0.342814
 0 0.354996
 0 0.329628
 0 0.329808
 0 0.338132
 0 0.327942
 0 0.353642
 0 0.372324
 0 0.37855
 0 0.375192
 0 0.3471
 0 0.3305
 0 0.346082
 0 0.333972
 0 0.374066
 0 0.358628
 0 0.343694
 0 0.33711
 0 0.349576
 0 0.353694
 0 0.346796
 0 0.360568
 0 0.329372
 0 0.314226
 0 0.334054
 0 0.35529
 0 0.344134
 0 0.34013
 0 0.355152
 0 0.366872
 0 0.338518
 0 0.347396
 0 0.353116
 0 0.37229
 0 0.309328
 0 0.311984
 0 0.34192
 0 0.318206
 0 0.376152
 0 0.330868
 0 0.320812
 0 0.35823
 0 0.323588
 0 0.354196
 0 0.365494
 0 0.363782
 0 0.321484
 0 0.32466
 0 0.31753
 0 0.337078
 0 0.356762
 0 0.353078
 0 0.351374
 0 0.324152
 0 0.363878
 0 0.33754
 0 0.347702
 0 0.311046
 0 0.361912
 0 0.339066
 0 0.33938
 0 0.35473
 0 0.356648
 0 0.338982
 0 0.346902
 0 0.347384
 0 0.332588
 0 0.323954
 0 0.323842
 0 0.336664
 0 0.32062
 0 0.351076
 0 0.37152
 0 0.350454
 0 0.348366
 0 0.331246
 0 0.333878
 0 0.363638
 0 0.345072
 0 0.341942
 0 0.336832
 0 0.355782
 0 0.353958
 0 0.326146
 0 0.357154
 0 0.348828
 0 0.341022
 0 0.342592
 0 0.358974
 0 0.34743
 0 0.348694
 0 0.38114
 0 0.332492
 0 0.315054
 0 0.33342
 0 0.340152
 0 0.35226
 0 0.385256
 0 0.369626
 0 0.365998
 0 0.335686
 0 0.341346
 0 0.36019
 0 0.317922
 0 0.332668
 0 0.341594
 0 0.332176
 0 0.356238
 0 0.35788
 0 0.336288
 0 0.283148
 0 0.324762
 0 0.326576
 0 0.367668
 0 0.340708
 0 0.335352
 0 0.347358
 0 0.339284
 0 0.352104
 0 0.324906
 0 0.320612
 0 0.351222
 0 0.34534
 0 0.351668
 0 0.358828
 0 0.34778
 0 0.328
 0 0.346092
 0 0.32433
 0 0.357532
 0 0.351348
 0 0.347994
 0 0.3782
 0 0.344122
 0 0.366136
 0 0.354618
 0 0.358074
 0 0.344316
 0 0.360824
 0 0.357286
 0 0.29499
 0 0.35039
 0 0.351738
 0 0.359314
 0 0.335142
 0 0.334278
 0 0.333028
 0 0.349132
 0 0.35124
 0 0.338346
 0 0.352632
 0 0.358134
 0 0.351114
 0 0.32565
 0 0.351078
 0 0.332006
 0 0.350804
 0 0.359754
 0 0.331886
 0 0.348182
 0 0.33381
 0 0.36374
 0 0.328344
 0 0.374738
 0 0.334688
 0 0.364246
 0 0.376244
 0 0.364104
 0 0.320134
 0 0.342948
 0 0.349024
 0 0.375216
 0 0.369986
 0 0.358024
 0 0.346852
 0 0.361396
 0 0.348072
 0 0.366766
 0 0.366484
 0 0.328098
 0 0.343618
 0 0.37094
 0 0.355444
 0 0.336818
 0 0.345012
 0 0.334126
 0 0.329516
 0 0.352656
 0 0.376804
 0 0.341606
 0 0.351686
 0 0.359524
 0 0.345884
 0 0.345036
 0 0.351984
 0 0.357546
 0 0.335044
 0 0.318666
 0 0.317858
 0 0.347006
 0 0.325244
 0 0.326104
 0 0.335714
 0 0.322328
 0 0.312498
 0 0.356634
 0 0.312762
 0 0.355924
 0 0.339984
 0 0.325572
 0 0.322242
 0 0.335574
 0 0.342428
 0 0.323916
 0 0.354898
 0 0.337144
 0 0.365522
 0 0.313592
 0 0.343186
 0 0.327736
 0 0.373026
 0 0.374092
 0 0.347116
 0 0.33426
 0 0.359422
 0 0.330266
 0 0.359348
 0 0.316356
 0 0.312516
 0 0.343744
 0 0.343628
 0 0.333916
 0 0.352204
 0 0.338266
 0 0.329496
 0 0.338122
 0 0.37068
 0 0.3493
 0 0.337462
 0 0.361274
 0 0.366648
 0 0.325252
 0 0.344436
 0 0.367752
 0 0.348094
 0 0.36564
 0 0.330688
 0 0.359696
 0 0.327308
 0 0.362958
 0 0.337014
 0 0.306954
 0 0.357772
 0 0.349332
 0 0.320518
 0 0.329582
 0 0.362214
 0 0.37584
 0 0.341648
 0 0.340388
 0 0.349994
 0 0.340774
 0 0.35198
 0 0.3207
 0 0.351726
 0 0.328294
 0 0.353474
 0 0.352462
 0 0.343546
 0 0.348596
 0 0.330156
 0 0.336358
 0 0.339166
 0 0.327248
 0 0.308488
 0 0.362752
 0 0.34441
 0 0.373306
 0 0.34665
 0 0.34768
 0 0.339506
 0 0.354164
 0 0.333
 0 0.367926
 0 0.331418
 0 0.339704
 0 0.353492
 0 0.349616
 0 0.341986
 0 0.32611
 0 0.355844
 0 0.337542
 0 0.340992
 0 0.35154
 0 0.354348
 0 0.360192
 0 0.353384
 0 0.355758
 0 0.322516
 0 0.357774
 0 0.333042
 0 0.324054
 0 0.342278
 0 0.362624
 0 0.360944
 0 0.320852
 0 0.37611
 0 0.318062
 0 0.33616
 0 0.328738
 0 0.345966
 0 0.33731
 0 0.355858
 0 0.350202
 0 0.322076
 0 0.343308
 0 0.332718
 0 0.358722
 0 0.3326
 0 0.33565
 0 0.353778
 0 0.337966
 0 0.338688
 0 0.356538
 0 0.345214
 0 0.363256
 0 0.355606
 0 0.36409
 0 0.3822
 0 0.347732
 0 0.33587
 0 0.356816
 0 0.333796
 0 0.335372
 0 0.350826
 0 0.341784
 0 0.337032
 0 0.36268
 0 0.348994
 0 0.33243
 0 0.318478
 0 0.342176
 0 0.341534
 0 0.379148
 0 0.370452
 0 0.330638
 0 0.35693
 0 0.364572
 0 0.335966
 0 0.33914
 0 0.333506
 0 0.347584
 0 0.351916
 0 0.326282
 0 0.320202
 0 0.346818
 0 0.362174
 0 0.352056
 0 0.333034
 0 0.371336
 0 0.360274
 0 0.342644
 0 0.372286
 0 0.326564
 0 0.379272
 0 0.354138
 0 0.34595
 0 0.340658
 0 0.349834
 0 0.341196
 0 0.336366
 0 0.33837
 0 0.342246
 0 0.352792
 0 0.337622
 0 0.325114
 0 0.322064
 0 0.351002
 0 0.34132
 0 0.361792
 0 0.349334
 0 0.357126
 0 0.337372
 0 0.329432
 0 0.36148
 0 0.343002
 0 0.35874
 0 0.344214
 0 0.335788
 0 0.358144
 0 0.34663
 0 0.33833
 0 0.353328
 0 0.328094
 0 0.32767
 0 0.34469
 0 0.356062
 0 0.3332
 0 0.389616
 0 0.362212
 0 0.356762
 0 0.342822
 0 0.34714
 0 0.330068
 0 0.353388
 0 0.355246
 0 0.38956
 0 0.35905
 0 0.348342
 0 0.35262
 0 0.35706
 0 0.348854
 0 0.335902
 0 0.35528
 0 0.335912
 0 0.339204
 0 0.35935
 0 0.318682
 0 0.309382
 0 0.325774
 0 0.350438
 0 0.361248
 0 0.370078
 0 0.358112
 0 0.362458
 0 0.353174
 0 0.365456
 0 0.348492
 0 0.329986
 0 0.350764
 0 0.351106
 0 0.33312
 0 0.349446
 0 0.357554
 0 0.315512
 0 0.362702
 0 0.346486
 0 0.336108
 0 0.343078
 0 0.344834
 0 0.358704
 0 0.33207
 0 0.31274
 0 0.336548
 0 0.295874
 0 0.329726
 0 0.337608
 0 0.341704
 0 0.341084
 0 0.345184
 0 0.342134
 0 0.325014
 0 0.344752
 0 0.358512
 0 0.34662
 0 0.336942
 0 0.341516
 0 0.329878
 0 0.34578
 0 0.335802
 0 0.3409
 0 0.356976
 0 0.366252
 0 0.353436
 0 0.322914
 0 0.349834
 0 0.324344
 0 0.348456
 0 0.361602
 0 0.335282
 0 0.355936
 0 0.321696
 0 0.342942
 0 0.337216
 0 0.331284
 0 0.33383
 0 0.332944
 0 0.387808
 0 0.353064
 0 0.380462
 0 0.33738
 0 0.374598
 0 0.351548
 0 0.392588
 0 0.348208
 0 0.359724
 0 0.380582
 0 0.374554
 0 0.31932
 0 0.315406
 0 0.332286
 0 0.34151
 0 0.32905
 0 0.363528
 0 0.364332
 0 0.345822
 0 0.36445
 0 0.328142
 0 0.340414
 0 0.348456
 0 0.338032
 0 0.358176
 0 0.35451
 0 0.344744
 0 0.344234
 0 0.350668
 0 0.336088
 0 0.349174
 0 0.330308
 0 0.324562
 0 0.341808
 0 0.344836
 0 0.372008
 0 0.35958
 0 0.338064
 0 0.367986
 0 0.346834
 0 0.361148
 0 0.345686
 0 0.378014
 0 0.328472
 0 0.369066
 0 0.367298
 0 0.360308
 0 0.345036
 0 0.3521
 0 0.345248
 0 0.34343
 0 0.365374
 0 0.347546
 0 0.350632
 0 0.330818
 0 0.343868
 0 0.364536
 0 0.343976
 0 0.35988
 0 0.355
 0 0.349546
 0 0.339002
 0 0.34689
 0 0.349182
 0 0.347616
 0 0.353996
 0 0.366242
 0 0.355576
 0 0.337464
 0 0.35343
 0 0.347614
 0 0.333864
 0 0.337436
 0 0.352678
