603 1 0 0 1
 0 0.150045
 0 0.140594
 0 0.143684
 0 0.143481
 0 0.14387
 0 0.135939
 0 0.149245
 0 0.138022
 0 0.142103
 0 0.156058
 0 0.149911
 0 0.157296
 0 0.150045
 0 0.143598
 0 0.150789
 0 0.143279
 0 0.144015
 0 0.147704
 0 0.152899
 0 0.14528
 0 0.139708
 0 0.141515
 0 0.138657
 0 0.145302
 0 0.134774
 0 0.140985
 0 0.151179
 0 0.14313
 0 0.151737
 0 0.15521
 0 0.144519
 0 0.142998
 0 0.134748
 0 0.149785
 0 0.146915
 0 0.144215
 0 0.153815
 0 0.139477
 0 0.13789
 0 0.147901
 0 0.147588
 0 0.15023
 0 0.141719
 0 0.14532
 0 0.142138
 0 0.144745
 0 0.156024
 0 0.152189
 0 0.142341
 0 0.158555
 0 0.140134
 0 0.143198
 0 0.140599
 0 0.150084
 0 0.142568
 0 0.137699
 0 0.138237
 0 0.139737
 0 0.148412
 0 0.144702
 0 0.145407
 0 0.142744
 0 0.146688
 0 0.147859
 0 0.146301
 0 0.149966
 0 0.144838
 0 0.147603
 0 0.144086
 0 0.154326
 0 0.144847
 0 0.143439
 0 0.141863
 0 0.144563
 0 0.149881
 0 0.141093
 0 0.143599
 0 0.151115
 0 0.154235
 0 0.146017
 0 0.145816
 0 0.143636
 0 0.138692
 0 0.147794
 0 0.144438
 0 0.14731
 0 0.136573
 0 0.144762
 0 0.141836
 0 0.128244
 0 0.152453
 0 0.144073
 0 0.135684
 0 0.153001
 0 0.138699
 0 0.145179
 0 0.146138
 0 0.154403
 0 0.145709
 0 0.150186
 0 0.140126
 0 0.136144
 0 0.150788
 0 0.140786
 0 0.144732
 0 0.145215
 0 0.139682
 0 0.141885
 0 0.138106
 0 0.134534
 0 0.145538
 0 0.137058
 0 0.142154
 0 0.142058
 0 0.15397
 0 0.143942
 0 0.156703
 0 0.150427
 0 0.154958
 0 0.142553
 0 0.147612
 0 0.142723
 0 0.150013
 0 0.146591
 0 0.148904
 0 0.147038
 0 0.143737
 0 0.15654
 0 0.142145
 0 0.164673
 0 0.149101
 0 0.150871
 0 0.143697
 0 0.149678
 0 0.151933
 0 0.142949
 0 0.146296
 0 0.149321
 0 0.140289
 0 0.153337
 0 0.151381
 0 0.150241
 0 0.143597
 0 0.146532
 0 0.147602
 0 0.137622
 0 0.135375
 0 0.143205
 0 0.144629
 0 0.158272
 0 0.154186
 0 0.147092
 0 0.143168
 0 0.137649
 0 0.149208
 0 0.144495
 0 0.135855
 0 0.147836
 0 0.150638
 0 0.14813
 0 0.154543
 0 0.145639
 0 0.130378
 0 0.152106
 0 0.14423
 0 0.146854
 0 0.146915
 0 0.147126
 0 0.155016
 0 0.154391
 0 0.140181
 0 0.134764
 0 0.135785
 0 0.140761
 0 0.146203
 0 0.1473
 0 0.143182
 0 0.150548
 0 0.144385
 0 0.143757
 0 0.137105
 0 0.144072
 0 0.143011
 0 0.146881
 0 0.159567
 0 0.141166
 0 0.1417
 0 0.140612
 0 0.141439
 0 0.137221
 0 0.144064
 0 0.154935
 0 0.140832
 0 0.139279
 0 0.145292
 0 0.158456
 0 0.1403
 0 0.148565
 0 0.152069
 0 0.147245
 0 0.158161
 0 0.153112
 0 0.152268
 0 0.153137
 0 0.147572
 0 0.14185
 0 0.148894
 0 0.134579
 0 0.140647
 0 0.151592
 0 0.12572
 0 0.153517
 0 0.144748
 0 0.155247
 0 0.142597
 0 0.15814
 0 0.143784
 0 0.157219
 0 0.158617
 0 0.154622
 0 0.153602
 0 0.15091
 0 0.147433
 0 0.150196
 0 0.148951
 0 0.149798
 0 0.151423
 0 0.14891
 0 0.144287
 0 0.160077
 0 0.151697
 0 0.138751
 0 0.1371
 0 0.14708
 0 0.148494
 0 0.142406
 0 0.145668
 0 0.149731
 0 0.144926
 0 0.159237
 0 0.147777
 0 0.144573
 0 0.151739
 0 0.145612
 0 0.147334
 0 0.146442
 0 0.151498
 0 0.147598
 0 0.126154
 0 0.139453
 0 0.139229
 0 0.150082
 0 0.151771
 0 0.144368
 0 0.144905
 0 0.137949
 0 0.136008
 0 0.1469
 0 0.145572
 0 0.155873
 0 0.148628
 0 0.140074
 0 0.151554
 0 0.148443
 0 0.148838
 0 0.136643
 0 0.147979
 0 0.145779
 0 0.151208
 0 0.140403
 0 0.140302
 0 0.14981
 0 0.148593
 0 0.150087
 0 0.149325
 0 0.143962
 0 0.133878
 0 0.147714
 0 0.147459
 0 0.141845
 0 0.136986
 0 0.144057
 0 0.14435
 0 0.134542
 0 0.143117
 0 0.154698
 0 0.144533
 0 0.143132
 0 0.152197
 0 0.145001
 0 0.145432
 0 0.142942
 0 0.14981
 0 0.146935
 0 0.14304
 0 0.156722
 0 0.150802
 0 0.148657
 0 0.147415
 0 0.149701
 0 0.136539
 0 0.145513
 0 0.142668
 0 0.147879
 0 0.153954
 0 0.151454
 0 0.1357
 0 0.148267
 0 0.150563
 0 0.15537
 0 0.145618
 0 0.143278
 0 0.140699
 0 0.143827
 0 0.139659
 0 0.139867
 0 0.154107
 0 0.141405
 0 0.143926
 0 0.151406
 0 0.142514
 0 0.145226
 0 0.134376
 0 0.141368
 0 0.133185
 0 0.142386
 0 0.134115
 0 0.151565
 0 0.145814
 0 0.149452
 0 0.152415
 0 0.152618
 0 0.142067
 0 0.149041
 0 0.139813
 0 0.149312
 0 0.147594
 0 0.149808
 0 0.142592
 0 0.152914
 0 0.150016
 0 0.143035
 0 0.143302
 0 0.1447
 0 0.146247
 0 0.151373
 0 0.152924
 0 0.150428
 0 0.150368
 0 0.145104
 0 0.136563
 0 0.147839
 0 0.145613
 0 0.153809
 0 0.147831
 0 0.156501
 0 0.144669
 0 0.141891
 0 0.157837
 0 0.142168
 0 0.147558
 0 0.140528
 0 0.151531
 0 0.155311
 0 0.159685
 0 0.151848
 0 0.132341
 0 0.142587
 0 0.146354
 0 0.150382
 0 0.148793
 0 0.156187
 0 0.155998
 0 0.145462
 0 0.142318
 0 0.147163
 0 0.151226
 0 0.154873
 0 0.145721
 0 0.158567
 0 0.145604
 0 0.146252
 0 0.143235
 0 0.13861
 0 0.146236
 0 0.139602
 0 0.159767
 0 0.152211
 0 0.148733
 0 0.140335
 0 0.151855
 0 0.149041
 0 0.136769
 0 0.138071
 0 0.148383
 0 0.160567
 0 0.14597
 0 0.135457
 0 0.143355
 0 0.150415
 0 0.143634
 0 0.14663
 0 0.149667
 0 0.153243
 0 0.151735
 0 0.136881
 0 0.146113
 0 0.140393
 0 0.146423
 0 0.152935
 0 0.139146
 0 0.155918
 0 0.132839
 0 0.14295
 0 0.147088
 0 0.139237
 0 0.156621
 0 0.154511
 0 0.143745
 0 0.147208
 0 0.147407
 0 0.148111
 0 0.146235
 0 0.139775
 0 0.137842
 0 0.144459
 0 0.1333
 0 0.142092
 0 0.150905
 0 0.155191
 0 0.152989
 0 0.150137
 0 0.151238
 0 0.153042
 0 0.145375
 0 0.146699
 0 0.136634
 0 0.151543
 0 0.146455
 0 0.152926
 0 0.146711
 0 0.149415
 0 0.143804
 0 0.147851
 0 0.15485
 0 0.140489
 0 0.140259
 0 0.152073
 0 0.155948
 0 0.141472
 0 0.149554
 0 0.155925
 0 0.153152
 0 0.153524
 0 0.148609
 0 0.146906
 0 0.145384
 0 0.147334
 0 0.153391
 0 0.14606
 0 0.151481
 0 0.154559
 0 0.149785
 0 0.147677
 0 0.134881
 0 0.146627
 0 0.133595
 0 0.140091
 0 0.151092
 0 0.130944
 0 0.142016
 0 0.145834
 0 0.14414
 0 0.137154
 0 0.153458
 0 0.147051
 0 0.156178
 0 0.143529
 0 0.14944
 0 0.151274
 0 0.142138
 0 0.146779
 0 0.144118
 0 0.13507
 0 0.13707
 0 0.148653
 0 0.142154
 0 0.159831
 0 0.150457
 0 0.147488
 0 0.14593
 0 0.140738
 0 0.141123
 0 0.141393
 0 0.138584
 0 0.146251
 0 0.130499
 0 0.140053
 0 0.147018
 0 0.145055
 0 0.154809
 0 0.145389
 0 0.151805
 0 0.139857
 0 0.151396
 0 0.142784
 0 0.150212
 0 0.13624
 0 0.143383
 0 0.139065
 0 0.149162
 0 0.145022
 0 0.142205
 0 0.152557
 0 0.152154
 0 0.14234
 0 0.145507
 0 0.152374
 0 0.137919
 0 0.142524
 0 0.151746
 0 0.144457
 0 0.145823
 0 0.137859
 0 0.145647
 0 0.148452
 0 0.138663
 0 0.150866
 0 0.144057
 0 0.158225
 0 0.144706
 0 0.147212
 0 0.14913
 0 0.154673
 0 0.145459
 0 0.158009
 0 0.149724
 0 0.153301
 0 0.161152
 0 0.15141
 0 0.135714
 0 0.134213
 0 0.147172
 0 0.151691
 0 0.136855
 0 0.143758
 0 0.143723
 0 0.138497
 0 0.147699
 0 0.134754
 0 0.13323
 0 0.148947
 0 0.14391
 0 0.152025
 0 0.147445
 0 0.145694
 0 0.153806
 0 0.145867
 0 0.152329
 0 0.148504
 0 0.14521
 0 0.144939
 0 0.143771
 0 0.141937
 0 0.157721
 0 0.156254
 0 0.1421
 0 0.154342
 0 0.145853
 0 0.15246
 0 0.146249
 0 0.152037
 0 0.138541
 0 0.138178
 0 0.145209
 0 0.150887
 0 0.151407
 0 0.144419
 0 0.147366
 0 0.139911
 0 0.144753
 0 0.144557
 0 0.15017
 0 0.144381
 0 0.151231
 0 0.153319
 0 0.146926
 0 0.149391
 0 0.152844
 0 0.147863
 0 0.14172
 0 0.143263
 0 0.14576
 0 0.145614
 0 0.14185
 0 0.14988
 0 0.152413
 0 0.142374
 0 0.147305
 0 0.146823
 0 0.142915
 0 0.144114
 0 0.149052
