600 1 0 0 1
 0 0.299402
 0 0.278688
 0 0.28904
 0 0.285462
 0 0.287546
 0 0.27355
 0 0.296964
 0 0.277032
 0 0.285564
 0 0.311702
 0 0.299674
 0 0.312086
 0 0.29953
 0 0.287634
 0 0.30286
 0 0.28669
 0 0.292236
 0 0.2949
 0 0.309096
 0 0.289806
 0 0.28253
 0 0.28397
 0 0.278702
 0 0.293308
 0 0.271432
 0 0.285614
 0 0.302814
 0 0.287438
 0 0.309048
 0 0.311922
 0 0.28809
 0 0.285278
 0 0.265428
 0 0.300036
 0 0.292836
 0 0.288974
 0 0.310076
 0 0.274518
 0 0.272156
 0 0.295512
 0 0.293414
 0 0.300408
 0 0.282394
 0 0.289292
 0 0.285094
 0 0.28887
 0 0.31398
 0 0.30549
 0 0.286688
 0 0.31649
 0 0.282532
 0 0.287628
 0 0.279946
 0 0.301148
 0 0.283032
 0 0.277494
 0 0.278724
 0 0.28048
 0 0.298538
 0 0.291078
 0 0.289942
 0 0.283962
 0 0.292114
 0 0.297764
 0 0.292596
 0 0.300066
 0 0.287576
 0 0.291808
 0 0.289196
 0 0.304492
 0 0.288824
 0 0.290392
 0 0.28209
 0 0.28862
 0 0.300154
 0 0.283428
 0 0.286196
 0 0.304012
 0 0.30804
 0 0.293794
 0 0.293138
 0 0.289626
 0 0.273742
 0 0.295776
 0 0.293556
 0 0.298164
 0 0.277538
 0 0.289
 0 0.279924
 0 0.257258
 0 0.302528
 0 0.287758
 0 0.2697
 0 0.30791
 0 0.27951
 0 0.291568
 0 0.290558
 0 0.30919
 0 0.28953
 0 0.299364
 0 0.278268
 0 0.273044
 0 0.302166
 0 0.281672
 0 0.288928
 0 0.289592
 0 0.282256
 0 0.283556
 0 0.278688
 0 0.271002
 0 0.292552
 0 0.275886
 0 0.285324
 0 0.287664
 0 0.31006
 0 0.285574
 0 0.311768
 0 0.300544
 0 0.311252
 0 0.28733
 0 0.294876
 0 0.286318
 0 0.296768
 0 0.291852
 0 0.30048
 0 0.29627
 0 0.28592
 0 0.314954
 0 0.283438
 0 0.298654
 0 0.301244
 0 0.288452
 0 0.297884
 0 0.303484
 0 0.28151
 0 0.294264
 0 0.302836
 0 0.28227
 0 0.305456
 0 0.300284
 0 0.300256
 0 0.287864
 0 0.29162
 0 0.289682
 0 0.273048
 0 0.272472
 0 0.287678
 0 0.287674
 0 0.317722
 0 0.30692
 0 0.29274
 0 0.28849
 0 0.274824
 0 0.295522
 0 0.289834
 0 0.27456
 0 0.295288
 0 0.302952
 0 0.296726
 0 0.307014
 0 0.293472
 0 0.26707
 0 0.30294
 0 0.2882
 0 0.292768
 0 0.29501
 0 0.29377
 0 0.307606
 0 0.306652
 0 0.278322
 0 0.266568
 0 0.27304
 0 0.27807
 0 0.291998
 0 0.294712
 0 0.288038
 0 0.300604
 0 0.29014
 0 0.288122
 0 0.27348
 0 0.289002
 0 0.287246
 0 0.294442
 0 0.318416
 0 0.280692
 0 0.282904
 0 0.280254
 0 0.281222
 0 0.275696
 0 0.286332
 0 0.309698
 0 0.26968
 0 0.280198
 0 0.289668
 0 0.321198
 0 0.279098
 0 0.297494
 0 0.305236
 0 0.294572
 0 0.314576
 0 0.30688
 0 0.303736
 0 0.307144
 0 0.297302
 0 0.285984
 0 0.297426
 0 0.269678
 0 0.278674
 0 0.302652
 0 0.25392
 0 0.307002
 0 0.290198
 0 0.309686
 0 0.286592
 0 0.315458
 0 0.288142
 0 0.31506
 0 0.316886
 0 0.309802
 0 0.303236
 0 0.304814
 0 0.297598
 0 0.296876
 0 0.293668
 0 0.299072
 0 0.303432
 0 0.29867
 0 0.287706
 0 0.319956
 0 0.306424
 0 0.278174
 0 0.272778
 0 0.296062
 0 0.29405
 0 0.28352
 0 0.289592
 0 0.299836
 0 0.287258
 0 0.320074
 0 0.293756
 0 0.290428
 0 0.302902
 0 0.294008
 0 0.291404
 0 0.287426
 0 0.302956
 0 0.293578
 0 0.251322
 0 0.2746
 0 0.280502
 0 0.299406
 0 0.302656
 0 0.2912
 0 0.290032
 0 0.272876
 0 0.26978
 0 0.295008
 0 0.291638
 0 0.310132
 0 0.298166
 0 0.279294
 0 0.304792
 0 0.297574
 0 0.298946
 0 0.274348
 0 0.296468
 0 0.290458
 0 0.30249
 0 0.279418
 0 0.280476
 0 0.296044
 0 0.296018
 0 0.30249
 0 0.298248
 0 0.2935
 0 0.264296
 0 0.293586
 0 0.291046
 0 0.282302
 0 0.273508
 0 0.288626
 0 0.287032
 0 0.26903
 0 0.284078
 0 0.3111
 0 0.290226
 0 0.286078
 0 0.304808
 0 0.285912
 0 0.291046
 0 0.284864
 0 0.297242
 0 0.295628
 0 0.28668
 0 0.31324
 0 0.2995
 0 0.297564
 0 0.292612
 0 0.299916
 0 0.274886
 0 0.289224
 0 0.287288
 0 0.294224
 0 0.307776
 0 0.3062
 0 0.27321
 0 0.297818
 0 0.313082
 0 0.29303
 0 0.286146
 0 0.281006
 0 0.290036
 0 0.278118
 0 0.28055
 0 0.309852
 0 0.28143
 0 0.28545
 0 0.302422
 0 0.284866
 0 0.291274
 0 0.268118
 0 0.282732
 0 0.266262
 0 0.286104
 0 0.267988
 0 0.305314
 0 0.29343
 0 0.30233
 0 0.308152
 0 0.305832
 0 0.2855
 0 0.298732
 0 0.284052
 0 0.299272
 0 0.298386
 0 0.299892
 0 0.28916
 0 0.30461
 0 0.301628
 0 0.286354
 0 0.288412
 0 0.285414
 0 0.291824
 0 0.30458
 0 0.305864
 0 0.302658
 0 0.300332
 0 0.289904
 0 0.274438
 0 0.297014
 0 0.2951
 0 0.309418
 0 0.295542
 0 0.31286
 0 0.289428
 0 0.283052
 0 0.31195
 0 0.283052
 0 0.292212
 0 0.279372
 0 0.300286
 0 0.310494
 0 0.318798
 0 0.303872
 0 0.261938
 0 0.286088
 0 0.294194
 0 0.299862
 0 0.29811
 0 0.310602
 0 0.308704
 0 0.290866
 0 0.285404
 0 0.293564
 0 0.303206
 0 0.309712
 0 0.290908
 0 0.31876
 0 0.290598
 0 0.293552
 0 0.285772
 0 0.278088
 0 0.292314
 0 0.276432
 0 0.318524
 0 0.305182
 0 0.299162
 0 0.283958
 0 0.302034
 0 0.295578
 0 0.272626
 0 0.269384
 0 0.298214
 0 0.321886
 0 0.290528
 0 0.266652
 0 0.288242
 0 0.299186
 0 0.285852
 0 0.291688
 0 0.29854
 0 0.306442
 0 0.304076
 0 0.275986
 0 0.289736
 0 0.280248
 0 0.29431
 0 0.304966
 0 0.279382
 0 0.312546
 0 0.266066
 0 0.284366
 0 0.29241
 0 0.281158
 0 0.314522
 0 0.307296
 0 0.289808
 0 0.289506
 0 0.296734
 0 0.295828
 0 0.292198
 0 0.283384
 0 0.2741
 0 0.28924
 0 0.267198
 0 0.281578
 0 0.297096
 0 0.31119
 0 0.307488
 0 0.303038
 0 0.303354
 0 0.305808
 0 0.288692
 0 0.291872
 0 0.274808
 0 0.301888
 0 0.29074
 0 0.305122
 0 0.293186
 0 0.298986
 0 0.287118
 0 0.298164
 0 0.308144
 0 0.281048
 0 0.279032
 0 0.302288
 0 0.308166
 0 0.282926
 0 0.299912
 0 0.310442
 0 0.307172
 0 0.308202
 0 0.298644
 0 0.296252
 0 0.291326
 0 0.295678
 0 0.30584
 0 0.294384
 0 0.30068
 0 0.308426
 0 0.29822
 0 0.29635
 0 0.266702
 0 0.293448
 0 0.267356
 0 0.276146
 0 0.301862
 0 0.262482
 0 0.284926
 0 0.28927
 0 0.286694
 0 0.275634
 0 0.30913
 0 0.295508
 0 0.313312
 0 0.286758
 0 0.297238
 0 0.300642
 0 0.28283
 0 0.292984
 0 0.288466
 0 0.271384
 0 0.276014
 0 0.297516
 0 0.284762
 0 0.319866
 0 0.298498
 0 0.296072
 0 0.288422
 0 0.281936
 0 0.282076
 0 0.282896
 0 0.278628
 0 0.29364
 0 0.259152
 0 0.278308
 0 0.294818
 0 0.290136
 0 0.306536
 0 0.29116
 0 0.303534
 0 0.28243
 0 0.30406
 0 0.285794
 0 0.303254
 0 0.273622
 0 0.287946
 0 0.273814
 0 0.29825
 0 0.2909
 0 0.288114
 0 0.301592
 0 0.300342
 0 0.283654
 0 0.293162
 0 0.302672
 0 0.278256
 0 0.285968
 0 0.303788
 0 0.288936
 0 0.296558
 0 0.27536
 0 0.295844
 0 0.296398
 0 0.281202
 0 0.297626
 0 0.28894
 0 0.3174
 0 0.292674
 0 0.29205
 0 0.297348
 0 0.309454
 0 0.291968
 0 0.312838
 0 0.301188
 0 0.306066
 0 0.322954
 0 0.301454
 0 0.269166
 0 0.267012
 0 0.29441
 0 0.30037
 0 0.275114
 0 0.291408
 0 0.287242
 0 0.278054
 0 0.296336
 0 0.269566
 0 0.264914
 0 0.29868
 0 0.28662
 0 0.303898
 0 0.29536
 0 0.291498
 0 0.305482
 0 0.28819
 0 0.304458
 0 0.294606
 0 0.295308
 0 0.2922
 0 0.290302
 0 0.280524
 0 0.314042
 0 0.315314
 0 0.285712
 0 0.306694
 0 0.29365
 0 0.30671
 0 0.292896
 0 0.304936
 0 0.277986
 0 0.278046
 0 0.286044
 0 0.303924
 0 0.304336
 0 0.291958
 0 0.296654
 0 0.27972
 0 0.293926
 0 0.286404
 0 0.303158
 0 0.287368
 0 0.303036
 0 0.30664
 0 0.296226
 0 0.30116
 0 0.296748
 0 0.283248
 0 0.28882
 0 0.289984
 0 0.289874
 0 0.285046
 0 0.299668
 0 0.306528
 0 0.285004
 0 0.29349
 0 0.290454
 0 0.287278
 0 0.28877
 0 0.298148
