600 1 0 0 1
 0 0.185439
 0 0.174608
 0 0.165395
 0 0.185384
 0 0.164335
 0 0.138676
 0 0.168077
 0 0.173337
 0 0.160243
 0 0.179531
 0 0.177482
 0 0.175687
 0 0.176603
 0 0.175857
 0 0.181877
 0 0.175094
 0 0.163319
 0 0.181239
 0 0.171751
 0 0.173404
 0 0.167502
 0 0.173898
 0 0.153894
 0 0.176152
 0 0.16047
 0 0.164697
 0 0.17535
 0 0.168518
 0 0.165
 0 0.183385
 0 0.166703
 0 0.186446
 0 0.175398
 0 0.176796
 0 0.172405
 0 0.179239
 0 0.170129
 0 0.167739
 0 0.153821
 0 0.156067
 0 0.17416
 0 0.176604
 0 0.151523
 0 0.16599
 0 0.165975
 0 0.171262
 0 0.173529
 0 0.18668
 0 0.175583
 0 0.183556
 0 0.155457
 0 0.181466
 0 0.169882
 0 0.180416
 0 0.165217
 0 0.169325
 0 0.174418
 0 0.164117
 0 0.179164
 0 0.180058
 0 0.190653
 0 0.178496
 0 0.175013
 0 0.166525
 0 0.169809
 0 0.169281
 0 0.18706
 0 0.176716
 0 0.176374
 0 0.166155
 0 0.176886
 0 0.167056
 0 0.165841
 0 0.182151
 0 0.165709
 0 0.149154
 0 0.167182
 0 0.172793
 0 0.170172
 0 0.162372
 0 0.173613
 0 0.184158
 0 0.161066
 0 0.179826
 0 0.177394
 0 0.186392
 0 0.150166
 0 0.152941
 0 0.169661
 0 0.156394
 0 0.188459
 0 0.16196
 0 0.1617
 0 0.174915
 0 0.158283
 0 0.181846
 0 0.188347
 0 0.17594
 0 0.156329
 0 0.155465
 0 0.152488
 0 0.166211
 0 0.176827
 0 0.177654
 0 0.175222
 0 0.154817
 0 0.186692
 0 0.168845
 0 0.167273
 0 0.157876
 0 0.175481
 0 0.167759
 0 0.172726
 0 0.175003
 0 0.175746
 0 0.174889
 0 0.169715
 0 0.17207
 0 0.165794
 0 0.162844
 0 0.157851
 0 0.165234
 0 0.165853
 0 0.168612
 0 0.178759
 0 0.175703
 0 0.181279
 0 0.165374
 0 0.17014
 0 0.170685
 0 0.171401
 0 0.163787
 0 0.170448
 0 0.178806
 0 0.171527
 0 0.185458
 0 0.181494
 0 0.165131
 0 0.175025
 0 0.178596
 0 0.174218
 0 0.179558
 0 0.196425
 0 0.157411
 0 0.155443
 0 0.171524
 0 0.167803
 0 0.169594
 0 0.193512
 0 0.198256
 0 0.18603
 0 0.162026
 0 0.176089
 0 0.176508
 0 0.158404
 0 0.166403
 0 0.164767
 0 0.169285
 0 0.177921
 0 0.176019
 0 0.165352
 0 0.140769
 0 0.161454
 0 0.165765
 0 0.17832
 0 0.171969
 0 0.173636
 0 0.168761
 0 0.168956
 0 0.172378
 0 0.15877
 0 0.164936
 0 0.165519
 0 0.165188
 0 0.168962
 0 0.184489
 0 0.176623
 0 0.164454
 0 0.17527
 0 0.163879
 0 0.182095
 0 0.173892
 0 0.16907
 0 0.181933
 0 0.165967
 0 0.187826
 0 0.181111
 0 0.181421
 0 0.172048
 0 0.17922
 0 0.174629
 0 0.142626
 0 0.178563
 0 0.174829
 0 0.178761
 0 0.160687
 0 0.163154
 0 0.157221
 0 0.175384
 0 0.169478
 0 0.169106
 0 0.172104
 0 0.18045
 0 0.177332
 0 0.164513
 0 0.174796
 0 0.16528
 0 0.169752
 0 0.174629
 0 0.169545
 0 0.16614
 0 0.172174
 0 0.178222
 0 0.165179
 0 0.181995
 0 0.168326
 0 0.188597
 0 0.18277
 0 0.190222
 0 0.154583
 0 0.166432
 0 0.172893
 0 0.18944
 0 0.179775
 0 0.181214
 0 0.173482
 0 0.174622
 0 0.17271
 0 0.179744
 0 0.187717
 0 0.170579
 0 0.168565
 0 0.183618
 0 0.171638
 0 0.158388
 0 0.171734
 0 0.161914
 0 0.165141
 0 0.173616
 0 0.193185
 0 0.171903
 0 0.182467
 0 0.178453
 0 0.172164
 0 0.164946
 0 0.175589
 0 0.180896
 0 0.17385
 0 0.157127
 0 0.170379
 0 0.171299
 0 0.161266
 0 0.164834
 0 0.164395
 0 0.152259
 0 0.158024
 0 0.168438
 0 0.156567
 0 0.178945
 0 0.172867
 0 0.161414
 0 0.157694
 0 0.167889
 0 0.174672
 0 0.15794
 0 0.17954
 0 0.17388
 0 0.18185
 0 0.1511
 0 0.172977
 0 0.160795
 0 0.191816
 0 0.187323
 0 0.176
 0 0.16541
 0 0.175367
 0 0.165528
 0 0.181168
 0 0.153198
 0 0.157073
 0 0.175362
 0 0.16962
 0 0.161231
 0 0.171972
 0 0.173054
 0 0.166343
 0 0.164438
 0 0.180016
 0 0.179159
 0 0.179643
 0 0.181356
 0 0.18843
 0 0.15977
 0 0.174048
 0 0.182336
 0 0.182761
 0 0.182085
 0 0.170392
 0 0.179242
 0 0.159981
 0 0.172689
 0 0.164511
 0 0.152845
 0 0.175391
 0 0.187402
 0 0.162687
 0 0.16192
 0 0.186309
 0 0.168947
 0 0.174716
 0 0.173551
 0 0.172024
 0 0.176034
 0 0.159396
 0 0.171074
 0 0.155771
 0 0.174324
 0 0.169219
 0 0.169094
 0 0.175891
 0 0.167843
 0 0.169845
 0 0.175859
 0 0.163616
 0 0.154082
 0 0.178042
 0 0.169813
 0 0.183854
 0 0.171139
 0 0.18067
 0 0.166849
 0 0.186024
 0 0.174363
 0 0.179492
 0 0.172415
 0 0.166228
 0 0.173682
 0 0.181037
 0 0.165967
 0 0.168056
 0 0.173692
 0 0.157424
 0 0.176903
 0 0.174364
 0 0.179954
 0 0.187766
 0 0.166329
 0 0.182834
 0 0.162411
 0 0.178572
 0 0.166061
 0 0.16436
 0 0.167208
 0 0.186932
 0 0.174471
 0 0.164322
 0 0.190255
 0 0.157511
 0 0.166485
 0 0.169465
 0 0.166985
 0 0.176172
 0 0.179853
 0 0.172472
 0 0.16609
 0 0.172461
 0 0.163893
 0 0.174865
 0 0.167935
 0 0.161947
 0 0.178972
 0 0.176366
 0 0.167174
 0 0.178537
 0 0.173624
 0 0.181189
 0 0.180753
 0 0.177988
 0 0.190168
 0 0.173249
 0 0.167936
 0 0.173133
 0 0.162166
 0 0.161372
 0 0.170628
 0 0.16904
 0 0.166774
 0 0.180693
 0 0.167007
 0 0.163287
 0 0.159791
 0 0.172675
 0 0.169537
 0 0.204796
 0 0.188141
 0 0.171558
 0 0.177017
 0 0.180609
 0 0.164483
 0 0.164781
 0 0.170263
 0 0.172194
 0 0.172325
 0 0.16111
 0 0.158157
 0 0.174405
 0 0.17906
 0 0.180239
 0 0.171206
 0 0.174658
 0 0.176875
 0 0.165822
 0 0.179636
 0 0.157205
 0 0.19114
 0 0.180694
 0 0.173054
 0 0.172441
 0 0.175977
 0 0.168316
 0 0.162716
 0 0.172929
 0 0.161505
 0 0.173379
 0 0.172092
 0 0.165653
 0 0.15602
 0 0.177188
 0 0.161237
 0 0.181055
 0 0.178557
 0 0.170554
 0 0.165333
 0 0.161983
 0 0.189759
 0 0.165082
 0 0.178159
 0 0.164841
 0 0.179618
 0 0.18484
 0 0.174632
 0 0.165511
 0 0.174747
 0 0.169616
 0 0.157873
 0 0.184707
 0 0.179913
 0 0.157726
 0 0.195276
 0 0.174224
 0 0.185308
 0 0.166602
 0 0.173235
 0 0.159292
 0 0.18168
 0 0.171271
 0 0.197007
 0 0.182073
 0 0.166081
 0 0.177612
 0 0.182384
 0 0.180776
 0 0.166472
 0 0.173025
 0 0.1669
 0 0.168526
 0 0.183243
 0 0.152365
 0 0.150117
 0 0.15974
 0 0.181524
 0 0.17967
 0 0.182239
 0 0.181157
 0 0.177238
 0 0.174667
 0 0.184451
 0 0.179274
 0 0.16581
 0 0.167361
 0 0.170473
 0 0.165468
 0 0.185405
 0 0.17478
 0 0.156446
 0 0.182409
 0 0.172036
 0 0.166322
 0 0.172771
 0 0.178547
 0 0.17266
 0 0.173954
 0 0.156837
 0 0.167749
 0 0.151664
 0 0.158912
 0 0.170156
 0 0.170684
 0 0.178467
 0 0.1706
 0 0.175843
 0 0.157561
 0 0.169987
 0 0.177122
 0 0.167215
 0 0.172614
 0 0.170652
 0 0.167304
 0 0.170894
 0 0.163579
 0 0.172377
 0 0.179271
 0 0.178897
 0 0.176568
 0 0.162246
 0 0.178219
 0 0.167722
 0 0.177864
 0 0.177443
 0 0.163993
 0 0.181868
 0 0.158129
 0 0.177367
 0 0.168355
 0 0.167465
 0 0.166486
 0 0.168515
 0 0.190394
 0 0.179682
 0 0.186891
 0 0.164669
 0 0.186411
 0 0.177347
 0 0.200855
 0 0.181183
 0 0.18144
 0 0.187274
 0 0.18577
 0 0.156653
 0 0.162595
 0 0.166646
 0 0.166661
 0 0.165379
 0 0.184108
 0 0.178987
 0 0.173655
 0 0.177082
 0 0.174892
 0 0.164503
 0 0.171865
 0 0.163866
 0 0.17116
 0 0.174131
 0 0.173966
 0 0.177904
 0 0.182233
 0 0.16973
 0 0.16732
 0 0.163027
 0 0.165378
 0 0.178504
 0 0.166785
 0 0.180708
 0 0.170822
 0 0.175734
 0 0.183948
 0 0.172958
 0 0.183661
 0 0.184534
 0 0.188949
 0 0.167824
 0 0.186457
 0 0.184563
 0 0.173888
 0 0.180559
 0 0.168891
 0 0.167766
 0 0.167754
 0 0.173917
 0 0.172118
 0 0.1797
 0 0.173218
 0 0.160462
 0 0.180272
 0 0.172855
 0 0.178503
 0 0.169153
 0 0.174457
 0 0.17356
 0 0.170984
 0 0.173765
 0 0.177786
 0 0.178516
 0 0.17593
 0 0.169735
 0 0.170411
 0 0.168401
 0 0.160876
 0 0.164803
 0 0.177957
