603 1 0 0 1
 0 0.209128
 0 0.191842
 0 0.205176
 0 0.196731
 0 0.193094
 0 0.19953
 0 0.180466
 0 0.187877
 0 0.184485
 0 0.201646
 0 0.190602
 0 0.208688
 0 0.198153
 0 0.182438
 0 0.203933
 0 0.192386
 0 0.197678
 0 0.178782
 0 0.1936
 0 0.187738
 0 0.192246
 0 0.18874
 0 0.191788
 0 0.200022
 0 0.199826
 0 0.182082
 0 0.188874
 0 0.185487
 0 0.188766
 0 0.209136
 0 0.188245
 0 0.201217
 0 0.194132
 0 0.196438
 0 0.18783
 0 0.206943
 0 0.201838
 0 0.187992
 0 0.211174
 0 0.192334
 0 0.184047
 0 0.214255
 0 0.180018
 0 0.185433
 0 0.189916
 0 0.176493
 0 0.1913
 0 0.194888
 0 0.205281
 0 0.189863
 0 0.18961
 0 0.200783
 0 0.197704
 0 0.211248
 0 0.210153
 0 0.188526
 0 0.197311
 0 0.180494
 0 0.181672
 0 0.207999
 0 0.187861
 0 0.197676
 0 0.167722
 0 0.182644
 0 0.216376
 0 0.193818
 0 0.201413
 0 0.192545
 0 0.195866
 0 0.182045
 0 0.19727
 0 0.193071
 0 0.1856
 0 0.1907
 0 0.192387
 0 0.188359
 0 0.189023
 0 0.190627
 0 0.184101
 0 0.189049
 0 0.185888
 0 0.196442
 0 0.20661
 0 0.175305
 0 0.195926
 0 0.201174
 0 0.16563
 0 0.191988
 0 0.203812
 0 0.176126
 0 0.212747
 0 0.200967
 0 0.181153
 0 0.197307
 0 0.186363
 0 0.191515
 0 0.19494
 0 0.202966
 0 0.192122
 0 0.197168
 0 0.194747
 0 0.201203
 0 0.207715
 0 0.188856
 0 0.206625
 0 0.203749
 0 0.203475
 0 0.192659
 0 0.191104
 0 0.206688
 0 0.192966
 0 0.199776
 0 0.203881
 0 0.181389
 0 0.193553
 0 0.190022
 0 0.198606
 0 0.189653
 0 0.189445
 0 0.196057
 0 0.187824
 0 0.19718
 0 0.18291
 0 0.188996
 0 0.193348
 0 0.18332
 0 0.207321
 0 0.184933
 0 0.213284
 0 0.193784
 0 0.214607
 0 0.189593
 0 0.204533
 0 0.20632
 0 0.213688
 0 0.199437
 0 0.193314
 0 0.210752
 0 0.196814
 0 0.209385
 0 0.202103
 0 0.186034
 0 0.19872
 0 0.19567
 0 0.18614
 0 0.192051
 0 0.192732
 0 0.192467
 0 0.191914
 0 0.212731
 0 0.191485
 0 0.191499
 0 0.19105
 0 0.179505
 0 0.192748
 0 0.190119
 0 0.184577
 0 0.213463
 0 0.193479
 0 0.204417
 0 0.19926
 0 0.194792
 0 0.173337
 0 0.203628
 0 0.194981
 0 0.216171
 0 0.178654
 0 0.191741
 0 0.199285
 0 0.212376
 0 0.207175
 0 0.18713
 0 0.191658
 0 0.207278
 0 0.206302
 0 0.190427
 0 0.201969
 0 0.188874
 0 0.198952
 0 0.179473
 0 0.182759
 0 0.190955
 0 0.205759
 0 0.19097
 0 0.199834
 0 0.181708
 0 0.178961
 0 0.190542
 0 0.195132
 0 0.192227
 0 0.182565
 0 0.218086
 0 0.220189
 0 0.19883
 0 0.186789
 0 0.18588
 0 0.20323
 0 0.186289
 0 0.205488
 0 0.197061
 0 0.193471
 0 0.203159
 0 0.194033
 0 0.177701
 0 0.186321
 0 0.185829
 0 0.198854
 0 0.195941
 0 0.203679
 0 0.204687
 0 0.214376
 0 0.19912
 0 0.195744
 0 0.1975
 0 0.200231
 0 0.2162
 0 0.200144
 0 0.223328
 0 0.203843
 0 0.189023
 0 0.197607
 0 0.204782
 0 0.194483
 0 0.195565
 0 0.193183
 0 0.208149
 0 0.210081
 0 0.197572
 0 0.202271
 0 0.207215
 0 0.218078
 0 0.180574
 0 0.171748
 0 0.200678
 0 0.200255
 0 0.184219
 0 0.202733
 0 0.191619
 0 0.183937
 0 0.216329
 0 0.19379
 0 0.18213
 0 0.190601
 0 0.181685
 0 0.197595
 0 0.202597
 0 0.186768
 0 0.196131
 0 0.171647
 0 0.187612
 0 0.196773
 0 0.204496
 0 0.20916
 0 0.197986
 0 0.205356
 0 0.201096
 0 0.200166
 0 0.198983
 0 0.193533
 0 0.190944
 0 0.186667
 0 0.194622
 0 0.204892
 0 0.18415
 0 0.193114
 0 0.190224
 0 0.195841
 0 0.18012
 0 0.199993
 0 0.180553
 0 0.182471
 0 0.198284
 0 0.206894
 0 0.200993
 0 0.189928
 0 0.186678
 0 0.176588
 0 0.207975
 0 0.203904
 0 0.196587
 0 0.191868
 0 0.179533
 0 0.192742
 0 0.18388
 0 0.189483
 0 0.195602
 0 0.198491
 0 0.189549
 0 0.210116
 0 0.199556
 0 0.200804
 0 0.191385
 0 0.201782
 0 0.201719
 0 0.177234
 0 0.189959
 0 0.177649
 0 0.195464
 0 0.187333
 0 0.189096
 0 0.206995
 0 0.197957
 0 0.198148
 0 0.201862
 0 0.184161
 0 0.198973
 0 0.190075
 0 0.199791
 0 0.196359
 0 0.198087
 0 0.196116
 0 0.199309
 0 0.185523
 0 0.193833
 0 0.190746
 0 0.171947
 0 0.203391
 0 0.185162
 0 0.183476
 0 0.191477
 0 0.205612
 0 0.189107
 0 0.187292
 0 0.188574
 0 0.184255
 0 0.194487
 0 0.183344
 0 0.210283
 0 0.182402
 0 0.20803
 0 0.201068
 0 0.191759
 0 0.181915
 0 0.204199
 0 0.185963
 0 0.203142
 0 0.186828
 0 0.213735
 0 0.205061
 0 0.187397
 0 0.188395
 0 0.199354
 0 0.209294
 0 0.199036
 0 0.190633
 0 0.190642
 0 0.197708
 0 0.190854
 0 0.186357
 0 0.186237
 0 0.177633
 0 0.196546
 0 0.205604
 0 0.210063
 0 0.192725
 0 0.189611
 0 0.189493
 0 0.195559
 0 0.205206
 0 0.182165
 0 0.191068
 0 0.184672
 0 0.211326
 0 0.185006
 0 0.187069
 0 0.207382
 0 0.196392
 0 0.195962
 0 0.211314
 0 0.198435
 0 0.19212
 0 0.19998
 0 0.191275
 0 0.203325
 0 0.201033
 0 0.196323
 0 0.184589
 0 0.209621
 0 0.18665
 0 0.214175
 0 0.212141
 0 0.205016
 0 0.19249
 0 0.194408
 0 0.181531
 0 0.195479
 0 0.19964
 0 0.188674
 0 0.197697
 0 0.208214
 0 0.201152
 0 0.185189
 0 0.183806
 0 0.192388
 0 0.19053
 0 0.206056
 0 0.196577
 0 0.195733
 0 0.19638
 0 0.204752
 0 0.188244
 0 0.190542
 0 0.20255
 0 0.186219
 0 0.197488
 0 0.186574
 0 0.187628
 0 0.180743
 0 0.216158
 0 0.195021
 0 0.187109
 0 0.192075
 0 0.192824
 0 0.176571
 0 0.176004
 0 0.179883
 0 0.211078
 0 0.192277
 0 0.189876
 0 0.197786
 0 0.184132
 0 0.196419
 0 0.17902
 0 0.180125
 0 0.188507
 0 0.200322
 0 0.196402
 0 0.179556
 0 0.199223
 0 0.188159
 0 0.199266
 0 0.187006
 0 0.192836
 0 0.188338
 0 0.204372
 0 0.186265
 0 0.182164
 0 0.196874
 0 0.183827
 0 0.198367
 0 0.189717
 0 0.208775
 0 0.186289
 0 0.204602
 0 0.197673
 0 0.188283
 0 0.188534
 0 0.169052
 0 0.202582
 0 0.190229
 0 0.195133
 0 0.197996
 0 0.187582
 0 0.193958
 0 0.209219
 0 0.198085
 0 0.195669
 0 0.205001
 0 0.204778
 0 0.196886
 0 0.199678
 0 0.204412
 0 0.184902
 0 0.199103
 0 0.185089
 0 0.1934
 0 0.213668
 0 0.187053
 0 0.196979
 0 0.178079
 0 0.188622
 0 0.185329
 0 0.201751
 0 0.194838
 0 0.197466
 0 0.193864
 0 0.20079
 0 0.187418
 0 0.196354
 0 0.181411
 0 0.199793
 0 0.172632
 0 0.190705
 0 0.190464
 0 0.186605
 0 0.201913
 0 0.177249
 0 0.214776
 0 0.175596
 0 0.209184
 0 0.193971
 0 0.187419
 0 0.202448
 0 0.177197
 0 0.177696
 0 0.173945
 0 0.169447
 0 0.200248
 0 0.203598
 0 0.182452
 0 0.195556
 0 0.178598
 0 0.188408
 0 0.195359
 0 0.181785
 0 0.19492
 0 0.202749
 0 0.188039
 0 0.199878
 0 0.190958
 0 0.178194
 0 0.20028
 0 0.190222
 0 0.204529
 0 0.200455
 0 0.201267
 0 0.212841
 0 0.195407
 0 0.175045
 0 0.199304
 0 0.202456
 0 0.189238
 0 0.202745
 0 0.179827
 0 0.200233
 0 0.187832
 0 0.178649
 0 0.19558
 0 0.193175
 0 0.207869
 0 0.196497
 0 0.19232
 0 0.202173
 0 0.197584
 0 0.200369
 0 0.208529
 0 0.203849
 0 0.195431
 0 0.211267
 0 0.196324
 0 0.180297
 0 0.187911
 0 0.193077
 0 0.200714
 0 0.179841
 0 0.196244
 0 0.225404
 0 0.194689
 0 0.188593
 0 0.184191
 0 0.1905
 0 0.192663
 0 0.188741
 0 0.182082
 0 0.188098
 0 0.201168
 0 0.200212
 0 0.186632
 0 0.204292
 0 0.213705
 0 0.191945
 0 0.192068
 0 0.18568
 0 0.197168
 0 0.195052
 0 0.209128
 0 0.184168
 0 0.203101
 0 0.184709
 0 0.188123
 0 0.186031
 0 0.203898
 0 0.180638
 0 0.175851
 0 0.198017
 0 0.201786
 0 0.188943
 0 0.188652
 0 0.186099
 0 0.196905
 0 0.199506
 0 0.186968
 0 0.183794
 0 0.206644
 0 0.194236
 0 0.210276
 0 0.197103
 0 0.208142
 0 0.200653
 0 0.20215
 0 0.190615
 0 0.192048
 0 0.178286
 0 0.204576
 0 0.193461
 0 0.19252
 0 0.181253
 0 0.190756
 0 0.201799
 0 0.199333
 0 0.202494
 0 0.192134
 0 0.206258
