600 1 0 0 1
 0 0.140556
 0 0.128218
 0 0.136021
 0 0.152625
 0 0.132462
 0 0.127257
 0 0.136141
 0 0.142016
 0 0.16057
 0 0.13805
 0 0.136511
 0 0.155708
 0 0.13984
 0 0.140327
 0 0.134994
 0 0.130805
 0 0.145049
 0 0.12739
 0 0.129999
 0 0.140608
 0 0.11828
 0 0.107096
 0 0.128536
 0 0.128972
 0 0.141474
 0 0.12853
 0 0.15209
 0 0.150636
 0 0.132024
 0 0.136364
 0 0.144899
 0 0.14218
 0 0.127913
 0 0.138351
 0 0.151095
 0 0.139522
 0 0.126811
 0 0.138547
 0 0.138987
 0 0.147762
 0 0.142554
 0 0.161446
 0 0.126812
 0 0.138614
 0 0.135748
 0 0.160045
 0 0.148926
 0 0.129877
 0 0.140215
 0 0.154157
 0 0.102663
 0 0.125377
 0 0.112944
 0 0.140315
 0 0.124535
 0 0.144699
 0 0.142579
 0 0.14153
 0 0.131316
 0 0.129123
 0 0.136866
 0 0.136264
 0 0.139605
 0 0.133203
 0 0.14661
 0 0.148345
 0 0.153935
 0 0.14518
 0 0.144334
 0 0.15585
 0 0.147098
 0 0.136581
 0 0.140927
 0 0.146906
 0 0.152178
 0 0.146484
 0 0.150287
 0 0.158821
 0 0.134328
 0 0.140443
 0 0.137017
 0 0.162029
 0 0.13402
 0 0.138962
 0 0.141617
 0 0.142576
 0 0.13169
 0 0.143203
 0 0.131008
 0 0.134728
 0 0.134529
 0 0.139557
 0 0.145083
 0 0.135444
 0 0.142412
 0 0.151994
 0 0.14598
 0 0.160639
 0 0.144588
 0 0.151539
 0 0.131914
 0 0.119452
 0 0.148325
 0 0.147406
 0 0.148315
 0 0.14061
 0 0.14434
 0 0.117837
 0 0.118346
 0 0.127425
 0 0.13813
 0 0.124614
 0 0.140061
 0 0.135106
 0 0.134179
 0 0.139168
 0 0.144289
 0 0.132956
 0 0.116597
 0 0.128754
 0 0.133162
 0 0.118334
 0 0.110929
 0 0.127468
 0 0.133603
 0 0.131518
 0 0.140686
 0 0.14444
 0 0.128856
 0 0.145567
 0 0.15382
 0 0.153785
 0 0.151042
 0 0.147841
 0 0.138434
 0 0.147184
 0 0.139172
 0 0.129311
 0 0.144241
 0 0.154525
 0 0.13597
 0 0.126005
 0 0.122626
 0 0.116412
 0 0.129206
 0 0.153664
 0 0.146316
 0 0.147298
 0 0.145712
 0 0.153786
 0 0.133516
 0 0.124808
 0 0.134827
 0 0.152855
 0 0.142662
 0 0.147535
 0 0.145842
 0 0.159971
 0 0.126587
 0 0.141687
 0 0.138358
 0 0.125836
 0 0.149087
 0 0.147574
 0 0.139306
 0 0.142547
 0 0.134503
 0 0.145736
 0 0.129831
 0 0.115935
 0 0.126305
 0 0.134606
 0 0.133544
 0 0.148242
 0 0.124758
 0 0.13898
 0 0.141708
 0 0.144335
 0 0.138161
 0 0.14858
 0 0.162378
 0 0.157934
 0 0.144201
 0 0.142422
 0 0.1417
 0 0.138503
 0 0.140629
 0 0.145939
 0 0.128393
 0 0.13361
 0 0.161249
 0 0.130145
 0 0.133078
 0 0.143694
 0 0.143053
 0 0.133743
 0 0.14773
 0 0.143222
 0 0.135319
 0 0.144527
 0 0.135345
 0 0.119309
 0 0.140162
 0 0.13105
 0 0.135213
 0 0.140319
 0 0.134037
 0 0.144215
 0 0.15273
 0 0.108695
 0 0.149964
 0 0.133843
 0 0.140375
 0 0.142199
 0 0.135742
 0 0.144248
 0 0.142063
 0 0.157905
 0 0.144381
 0 0.150957
 0 0.146323
 0 0.134875
 0 0.152403
 0 0.146317
 0 0.147002
 0 0.145866
 0 0.144417
 0 0.140927
 0 0.147611
 0 0.146295
 0 0.13469
 0 0.135138
 0 0.127131
 0 0.124731
 0 0.135732
 0 0.1424
 0 0.137393
 0 0.135205
 0 0.144145
 0 0.141648
 0 0.151951
 0 0.14028
 0 0.152638
 0 0.12506
 0 0.134511
 0 0.144913
 0 0.151014
 0 0.139703
 0 0.127169
 0 0.126399
 0 0.133368
 0 0.155126
 0 0.142232
 0 0.144957
 0 0.126393
 0 0.141395
 0 0.141927
 0 0.127806
 0 0.156706
 0 0.131055
 0 0.146349
 0 0.144792
 0 0.141557
 0 0.122432
 0 0.136263
 0 0.145914
 0 0.130491
 0 0.135638
 0 0.133872
 0 0.148137
 0 0.121238
 0 0.123041
 0 0.137817
 0 0.139756
 0 0.142306
 0 0.131344
 0 0.143955
 0 0.136893
 0 0.131118
 0 0.143095
 0 0.150149
 0 0.132635
 0 0.1302
 0 0.124393
 0 0.130645
 0 0.145437
 0 0.141714
 0 0.150768
 0 0.157695
 0 0.140082
 0 0.145827
 0 0.150112
 0 0.140533
 0 0.119813
 0 0.133782
 0 0.152381
 0 0.14437
 0 0.136298
 0 0.126781
 0 0.125131
 0 0.142502
 0 0.136705
 0 0.136261
 0 0.137321
 0 0.134261
 0 0.137201
 0 0.133967
 0 0.165518
 0 0.152582
 0 0.150123
 0 0.145004
 0 0.155791
 0 0.156701
 0 0.152992
 0 0.158409
 0 0.153937
 0 0.129335
 0 0.145396
 0 0.137729
 0 0.133541
 0 0.136147
 0 0.12143
 0 0.130331
 0 0.150393
 0 0.145891
 0 0.15741
 0 0.127323
 0 0.152976
 0 0.156955
 0 0.145495
 0 0.142909
 0 0.156332
 0 0.139368
 0 0.155808
 0 0.132984
 0 0.15209
 0 0.131173
 0 0.138928
 0 0.145142
 0 0.140911
 0 0.135469
 0 0.138573
 0 0.154211
 0 0.150583
 0 0.135283
 0 0.138325
 0 0.152947
 0 0.147898
 0 0.128718
 0 0.141985
 0 0.142347
 0 0.130876
 0 0.161164
 0 0.157922
 0 0.147458
 0 0.142303
 0 0.123189
 0 0.144885
 0 0.150801
 0 0.147349
 0 0.153051
 0 0.137735
 0 0.145313
 0 0.164268
 0 0.1284
 0 0.125025
 0 0.144934
 0 0.144894
 0 0.145015
 0 0.142005
 0 0.140813
 0 0.144653
 0 0.131464
 0 0.116601
 0 0.142204
 0 0.144473
 0 0.147097
 0 0.139922
 0 0.116309
 0 0.134143
 0 0.135134
 0 0.154981
 0 0.151754
 0 0.145657
 0 0.154207
 0 0.143991
 0 0.138427
 0 0.115408
 0 0.147562
 0 0.141573
 0 0.168415
 0 0.138413
 0 0.134112
 0 0.128551
 0 0.135799
 0 0.116846
 0 0.146415
 0 0.136877
 0 0.135006
 0 0.134556
 0 0.145119
 0 0.11829
 0 0.136749
 0 0.130431
 0 0.140984
 0 0.123928
 0 0.110825
 0 0.148342
 0 0.137146
 0 0.142293
 0 0.134032
 0 0.127363
 0 0.138295
 0 0.125154
 0 0.12031
 0 0.127764
 0 0.12066
 0 0.140413
 0 0.136672
 0 0.134079
 0 0.145753
 0 0.142097
 0 0.128528
 0 0.151714
 0 0.134609
 0 0.139462
 0 0.134836
 0 0.130228
 0 0.14363
 0 0.14556
 0 0.132879
 0 0.140569
 0 0.125766
 0 0.124799
 0 0.134113
 0 0.13384
 0 0.141224
 0 0.142052
 0 0.127244
 0 0.163088
 0 0.142893
 0 0.142389
 0 0.132789
 0 0.139354
 0 0.140168
 0 0.13764
 0 0.139436
 0 0.146504
 0 0.145051
 0 0.15249
 0 0.144815
 0 0.144963
 0 0.148523
 0 0.135031
 0 0.142197
 0 0.142346
 0 0.149046
 0 0.131575
 0 0.139131
 0 0.150357
 0 0.122068
 0 0.142994
 0 0.14273
 0 0.124512
 0 0.12125
 0 0.119113
 0 0.140193
 0 0.13768
 0 0.114639
 0 0.125578
 0 0.130233
 0 0.130621
 0 0.142805
 0 0.137019
 0 0.140323
 0 0.138757
 0 0.147143
 0 0.140081
 0 0.14337
 0 0.126704
 0 0.133476
 0 0.126388
 0 0.156158
 0 0.135192
 0 0.142843
 0 0.145664
 0 0.140771
 0 0.131106
 0 0.14151
 0 0.126888
 0 0.131888
 0 0.130972
 0 0.134256
 0 0.159532
 0 0.13472
 0 0.130182
 0 0.141096
 0 0.138416
 0 0.151115
 0 0.159584
 0 0.146538
 0 0.136387
 0 0.142815
 0 0.14806
 0 0.156014
 0 0.13058
 0 0.1492
 0 0.135136
 0 0.13718
 0 0.124562
 0 0.145193
 0 0.137608
 0 0.153661
 0 0.149521
 0 0.141421
 0 0.144407
 0 0.137142
 0 0.145107
 0 0.147939
 0 0.142777
 0 0.156178
 0 0.137451
 0 0.145951
 0 0.141019
 0 0.127716
 0 0.145555
 0 0.167868
 0 0.133558
 0 0.121385
 0 0.134826
 0 0.135442
 0 0.135533
 0 0.161206
 0 0.153307
 0 0.144037
 0 0.095832
 0 0.137556
 0 0.139369
 0 0.132817
 0 0.15022
 0 0.144529
 0 0.142491
 0 0.146149
 0 0.127613
 0 0.133926
 0 0.135103
 0 0.142272
 0 0.12641
 0 0.134481
 0 0.131518
 0 0.147498
 0 0.135571
 0 0.121487
 0 0.150142
 0 0.152015
 0 0.132278
 0 0.138532
 0 0.137492
 0 0.135418
 0 0.12091
 0 0.138271
 0 0.140301
 0 0.128629
 0 0.143989
 0 0.137546
 0 0.15671
 0 0.149192
 0 0.136243
 0 0.128983
 0 0.154511
 0 0.137762
 0 0.126549
 0 0.137463
 0 0.130448
 0 0.134293
 0 0.12396
 0 0.123126
 0 0.140565
 0 0.143755
 0 0.143584
 0 0.137717
 0 0.156498
 0 0.15121
 0 0.121074
 0 0.142952
 0 0.147034
 0 0.1459
 0 0.147202
 0 0.144151
 0 0.12881
 0 0.139311
 0 0.144569
 0 0.137813
 0 0.139066
 0 0.146918
 0 0.143387
 0 0.136651
 0 0.149738
 0 0.139809
 0 0.153189
