603 1 0 0 1
 0 0.418256
 0 0.383684
 0 0.410352
 0 0.393462
 0 0.386188
 0 0.39906
 0 0.360932
 0 0.375754
 0 0.36897
 0 0.403292
 0 0.381204
 0 0.417376
 0 0.396306
 0 0.364876
 0 0.407866
 0 0.384772
 0 0.395356
 0 0.357564
 0 0.3872
 0 0.375476
 0 0.384492
 0 0.37748
 0 0.383576
 0 0.400044
 0 0.399652
 0 0.364164
 0 0.377748
 0 0.370974
 0 0.377532
 0 0.418272
 0 0.37649
 0 0.402434
 0 0.388264
 0 0.392876
 0 0.37566
 0 0.413886
 0 0.403676
 0 0.375984
 0 0.422348
 0 0.384668
 0 0.368094
 0 0.42851
 0 0.360036
 0 0.370866
 0 0.379832
 0 0.352986
 0 0.3826
 0 0.389776
 0 0.410562
 0 0.379726
 0 0.37922
 0 0.401566
 0 0.395408
 0 0.422496
 0 0.420306
 0 0.377052
 0 0.394622
 0 0.360988
 0 0.363344
 0 0.415998
 0 0.375722
 0 0.395352
 0 0.335444
 0 0.365288
 0 0.432752
 0 0.387636
 0 0.402826
 0 0.38509
 0 0.391732
 0 0.36409
 0 0.39454
 0 0.386142
 0 0.3712
 0 0.3814
 0 0.384774
 0 0.376718
 0 0.378046
 0 0.381254
 0 0.368202
 0 0.378098
 0 0.371776
 0 0.392884
 0 0.41322
 0 0.35061
 0 0.391852
 0 0.402348
 0 0.33126
 0 0.383976
 0 0.407624
 0 0.352252
 0 0.425494
 0 0.401934
 0 0.362306
 0 0.394614
 0 0.372726
 0 0.38303
 0 0.38988
 0 0.405932
 0 0.384244
 0 0.394336
 0 0.389494
 0 0.402406
 0 0.41543
 0 0.377712
 0 0.41325
 0 0.407498
 0 0.40695
 0 0.385318
 0 0.382208
 0 0.413376
 0 0.385932
 0 0.399552
 0 0.407762
 0 0.362778
 0 0.387106
 0 0.380044
 0 0.397212
 0 0.379306
 0 0.37889
 0 0.392114
 0 0.375648
 0 0.39436
 0 0.36582
 0 0.377992
 0 0.386696
 0 0.36664
 0 0.414642
 0 0.369866
 0 0.426568
 0 0.387568
 0 0.429214
 0 0.379186
 0 0.409066
 0 0.41264
 0 0.427376
 0 0.398874
 0 0.386628
 0 0.421504
 0 0.393628
 0 0.41877
 0 0.404206
 0 0.372068
 0 0.39744
 0 0.39134
 0 0.37228
 0 0.384102
 0 0.385464
 0 0.384934
 0 0.383828
 0 0.425462
 0 0.38297
 0 0.382998
 0 0.3821
 0 0.35901
 0 0.385496
 0 0.380238
 0 0.369154
 0 0.426926
 0 0.386958
 0 0.408834
 0 0.39852
 0 0.389584
 0 0.346674
 0 0.407256
 0 0.389962
 0 0.432342
 0 0.357308
 0 0.383482
 0 0.39857
 0 0.424752
 0 0.41435
 0 0.37426
 0 0.383316
 0 0.414556
 0 0.412604
 0 0.380854
 0 0.403938
 0 0.377748
 0 0.397904
 0 0.358946
 0 0.365518
 0 0.38191
 0 0.411518
 0 0.38194
 0 0.399668
 0 0.363416
 0 0.357922
 0 0.381084
 0 0.390264
 0 0.384454
 0 0.36513
 0 0.436172
 0 0.440378
 0 0.39766
 0 0.373578
 0 0.37176
 0 0.40646
 0 0.372578
 0 0.410976
 0 0.394122
 0 0.386942
 0 0.406318
 0 0.388066
 0 0.355402
 0 0.372642
 0 0.371658
 0 0.397708
 0 0.391882
 0 0.407358
 0 0.409374
 0 0.428752
 0 0.39824
 0 0.391488
 0 0.395
 0 0.400462
 0 0.4324
 0 0.400288
 0 0.446656
 0 0.407686
 0 0.378046
 0 0.395214
 0 0.409564
 0 0.388966
 0 0.39113
 0 0.386366
 0 0.416298
 0 0.420162
 0 0.395144
 0 0.404542
 0 0.41443
 0 0.436156
 0 0.361148
 0 0.343496
 0 0.401356
 0 0.40051
 0 0.368438
 0 0.405466
 0 0.383238
 0 0.367874
 0 0.432658
 0 0.38758
 0 0.36426
 0 0.381202
 0 0.36337
 0 0.39519
 0 0.405194
 0 0.373536
 0 0.392262
 0 0.343294
 0 0.375224
 0 0.393546
 0 0.408992
 0 0.41832
 0 0.395972
 0 0.410712
 0 0.402192
 0 0.400332
 0 0.397966
 0 0.387066
 0 0.381888
 0 0.373334
 0 0.389244
 0 0.409784
 0 0.3683
 0 0.386228
 0 0.380448
 0 0.391682
 0 0.36024
 0 0.399986
 0 0.361106
 0 0.364942
 0 0.396568
 0 0.413788
 0 0.401986
 0 0.379856
 0 0.373356
 0 0.353176
 0 0.41595
 0 0.407808
 0 0.393174
 0 0.383736
 0 0.359066
 0 0.385484
 0 0.36776
 0 0.378966
 0 0.391204
 0 0.396982
 0 0.379098
 0 0.420232
 0 0.399112
 0 0.401608
 0 0.38277
 0 0.403564
 0 0.403438
 0 0.354468
 0 0.379918
 0 0.355298
 0 0.390928
 0 0.374666
 0 0.378192
 0 0.41399
 0 0.395914
 0 0.396296
 0 0.403724
 0 0.368322
 0 0.397946
 0 0.38015
 0 0.399582
 0 0.392718
 0 0.396174
 0 0.392232
 0 0.398618
 0 0.371046
 0 0.387666
 0 0.381492
 0 0.343894
 0 0.406782
 0 0.370324
 0 0.366952
 0 0.382954
 0 0.411224
 0 0.378214
 0 0.374584
 0 0.377148
 0 0.36851
 0 0.388974
 0 0.366688
 0 0.420566
 0 0.364804
 0 0.41606
 0 0.402136
 0 0.383518
 0 0.36383
 0 0.408398
 0 0.371926
 0 0.406284
 0 0.373656
 0 0.42747
 0 0.410122
 0 0.374794
 0 0.37679
 0 0.398708
 0 0.418588
 0 0.398072
 0 0.381266
 0 0.381284
 0 0.395416
 0 0.381708
 0 0.372714
 0 0.372474
 0 0.355266
 0 0.393092
 0 0.411208
 0 0.420126
 0 0.38545
 0 0.379222
 0 0.378986
 0 0.391118
 0 0.410412
 0 0.36433
 0 0.382136
 0 0.369344
 0 0.422652
 0 0.370012
 0 0.374138
 0 0.414764
 0 0.392784
 0 0.391924
 0 0.422628
 0 0.39687
 0 0.38424
 0 0.39996
 0 0.38255
 0 0.40665
 0 0.402066
 0 0.392646
 0 0.369178
 0 0.419242
 0 0.3733
 0 0.42835
 0 0.424282
 0 0.410032
 0 0.38498
 0 0.388816
 0 0.363062
 0 0.390958
 0 0.39928
 0 0.377348
 0 0.395394
 0 0.416428
 0 0.402304
 0 0.370378
 0 0.367612
 0 0.384776
 0 0.38106
 0 0.412112
 0 0.393154
 0 0.391466
 0 0.39276
 0 0.409504
 0 0.376488
 0 0.381084
 0 0.4051
 0 0.372438
 0 0.394976
 0 0.373148
 0 0.375256
 0 0.361486
 0 0.432316
 0 0.390042
 0 0.374218
 0 0.38415
 0 0.385648
 0 0.353142
 0 0.352008
 0 0.359766
 0 0.422156
 0 0.384554
 0 0.379752
 0 0.395572
 0 0.368264
 0 0.392838
 0 0.35804
 0 0.36025
 0 0.377014
 0 0.400644
 0 0.392804
 0 0.359112
 0 0.398446
 0 0.376318
 0 0.398532
 0 0.374012
 0 0.385672
 0 0.376676
 0 0.408744
 0 0.37253
 0 0.364328
 0 0.393748
 0 0.367654
 0 0.396734
 0 0.379434
 0 0.41755
 0 0.372578
 0 0.409204
 0 0.395346
 0 0.376566
 0 0.377068
 0 0.338104
 0 0.405164
 0 0.380458
 0 0.390266
 0 0.395992
 0 0.375164
 0 0.387916
 0 0.418438
 0 0.39617
 0 0.391338
 0 0.410002
 0 0.409556
 0 0.393772
 0 0.399356
 0 0.408824
 0 0.369804
 0 0.398206
 0 0.370178
 0 0.3868
 0 0.427336
 0 0.374106
 0 0.393958
 0 0.356158
 0 0.377244
 0 0.370658
 0 0.403502
 0 0.389676
 0 0.394932
 0 0.387728
 0 0.40158
 0 0.374836
 0 0.392708
 0 0.362822
 0 0.399586
 0 0.345264
 0 0.38141
 0 0.380928
 0 0.37321
 0 0.403826
 0 0.354498
 0 0.429552
 0 0.351192
 0 0.418368
 0 0.387942
 0 0.374838
 0 0.404896
 0 0.354394
 0 0.355392
 0 0.34789
 0 0.338894
 0 0.400496
 0 0.407196
 0 0.364904
 0 0.391112
 0 0.357196
 0 0.376816
 0 0.390718
 0 0.36357
 0 0.38984
 0 0.405498
 0 0.376078
 0 0.399756
 0 0.381916
 0 0.356388
 0 0.40056
 0 0.380444
 0 0.409058
 0 0.40091
 0 0.402534
 0 0.425682
 0 0.390814
 0 0.35009
 0 0.398608
 0 0.404912
 0 0.378476
 0 0.40549
 0 0.359654
 0 0.400466
 0 0.375664
 0 0.357298
 0 0.39116
 0 0.38635
 0 0.415738
 0 0.392994
 0 0.38464
 0 0.404346
 0 0.395168
 0 0.400738
 0 0.417058
 0 0.407698
 0 0.390862
 0 0.422534
 0 0.392648
 0 0.360594
 0 0.375822
 0 0.386154
 0 0.401428
 0 0.359682
 0 0.392488
 0 0.450808
 0 0.389378
 0 0.377186
 0 0.368382
 0 0.381
 0 0.385326
 0 0.377482
 0 0.364164
 0 0.376196
 0 0.402336
 0 0.400424
 0 0.373264
 0 0.408584
 0 0.42741
 0 0.38389
 0 0.384136
 0 0.37136
 0 0.394336
 0 0.390104
 0 0.418256
 0 0.368336
 0 0.406202
 0 0.369418
 0 0.376246
 0 0.372062
 0 0.407796
 0 0.361276
 0 0.351702
 0 0.396034
 0 0.403572
 0 0.377886
 0 0.377304
 0 0.372198
 0 0.39381
 0 0.399012
 0 0.373936
 0 0.367588
 0 0.413288
 0 0.388472
 0 0.420552
 0 0.394206
 0 0.416284
 0 0.401306
 0 0.4043
 0 0.38123
 0 0.384096
 0 0.356572
 0 0.409152
 0 0.386922
 0 0.38504
 0 0.362506
 0 0.381512
 0 0.403598
 0 0.398666
 0 0.404988
 0 0.384268
 0 0.412516
