603 1 0 0 1
 0 0.219526
 0 0.222188
 0 0.21386
 0 0.22693
 0 0.226982
 0 0.218052
 0 0.237674
 0 0.223396
 0 0.238582
 0 0.23733
 0 0.228142
 0 0.22329
 0 0.225326
 0 0.224456
 0 0.227684
 0 0.232394
 0 0.225946
 0 0.220442
 0 0.226706
 0 0.210678
 0 0.225984
 0 0.218962
 0 0.209862
 0 0.218122
 0 0.226514
 0 0.209844
 0 0.22551
 0 0.232988
 0 0.227156
 0 0.233906
 0 0.227198
 0 0.222582
 0 0.20797
 0 0.232906
 0 0.232708
 0 0.217198
 0 0.232102
 0 0.220236
 0 0.213466
 0 0.225172
 0 0.217696
 0 0.225094
 0 0.22197
 0 0.225426
 0 0.223676
 0 0.233032
 0 0.228412
 0 0.234918
 0 0.234644
 0 0.240874
 0 0.222336
 0 0.220916
 0 0.218242
 0 0.234988
 0 0.229582
 0 0.216294
 0 0.216374
 0 0.207522
 0 0.23401
 0 0.22723
 0 0.23345
 0 0.231886
 0 0.229044
 0 0.236082
 0 0.231812
 0 0.22495
 0 0.219102
 0 0.237686
 0 0.23765
 0 0.235682
 0 0.230026
 0 0.214984
 0 0.207584
 0 0.218942
 0 0.227364
 0 0.225828
 0 0.241778
 0 0.231016
 0 0.218762
 0 0.217856
 0 0.231082
 0 0.23239
 0 0.212302
 0 0.238308
 0 0.226072
 0 0.24031
 0 0.217894
 0 0.23203
 0 0.221748
 0 0.204652
 0 0.23744
 0 0.233402
 0 0.228804
 0 0.212448
 0 0.21851
 0 0.225936
 0 0.229808
 0 0.244292
 0 0.22891
 0 0.223862
 0 0.230266
 0 0.23581
 0 0.234528
 0 0.239954
 0 0.23048
 0 0.23756
 0 0.217356
 0 0.225482
 0 0.222538
 0 0.221298
 0 0.226536
 0 0.225302
 0 0.217354
 0 0.219424
 0 0.236554
 0 0.225268
 0 0.222338
 0 0.23002
 0 0.225362
 0 0.222444
 0 0.23405
 0 0.218174
 0 0.20502
 0 0.221876
 0 0.229324
 0 0.22474
 0 0.228
 0 0.230094
 0 0.22778
 0 0.236744
 0 0.234334
 0 0.246134
 0 0.237892
 0 0.237214
 0 0.235534
 0 0.221638
 0 0.234848
 0 0.24243
 0 0.226862
 0 0.240508
 0 0.222404
 0 0.216248
 0 0.24033
 0 0.227416
 0 0.217558
 0 0.205264
 0 0.236208
 0 0.224188
 0 0.22889
 0 0.227236
 0 0.236446
 0 0.228194
 0 0.21852
 0 0.218584
 0 0.222174
 0 0.232064
 0 0.21873
 0 0.22165
 0 0.229106
 0 0.2371
 0 0.223416
 0 0.23164
 0 0.212822
 0 0.241436
 0 0.236818
 0 0.231772
 0 0.225416
 0 0.23274
 0 0.225758
 0 0.243824
 0 0.230018
 0 0.227378
 0 0.218258
 0 0.23066
 0 0.245844
 0 0.236836
 0 0.232856
 0 0.23436
 0 0.226898
 0 0.23598
 0 0.230404
 0 0.22513
 0 0.238298
 0 0.235194
 0 0.234894
 0 0.2185
 0 0.22783
 0 0.226216
 0 0.227758
 0 0.232006
 0 0.22718
 0 0.25032
 0 0.237144
 0 0.209504
 0 0.216498
 0 0.215402
 0 0.233278
 0 0.22711
 0 0.2292
 0 0.229802
 0 0.230448
 0 0.22386
 0 0.217914
 0 0.234098
 0 0.231504
 0 0.221212
 0 0.224834
 0 0.227326
 0 0.242772
 0 0.227208
 0 0.221348
 0 0.235232
 0 0.233778
 0 0.227194
 0 0.231932
 0 0.241216
 0 0.209804
 0 0.239178
 0 0.245778
 0 0.225294
 0 0.20499
 0 0.231314
 0 0.235436
 0 0.22362
 0 0.23149
 0 0.23876
 0 0.238372
 0 0.228102
 0 0.227616
 0 0.236186
 0 0.243208
 0 0.214406
 0 0.214778
 0 0.22563
 0 0.21189
 0 0.218286
 0 0.22715
 0 0.222542
 0 0.220482
 0 0.232814
 0 0.229398
 0 0.225492
 0 0.22402
 0 0.235416
 0 0.229582
 0 0.23164
 0 0.234238
 0 0.23413
 0 0.219162
 0 0.231674
 0 0.234878
 0 0.215752
 0 0.246644
 0 0.236874
 0 0.226158
 0 0.229842
 0 0.220534
 0 0.235752
 0 0.22735
 0 0.239356
 0 0.230726
 0 0.232872
 0 0.225258
 0 0.236884
 0 0.22777
 0 0.229742
 0 0.224376
 0 0.223618
 0 0.232486
 0 0.222536
 0 0.216452
 0 0.215314
 0 0.223052
 0 0.233736
 0 0.236936
 0 0.243386
 0 0.223602
 0 0.23248
 0 0.230774
 0 0.219914
 0 0.224498
 0 0.220148
 0 0.237996
 0 0.216422
 0 0.20734
 0 0.232998
 0 0.238574
 0 0.238406
 0 0.241224
 0 0.225564
 0 0.240068
 0 0.235226
 0 0.238984
 0 0.241632
 0 0.228434
 0 0.223552
 0 0.226272
 0 0.229228
 0 0.235174
 0 0.22178
 0 0.222002
 0 0.226594
 0 0.241684
 0 0.242838
 0 0.227602
 0 0.231818
 0 0.220204
 0 0.23264
 0 0.232754
 0 0.223852
 0 0.2391
 0 0.234006
 0 0.23214
 0 0.228708
 0 0.229744
 0 0.225626
 0 0.239112
 0 0.24065
 0 0.224554
 0 0.229996
 0 0.233806
 0 0.232356
 0 0.235322
 0 0.228468
 0 0.219512
 0 0.231528
 0 0.2352
 0 0.24354
 0 0.224286
 0 0.230264
 0 0.231714
 0 0.23495
 0 0.228876
 0 0.248084
 0 0.218936
 0 0.239324
 0 0.21728
 0 0.23912
 0 0.227212
 0 0.240212
 0 0.226056
 0 0.234048
 0 0.223756
 0 0.225076
 0 0.240198
 0 0.235326
 0 0.228406
 0 0.239084
 0 0.233612
 0 0.231664
 0 0.218626
 0 0.233702
 0 0.228732
 0 0.239572
 0 0.237728
 0 0.235328
 0 0.23252
 0 0.22598
 0 0.22625
 0 0.235142
 0 0.236294
 0 0.231704
 0 0.223396
 0 0.227488
 0 0.23078
 0 0.224112
 0 0.220504
 0 0.220404
 0 0.235412
 0 0.23138
 0 0.22902
 0 0.236446
 0 0.235776
 0 0.23956
 0 0.22494
 0 0.223478
 0 0.233092
 0 0.23274
 0 0.24084
 0 0.243348
 0 0.216358
 0 0.230068
 0 0.233074
 0 0.220866
 0 0.24152
 0 0.229698
 0 0.237796
 0 0.239852
 0 0.238882
 0 0.223868
 0 0.2315
 0 0.236966
 0 0.227216
 0 0.224098
 0 0.237512
 0 0.241812
 0 0.223906
 0 0.224858
 0 0.23262
 0 0.23107
 0 0.226298
 0 0.220248
 0 0.231982
 0 0.209376
 0 0.225896
 0 0.220362
 0 0.230956
 0 0.216972
 0 0.227484
 0 0.22674
 0 0.236384
 0 0.226154
 0 0.221896
 0 0.23648
 0 0.214532
 0 0.206118
 0 0.22983
 0 0.24011
 0 0.221502
 0 0.216556
 0 0.227614
 0 0.220404
 0 0.22498
 0 0.227026
 0 0.223232
 0 0.221
 0 0.211636
 0 0.219174
 0 0.221234
 0 0.229826
 0 0.225558
 0 0.223968
 0 0.232584
 0 0.2133
 0 0.216944
 0 0.22782
 0 0.22516
 0 0.230322
 0 0.220404
 0 0.239416
 0 0.21784
 0 0.24668
 0 0.237044
 0 0.23622
 0 0.229348
 0 0.217932
 0 0.22877
 0 0.22968
 0 0.239552
 0 0.233414
 0 0.22686
 0 0.23837
 0 0.233418
 0 0.234112
 0 0.240184
 0 0.234758
 0 0.226076
 0 0.23913
 0 0.239432
 0 0.23442
 0 0.23068
 0 0.220546
 0 0.23344
 0 0.220646
 0 0.23085
 0 0.225974
 0 0.21035
 0 0.224096
 0 0.233226
 0 0.233438
 0 0.207218
 0 0.227298
 0 0.218354
 0 0.218422
 0 0.245168
 0 0.229296
 0 0.238026
 0 0.210822
 0 0.235398
 0 0.22607
 0 0.225604
 0 0.203696
 0 0.227716
 0 0.222454
 0 0.236764
 0 0.233732
 0 0.230716
 0 0.236502
 0 0.235622
 0 0.229032
 0 0.2294
 0 0.220534
 0 0.232726
 0 0.220416
 0 0.21783
 0 0.225508
 0 0.218262
 0 0.22537
 0 0.218404
 0 0.227622
 0 0.235056
 0 0.236676
 0 0.227258
 0 0.228604
 0 0.213764
 0 0.220456
 0 0.229884
 0 0.22676
 0 0.218954
 0 0.22353
 0 0.218856
 0 0.219478
 0 0.240816
 0 0.233826
 0 0.231456
 0 0.226704
 0 0.2327
 0 0.235624
 0 0.227352
 0 0.232312
 0 0.243446
 0 0.22221
 0 0.235632
 0 0.230096
 0 0.242054
 0 0.230728
 0 0.227672
 0 0.239384
 0 0.22347
 0 0.241136
 0 0.225514
 0 0.228986
 0 0.238488
 0 0.234262
 0 0.246052
 0 0.236958
 0 0.238092
 0 0.226566
 0 0.2413
 0 0.23392
 0 0.230746
 0 0.229824
 0 0.223866
 0 0.219584
 0 0.229604
 0 0.223834
 0 0.24061
 0 0.222764
 0 0.214802
 0 0.216656
 0 0.224548
 0 0.218332
 0 0.224516
 0 0.216496
 0 0.218246
 0 0.231698
 0 0.237452
 0 0.219082
 0 0.242056
 0 0.232284
 0 0.211004
 0 0.226516
 0 0.229176
 0 0.235632
 0 0.219106
 0 0.236164
 0 0.223306
 0 0.22983
 0 0.222606
 0 0.217176
 0 0.240206
 0 0.233856
 0 0.23229
 0 0.22667
 0 0.238336
 0 0.23899
 0 0.22046
 0 0.22788
 0 0.229184
 0 0.232962
 0 0.220814
 0 0.219452
 0 0.229952
 0 0.232484
 0 0.225102
 0 0.24081
 0 0.228324
 0 0.23493
 0 0.234386
 0 0.233698
 0 0.229748
 0 0.228884
 0 0.244078
 0 0.221596
 0 0.239404
 0 0.233734
 0 0.228472
 0 0.227986
 0 0.233558
 0 0.244276
 0 0.248796
 0 0.234536
 0 0.237034
