600 1 0 0 1
 0 0.070278
 0 0.064109
 0 0.0680106
 0 0.0763123
 0 0.0662311
 0 0.0636283
 0 0.0680704
 0 0.0710078
 0 0.0802849
 0 0.0690252
 0 0.0682556
 0 0.077854
 0 0.0699199
 0 0.0701637
 0 0.0674969
 0 0.0654023
 0 0.0725247
 0 0.0636951
 0 0.0649995
 0 0.0703041
 0 0.0591398
 0 0.0535478
 0 0.064268
 0 0.0644862
 0 0.0707369
 0 0.064265
 0 0.0760452
 0 0.0753181
 0 0.0660118
 0 0.0681819
 0 0.0724493
 0 0.0710902
 0 0.0639567
 0 0.0691757
 0 0.0755477
 0 0.0697612
 0 0.0634057
 0 0.0692734
 0 0.0694934
 0 0.0738812
 0 0.0712771
 0 0.080723
 0 0.0634061
 0 0.0693069
 0 0.0678741
 0 0.0800225
 0 0.0744628
 0 0.0649387
 0 0.0701075
 0 0.0770786
 0 0.0513316
 0 0.0626886
 0 0.0564722
 0 0.0701574
 0 0.0622675
 0 0.0723497
 0 0.0712894
 0 0.0707651
 0 0.0656578
 0 0.0645614
 0 0.0684332
 0 0.0681322
 0 0.0698024
 0 0.0666016
 0 0.0733049
 0 0.0741726
 0 0.0769673
 0 0.0725898
 0 0.0721668
 0 0.0779249
 0 0.0735492
 0 0.0682904
 0 0.0704635
 0 0.0734531
 0 0.0760889
 0 0.0732422
 0 0.0751434
 0 0.0794104
 0 0.0671642
 0 0.0702215
 0 0.0685087
 0 0.0810145
 0 0.0670101
 0 0.069481
 0 0.0708085
 0 0.0712882
 0 0.0658452
 0 0.0716015
 0 0.0655039
 0 0.0673641
 0 0.0672647
 0 0.0697783
 0 0.0725413
 0 0.0677218
 0 0.0712059
 0 0.0759971
 0 0.07299
 0 0.0803197
 0 0.0722942
 0 0.0757696
 0 0.0659569
 0 0.0597258
 0 0.0741626
 0 0.073703
 0 0.0741575
 0 0.0703051
 0 0.07217
 0 0.0589186
 0 0.0591731
 0 0.0637126
 0 0.069065
 0 0.0623069
 0 0.0700306
 0 0.067553
 0 0.0670893
 0 0.0695842
 0 0.0721447
 0 0.0664782
 0 0.0582983
 0 0.0643771
 0 0.0665812
 0 0.0591668
 0 0.0554647
 0 0.0637341
 0 0.0668016
 0 0.0657589
 0 0.0703428
 0 0.0722199
 0 0.064428
 0 0.0727835
 0 0.0769099
 0 0.0768924
 0 0.0755209
 0 0.0739205
 0 0.069217
 0 0.0735921
 0 0.069586
 0 0.0646554
 0 0.0721207
 0 0.0772627
 0 0.0679852
 0 0.0630026
 0 0.061313
 0 0.0582058
 0 0.0646029
 0 0.0768318
 0 0.0731578
 0 0.0736488
 0 0.072856
 0 0.0768931
 0 0.0667579
 0 0.0624042
 0 0.0674136
 0 0.0764274
 0 0.0713312
 0 0.0737673
 0 0.0729208
 0 0.0799856
 0 0.0632933
 0 0.0708437
 0 0.0691789
 0 0.0629179
 0 0.0745433
 0 0.073787
 0 0.069653
 0 0.0712737
 0 0.0672513
 0 0.0728678
 0 0.0649154
 0 0.0579677
 0 0.0631524
 0 0.0673031
 0 0.0667722
 0 0.0741211
 0 0.0623791
 0 0.06949
 0 0.0708541
 0 0.0721674
 0 0.0690803
 0 0.0742899
 0 0.0811889
 0 0.078967
 0 0.0721006
 0 0.0712108
 0 0.0708499
 0 0.0692516
 0 0.0703147
 0 0.0729696
 0 0.0641964
 0 0.066805
 0 0.0806247
 0 0.0650725
 0 0.066539
 0 0.0718469
 0 0.0715263
 0 0.0668715
 0 0.0738651
 0 0.0716109
 0 0.0676595
 0 0.0722634
 0 0.0676726
 0 0.0596547
 0 0.0700809
 0 0.065525
 0 0.0676065
 0 0.0701594
 0 0.0670187
 0 0.0721075
 0 0.0763651
 0 0.0543473
 0 0.0749821
 0 0.0669216
 0 0.0701876
 0 0.0710993
 0 0.067871
 0 0.072124
 0 0.0710317
 0 0.0789524
 0 0.0721907
 0 0.0754784
 0 0.0731617
 0 0.0674377
 0 0.0762015
 0 0.0731583
 0 0.0735011
 0 0.0729329
 0 0.0722083
 0 0.0704636
 0 0.0738054
 0 0.0731475
 0 0.0673449
 0 0.0675692
 0 0.0635655
 0 0.0623653
 0 0.067866
 0 0.0712001
 0 0.0686966
 0 0.0676023
 0 0.0720726
 0 0.070824
 0 0.0759757
 0 0.0701398
 0 0.0763188
 0 0.0625301
 0 0.0672556
 0 0.0724567
 0 0.0755068
 0 0.0698513
 0 0.0635844
 0 0.0631997
 0 0.0666838
 0 0.077563
 0 0.071116
 0 0.0724785
 0 0.0631967
 0 0.0706975
 0 0.0709636
 0 0.0639028
 0 0.078353
 0 0.0655276
 0 0.0731743
 0 0.0723961
 0 0.0707787
 0 0.0612162
 0 0.0681316
 0 0.0729568
 0 0.0652456
 0 0.0678188
 0 0.0669359
 0 0.0740687
 0 0.0606188
 0 0.0615206
 0 0.0689086
 0 0.0698781
 0 0.0711529
 0 0.065672
 0 0.0719776
 0 0.0684465
 0 0.0655588
 0 0.0715473
 0 0.0750746
 0 0.0663173
 0 0.0651002
 0 0.0621965
 0 0.0653225
 0 0.0727184
 0 0.0708571
 0 0.0753841
 0 0.0788473
 0 0.070041
 0 0.0729137
 0 0.0750559
 0 0.0702667
 0 0.0599067
 0 0.0668909
 0 0.0761904
 0 0.0721852
 0 0.0681492
 0 0.0633903
 0 0.0625653
 0 0.0712512
 0 0.0683524
 0 0.0681304
 0 0.0686603
 0 0.0671304
 0 0.0686006
 0 0.0669835
 0 0.0827589
 0 0.0762911
 0 0.0750614
 0 0.072502
 0 0.0778955
 0 0.0783506
 0 0.0764959
 0 0.0792043
 0 0.0769685
 0 0.0646673
 0 0.0726978
 0 0.0688643
 0 0.0667704
 0 0.0680736
 0 0.0607148
 0 0.0651656
 0 0.0751967
 0 0.0729454
 0 0.078705
 0 0.0636616
 0 0.0764878
 0 0.0784777
 0 0.0727474
 0 0.0714547
 0 0.078166
 0 0.0696841
 0 0.0779039
 0 0.0664918
 0 0.0760449
 0 0.0655866
 0 0.0694639
 0 0.0725708
 0 0.0704554
 0 0.0677345
 0 0.0692865
 0 0.0771054
 0 0.0752915
 0 0.0676413
 0 0.0691624
 0 0.0764733
 0 0.0739491
 0 0.0643592
 0 0.0709926
 0 0.0711735
 0 0.0654379
 0 0.0805819
 0 0.078961
 0 0.0737291
 0 0.0711515
 0 0.0615943
 0 0.0724423
 0 0.0754003
 0 0.0736746
 0 0.0765254
 0 0.0688673
 0 0.0726563
 0 0.082134
 0 0.0641999
 0 0.0625127
 0 0.0724672
 0 0.072447
 0 0.0725074
 0 0.0710025
 0 0.0704067
 0 0.0723264
 0 0.065732
 0 0.0583005
 0 0.0711018
 0 0.0722367
 0 0.0735484
 0 0.069961
 0 0.0581547
 0 0.0670716
 0 0.0675671
 0 0.0774907
 0 0.075877
 0 0.0728285
 0 0.0771037
 0 0.0719957
 0 0.0692136
 0 0.0577039
 0 0.073781
 0 0.0707866
 0 0.0842075
 0 0.0692064
 0 0.0670559
 0 0.0642757
 0 0.0678997
 0 0.058423
 0 0.0732073
 0 0.0684383
 0 0.0675029
 0 0.067278
 0 0.0725595
 0 0.059145
 0 0.0683745
 0 0.0652157
 0 0.0704918
 0 0.0619639
 0 0.0554125
 0 0.0741709
 0 0.0685731
 0 0.0711463
 0 0.0670158
 0 0.0636816
 0 0.0691473
 0 0.0625769
 0 0.0601549
 0 0.063882
 0 0.0603301
 0 0.0702067
 0 0.0683362
 0 0.0670395
 0 0.0728763
 0 0.0710487
 0 0.0642638
 0 0.0758569
 0 0.0673047
 0 0.0697311
 0 0.067418
 0 0.0651142
 0 0.0718152
 0 0.0727798
 0 0.0664393
 0 0.0702846
 0 0.062883
 0 0.0623996
 0 0.0670564
 0 0.0669202
 0 0.0706122
 0 0.0710259
 0 0.0636219
 0 0.0815438
 0 0.0714465
 0 0.0711943
 0 0.0663946
 0 0.0696771
 0 0.0700842
 0 0.0688202
 0 0.0697181
 0 0.073252
 0 0.0725255
 0 0.0762449
 0 0.0724075
 0 0.0724814
 0 0.0742616
 0 0.0675156
 0 0.0710983
 0 0.0711729
 0 0.0745229
 0 0.0657877
 0 0.0695654
 0 0.0751787
 0 0.061034
 0 0.0714969
 0 0.0713651
 0 0.0622561
 0 0.0606248
 0 0.0595563
 0 0.0700967
 0 0.0688401
 0 0.0573194
 0 0.0627892
 0 0.0651166
 0 0.0653103
 0 0.0714027
 0 0.0685096
 0 0.0701616
 0 0.0693786
 0 0.0735716
 0 0.0700407
 0 0.0716849
 0 0.0633518
 0 0.0667381
 0 0.063194
 0 0.0780788
 0 0.0675962
 0 0.0714216
 0 0.0728319
 0 0.0703855
 0 0.0655528
 0 0.0707548
 0 0.0634438
 0 0.0659439
 0 0.0654862
 0 0.0671281
 0 0.0797662
 0 0.06736
 0 0.0650908
 0 0.0705479
 0 0.0692079
 0 0.0755575
 0 0.0797921
 0 0.0732691
 0 0.0681934
 0 0.0714077
 0 0.0740302
 0 0.078007
 0 0.0652901
 0 0.0746001
 0 0.0675678
 0 0.0685901
 0 0.0622808
 0 0.0725966
 0 0.0688038
 0 0.0768304
 0 0.0747604
 0 0.0707104
 0 0.0722033
 0 0.0685708
 0 0.0725534
 0 0.0739696
 0 0.0713884
 0 0.0780891
 0 0.0687253
 0 0.0729753
 0 0.0705096
 0 0.0638581
 0 0.0727777
 0 0.0839342
 0 0.0667788
 0 0.0606926
 0 0.0674131
 0 0.0677212
 0 0.0677666
 0 0.0806028
 0 0.0766533
 0 0.0720183
 0 0.047916
 0 0.0687781
 0 0.0696844
 0 0.0664086
 0 0.0751102
 0 0.0722647
 0 0.0712453
 0 0.0730747
 0 0.0638063
 0 0.0669631
 0 0.0675517
 0 0.0711361
 0 0.0632049
 0 0.0672404
 0 0.0657591
 0 0.073749
 0 0.0677853
 0 0.0607436
 0 0.0750711
 0 0.0760073
 0 0.066139
 0 0.0692658
 0 0.0687458
 0 0.0677089
 0 0.0604551
 0 0.0691357
 0 0.0701505
 0 0.0643145
 0 0.0719945
 0 0.0687729
 0 0.0783549
 0 0.0745961
 0 0.0681214
 0 0.0644913
 0 0.0772555
 0 0.0688808
 0 0.0632744
 0 0.0687315
 0 0.065224
 0 0.0671466
 0 0.0619801
 0 0.0615631
 0 0.0702823
 0 0.0718777
 0 0.0717919
 0 0.0688587
 0 0.078249
 0 0.0756049
 0 0.0605371
 0 0.0714761
 0 0.0735172
 0 0.0729498
 0 0.0736012
 0 0.0720754
 0 0.0644049
 0 0.0696554
 0 0.0722847
 0 0.0689066
 0 0.0695329
 0 0.0734588
 0 0.0716934
 0 0.0683253
 0 0.0748689
 0 0.0699047
 0 0.0765943
