535 1 0 0 1
 0 0.410273
 0 0.420068
 0 0.365597
 0 0.480874
 0 0.485136
 0 0.439616
 0 0.451537
 0 0.489482
 0 0.442367
 0 0.454619
 0 0.451645
 0 0.413068
 0 0.480803
 0 0.495041
 0 0.519497
 0 0.3858
 0 0.388866
 0 0.465819
 0 0.534112
 0 0.41478
 0 0.493189
 0 0.50509
 0 0.530711
 0 0.453463
 0 0.373116
 0 0.439142
 0 0.470295
 0 0.423936
 0 0.499325
 0 0.430678
 0 0.574274
 0 0.462837
 0 0.491338
 0 0.496677
 0 0.46523
 0 0.513464
 0 0.498491
 0 0.439675
 0 0.472718
 0 0.419062
 0 0.436872
 0 0.406789
 0 0.446502
 0 0.470935
 0 0.434757
 0 0.404492
 0 0.404708
 0 0.444187
 0 0.397131
 0 0.534558
 0 0.441196
 0 0.486542
 0 0.475777
 0 0.533182
 0 0.385918
 0 0.409451
 0 0.408286
 0 0.443876
 0 0.361891
 0 0.386643
 0 0.424136
 0 0.499688
 0 0.43093
 0 0.493189
 0 0.464178
 0 0.451028
 0 0.441417
 0 0.456151
 0 0.427021
 0 0.442671
 0 0.549557
 0 0.52289
 0 0.431559
 0 0.468794
 0 0.429129
 0 0.433309
 0 0.435458
 0 0.417538
 0 0.472743
 0 0.49207
 0 0.399716
 0 0.429792
 0 0.51245
 0 0.432108
 0 0.47841
 0 0.426572
 0 0.433955
 0 0.437229
 0 0.45592
 0 0.434802
 0 0.409051
 0 0.406455
 0 0.353328
 0 0.445435
 0 0.473612
 0 0.475599
 0 0.498948
 0 0.466493
 0 0.48049
 0 0.406461
 0 0.372467
 0 0.458046
 0 0.475309
 0 0.487298
 0 0.501951
 0 0.412908
 0 0.408345
 0 0.481649
 0 0.490491
 0 0.549017
 0 0.420035
 0 0.478784
 0 0.494735
 0 0.367161
 0 0.438755
 0 0.397381
 0 0.447535
 0 0.445148
 0 0.446127
 0 0.49484
 0 0.409129
 0 0.477207
 0 0.525862
 0 0.429267
 0 0.405954
 0 0.485669
 0 0.538504
 0 0.471471
 0 0.427008
 0 0.420384
 0 0.49745
 0 0.514896
 0 0.472702
 0 0.499562
 0 0.470821
 0 0.482118
 0 0.435779
 0 0.406404
 0 0.444351
 0 0.422545
 0 0.439884
 0 0.410039
 0 0.393731
 0 0.473254
 0 0.47635
 0 0.440014
 0 0.457382
 0 0.477124
 0 0.466061
 0 0.495031
 0 0.531685
 0 0.389689
 0 0.433171
 0 0.448118
 0 0.473574
 0 0.398724
 0 0.499061
 0 0.377506
 0 0.423407
 0 0.442667
 0 0.462892
 0 0.398165
 0 0.367301
 0 0.374057
 0 0.555234
 0 0.420981
 0 0.434062
 0 0.469256
 0 0.40878
 0 0.398365
 0 0.383156
 0 0.462006
 0 0.431108
 0 0.458019
 0 0.438989
 0 0.378377
 0 0.485208
 0 0.410635
 0 0.478112
 0 0.486471
 0 0.458742
 0 0.502844
 0 0.419445
 0 0.455351
 0 0.49987
 0 0.422272
 0 0.445768
 0 0.431535
 0 0.469088
 0 0.474532
 0 0.431092
 0 0.458141
 0 0.443754
 0 0.458496
 0 0.542798
 0 0.448084
 0 0.46487
 0 0.425596
 0 0.406789
 0 0.423118
 0 0.53624
 0 0.459597
 0 0.413432
 0 0.435268
 0 0.543346
 0 0.482038
 0 0.472483
 0 0.470482
 0 0.445535
 0 0.453837
 0 0.431202
 0 0.413731
 0 0.503762
 0 0.498204
 0 0.404485
 0 0.503956
 0 0.423141
 0 0.385421
 0 0.429229
 0 0.409582
 0 0.427454
 0 0.473827
 0 0.438244
 0 0.436517
 0 0.404462
 0 0.503662
 0 0.461387
 0 0.468013
 0 0.415999
 0 0.398099
 0 0.464752
 0 0.403402
 0 0.391034
 0 0.464628
 0 0.405972
 0 0.4087
 0 0.450184
 0 0.409413
 0 0.41819
 0 0.452276
 0 0.429013
 0 0.396534
 0 0.448056
 0 0.447377
 0 0.480343
 0 0.466696
 0 0.403288
 0 0.363608
 0 0.505866
 0 0.451039
 0 0.474765
 0 0.400228
 0 0.451901
 0 0.450456
 0 0.477725
 0 0.49898
 0 0.423315
 0 0.417092
 0 0.562507
 0 0.464176
 0 0.510403
 0 0.457616
 0 0.409713
 0 0.422107
 0 0.368359
 0 0.462783
 0 0.468968
 0 0.45641
 0 0.515231
 0 0.422136
 0 0.453717
 0 0.423544
 0 0.405406
 0 0.512075
 0 0.396567
 0 0.409301
 0 0.517879
 0 0.407356
 0 0.496199
 0 0.479723
 0 0.497492
 0 0.459889
 0 0.476171
 0 0.447812
 0 0.477681
 0 0.474383
 0 0.485795
 0 0.398148
 0 0.412218
 0 0.547157
 0 0.4698
 0 0.412552
 0 0.41555
 0 0.485285
 0 0.461158
 0 0.511747
 0 0.453456
 0 0.4689
 0 0.408249
 0 0.548986
 0 0.487743
 0 0.392398
 0 0.425188
 0 0.463244
 0 0.500269
 0 0.517008
 0 0.430505
 0 0.429781
 0 0.527456
 0 0.440288
 0 0.464822
 0 0.416298
 0 0.441975
 0 0.475357
 0 0.402736
 0 0.493139
 0 0.424714
 0 0.398479
 0 0.430071
 0 0.486128
 0 0.494842
 0 0.379185
 0 0.367331
 0 0.430049
 0 0.409921
 0 0.48348
 0 0.407409
 0 0.436587
 0 0.428704
 0 0.435383
 0 0.492958
 0 0.457732
 0 0.441569
 0 0.421755
 0 0.448481
 0 0.473096
 0 0.41423
 0 0.431646
 0 0.526817
 0 0.421391
 0 0.475556
 0 0.528842
 0 0.487812
 0 0.437079
 0 0.460486
 0 0.424135
 0 0.459047
 0 0.350952
 0 0.405848
 0 0.439039
 0 0.404882
 0 0.456857
 0 0.421576
 0 0.46922
 0 0.476913
 0 0.443124
 0 0.422296
 0 0.528822
 0 0.437587
 0 0.437059
 0 0.438084
 0 0.465181
 0 0.495069
 0 0.513371
 0 0.414284
 0 0.419334
 0 0.43819
 0 0.463604
 0 0.447856
 0 0.428271
 0 0.376247
 0 0.402628
 0 0.503203
 0 0.52471
 0 0.503423
 0 0.359393
 0 0.414531
 0 0.377504
 0 0.39063
 0 0.430067
 0 0.38197
 0 0.459263
 0 0.38919
 0 0.48193
 0 0.406721
 0 0.481997
 0 0.431208
 0 0.454305
 0 0.504127
 0 0.440183
 0 0.494423
 0 0.426786
 0 0.334321
 0 0.515963
 0 0.394119
 0 0.496295
 0 0.484687
 0 0.467494
 0 0.36798
 0 0.464852
 0 0.50072
 0 0.441577
 0 0.408528
 0 0.481399
 0 0.472394
 0 0.436945
 0 0.477863
 0 0.467487
 0 0.524537
 0 0.408001
 0 0.445094
 0 0.396141
 0 0.415187
 0 0.456765
 0 0.426693
 0 0.483107
 0 0.481146
 0 0.44429
 0 0.512612
 0 0.431859
 0 0.508428
 0 0.464169
 0 0.432631
 0 0.406923
 0 0.479097
 0 0.402944
 0 0.414906
 0 0.396911
 0 0.443064
 0 0.44559
 0 0.440325
 0 0.461215
 0 0.528877
 0 0.425227
 0 0.512343
 0 0.504639
 0 0.416425
 0 0.491682
 0 0.49061
 0 0.454431
 0 0.523077
 0 0.497556
 0 0.514649
 0 0.357001
 0 0.45871
 0 0.466319
 0 0.465323
 0 0.486548
 0 0.453424
 0 0.494302
 0 0.466224
 0 0.447013
 0 0.424473
 0 0.511745
 0 0.492879
 0 0.479536
 0 0.469438
 0 0.479431
 0 0.468941
 0 0.499464
 0 0.402465
 0 0.529542
 0 0.459616
 0 0.418356
 0 0.418238
 0 0.392726
 0 0.409856
 0 0.416929
 0 0.408785
 0 0.463315
 0 0.496527
 0 0.528799
 0 0.439935
 0 0.471531
 0 0.536498
 0 0.4189
 0 0.472691
 0 0.472968
 0 0.453856
 0 0.374734
 0 0.44796
 0 0.512376
 0 0.406104
 0 0.453064
 0 0.432819
 0 0.384501
 0 0.490629
 0 0.42043
 0 0.379388
 0 0.457979
 0 0.381633
 0 0.391558
 0 0.471638
 0 0.482358
 0 0.447973
 0 0.45348
 0 0.409105
 0 0.44468
 0 0.467149
 0 0.382979
 0 0.426185
 0 0.465393
 0 0.490628
 0 0.466399
 0 0.479926
 0 0.397299
 0 0.530335
 0 0.342454
 0 0.481298
 0 0.47126
 0 0.486817
 0 0.436096
 0 0.42572
 0 0.43312
 0 0.457503
 0 0.472973
 0 0.543157
 0 0.523971
 0 0.452955
 0 0.398695
 0 0.383636
 0 0.443444
 0 0.441218
 0 0.426315
 0 0.383728
 0 0.539845
 0 0.414309
 0 0.450608
 0 0.364394
 0 0.46324
 0 0.437942
 0 0.474914
 0 0.501599
 0 0.46376
 0 0.523475
