535 1 0 0 1
 0 0.456829
 0 0.409186
 0 0.433219
 0 0.418833
 0 0.446167
 0 0.318482
 0 0.519769
 0 0.414569
 0 0.436024
 0 0.391554
 0 0.433099
 0 0.415638
 0 0.496031
 0 0.481723
 0 0.477629
 0 0.398609
 0 0.470337
 0 0.454767
 0 0.431627
 0 0.455934
 0 0.44182
 0 0.453644
 0 0.405025
 0 0.463601
 0 0.422449
 0 0.525028
 0 0.444411
 0 0.472467
 0 0.511184
 0 0.41903
 0 0.498221
 0 0.47216
 0 0.481336
 0 0.487933
 0 0.445941
 0 0.450172
 0 0.527041
 0 0.464454
 0 0.475791
 0 0.482642
 0 0.430075
 0 0.456565
 0 0.443832
 0 0.506011
 0 0.443316
 0 0.425686
 0 0.438544
 0 0.389683
 0 0.419244
 0 0.477357
 0 0.433384
 0 0.510554
 0 0.492092
 0 0.512585
 0 0.418776
 0 0.447362
 0 0.409299
 0 0.460961
 0 0.410578
 0 0.425056
 0 0.469802
 0 0.460346
 0 0.409297
 0 0.435883
 0 0.380223
 0 0.410063
 0 0.422243
 0 0.412182
 0 0.489254
 0 0.447846
 0 0.482881
 0 0.50039
 0 0.45847
 0 0.535691
 0 0.411231
 0 0.349497
 0 0.442356
 0 0.396872
 0 0.42753
 0 0.422967
 0 0.42048
 0 0.393866
 0 0.446786
 0 0.498147
 0 0.471118
 0 0.405357
 0 0.4667
 0 0.488677
 0 0.467251
 0 0.458114
 0 0.405031
 0 0.473927
 0 0.406309
 0 0.484601
 0 0.423574
 0 0.422134
 0 0.455552
 0 0.480355
 0 0.477869
 0 0.41335
 0 0.482401
 0 0.516805
 0 0.45352
 0 0.471195
 0 0.453694
 0 0.397795
 0 0.426649
 0 0.451241
 0 0.391425
 0 0.428203
 0 0.496907
 0 0.488082
 0 0.410109
 0 0.474657
 0 0.37195
 0 0.427275
 0 0.369306
 0 0.343988
 0 0.461627
 0 0.446286
 0 0.478621
 0 0.489662
 0 0.431748
 0 0.425009
 0 0.425074
 0 0.492541
 0 0.4931
 0 0.441985
 0 0.449333
 0 0.446658
 0 0.512452
 0 0.464302
 0 0.460197
 0 0.459887
 0 0.448395
 0 0.486588
 0 0.462672
 0 0.399585
 0 0.427049
 0 0.346483
 0 0.47359
 0 0.484998
 0 0.484993
 0 0.461212
 0 0.452881
 0 0.475822
 0 0.414966
 0 0.552175
 0 0.420433
 0 0.510533
 0 0.509157
 0 0.448096
 0 0.508355
 0 0.440596
 0 0.444586
 0 0.45763
 0 0.453799
 0 0.418087
 0 0.454258
 0 0.434838
 0 0.414752
 0 0.404272
 0 0.403591
 0 0.41274
 0 0.510783
 0 0.424586
 0 0.428103
 0 0.422675
 0 0.399623
 0 0.402693
 0 0.447387
 0 0.594041
 0 0.39136
 0 0.496224
 0 0.417063
 0 0.459983
 0 0.5227
 0 0.421252
 0 0.491016
 0 0.474102
 0 0.384824
 0 0.519369
 0 0.460766
 0 0.529558
 0 0.411179
 0 0.358475
 0 0.47212
 0 0.376396
 0 0.429897
 0 0.393472
 0 0.411454
 0 0.397712
 0 0.509684
 0 0.408337
 0 0.468907
 0 0.450385
 0 0.48038
 0 0.511343
 0 0.502551
 0 0.542525
 0 0.513394
 0 0.450462
 0 0.482366
 0 0.447503
 0 0.49743
 0 0.406261
 0 0.458825
 0 0.505452
 0 0.491874
 0 0.468778
 0 0.437625
 0 0.464934
 0 0.492572
 0 0.488751
 0 0.43252
 0 0.503513
 0 0.473876
 0 0.4398
 0 0.430616
 0 0.567942
 0 0.46977
 0 0.499111
 0 0.445532
 0 0.476638
 0 0.398663
 0 0.468561
 0 0.451999
 0 0.392278
 0 0.40513
 0 0.470523
 0 0.466511
 0 0.381338
 0 0.465256
 0 0.497184
 0 0.469138
 0 0.465169
 0 0.362182
 0 0.43582
 0 0.447427
 0 0.458127
 0 0.425032
 0 0.425779
 0 0.457846
 0 0.480296
 0 0.442513
 0 0.461775
 0 0.441609
 0 0.467809
 0 0.462903
 0 0.443073
 0 0.370611
 0 0.454939
 0 0.513106
 0 0.476389
 0 0.496181
 0 0.534957
 0 0.497698
 0 0.5014
 0 0.49685
 0 0.439128
 0 0.501539
 0 0.48416
 0 0.445632
 0 0.412493
 0 0.462223
 0 0.453794
 0 0.439338
 0 0.440287
 0 0.403555
 0 0.41335
 0 0.495257
 0 0.473049
 0 0.475873
 0 0.476992
 0 0.410572
 0 0.410974
 0 0.396059
 0 0.440649
 0 0.516912
 0 0.461613
 0 0.484451
 0 0.404239
 0 0.409863
 0 0.457735
 0 0.515976
 0 0.429439
 0 0.405583
 0 0.423302
 0 0.501846
 0 0.397243
 0 0.455369
 0 0.515564
 0 0.419415
 0 0.436616
 0 0.484082
 0 0.450861
 0 0.480096
 0 0.458775
 0 0.424586
 0 0.423893
 0 0.505799
 0 0.414967
 0 0.440307
 0 0.44918
 0 0.477558
 0 0.460903
 0 0.465968
 0 0.490956
 0 0.485918
 0 0.536291
 0 0.408172
 0 0.488423
 0 0.438215
 0 0.419471
 0 0.503394
 0 0.523242
 0 0.437528
 0 0.424563
 0 0.417406
 0 0.433575
 0 0.454894
 0 0.457463
 0 0.471984
 0 0.453408
 0 0.464677
 0 0.420978
 0 0.426591
 0 0.462469
 0 0.42567
 0 0.414334
 0 0.410442
 0 0.45512
 0 0.474538
 0 0.448017
 0 0.440685
 0 0.48028
 0 0.3986
 0 0.482421
 0 0.405824
 0 0.421624
 0 0.458987
 0 0.518144
 0 0.43387
 0 0.425285
 0 0.434076
 0 0.387429
 0 0.401089
 0 0.396465
 0 0.450105
 0 0.419973
 0 0.438075
 0 0.513564
 0 0.500847
 0 0.417857
 0 0.488918
 0 0.388414
 0 0.364334
 0 0.512332
 0 0.476841
 0 0.405012
 0 0.403499
 0 0.515006
 0 0.456001
 0 0.47639
 0 0.452669
 0 0.511088
 0 0.4381
 0 0.448691
 0 0.4782
 0 0.558425
 0 0.436862
 0 0.414636
 0 0.4285
 0 0.450712
 0 0.454377
 0 0.380389
 0 0.459632
 0 0.402234
 0 0.455277
 0 0.444013
 0 0.400725
 0 0.439341
 0 0.414177
 0 0.508433
 0 0.476153
 0 0.441682
 0 0.456781
 0 0.387009
 0 0.470499
 0 0.464644
 0 0.42233
 0 0.428903
 0 0.41896
 0 0.557492
 0 0.434156
 0 0.495082
 0 0.457398
 0 0.476284
 0 0.456842
 0 0.49891
 0 0.498518
 0 0.44796
 0 0.437791
 0 0.486996
 0 0.451167
 0 0.409712
 0 0.455166
 0 0.422859
 0 0.464531
 0 0.429959
 0 0.393727
 0 0.392526
 0 0.40844
 0 0.368854
 0 0.477186
 0 0.45412
 0 0.452407
 0 0.420711
 0 0.441821
 0 0.502164
 0 0.49371
 0 0.425634
 0 0.457868
 0 0.436231
 0 0.445722
 0 0.412966
 0 0.421671
 0 0.500937
 0 0.460974
 0 0.410746
 0 0.529148
 0 0.445556
 0 0.419106
 0 0.41063
 0 0.453169
 0 0.491313
 0 0.450246
 0 0.415655
 0 0.38724
 0 0.446945
 0 0.435213
 0 0.396795
 0 0.459108
 0 0.408009
 0 0.462992
 0 0.453238
 0 0.475015
 0 0.514377
 0 0.463101
 0 0.520495
 0 0.414605
 0 0.461713
 0 0.488043
 0 0.449456
 0 0.492299
 0 0.464864
 0 0.40513
 0 0.449565
 0 0.363377
 0 0.505352
 0 0.462827
 0 0.496824
 0 0.455095
 0 0.47474
 0 0.481714
 0 0.430828
 0 0.504355
 0 0.46348
 0 0.430224
 0 0.447605
 0 0.503985
 0 0.522073
 0 0.406877
 0 0.464103
 0 0.435151
 0 0.462866
 0 0.475608
 0 0.530058
 0 0.497248
 0 0.433288
 0 0.413301
 0 0.496424
 0 0.42957
 0 0.410404
 0 0.519112
 0 0.479812
 0 0.422571
 0 0.496992
 0 0.513103
 0 0.458625
 0 0.430749
 0 0.461442
 0 0.387922
 0 0.425657
 0 0.448307
 0 0.492298
 0 0.426448
 0 0.371991
 0 0.525835
 0 0.471377
 0 0.425572
 0 0.514318
 0 0.428556
 0 0.4268
 0 0.451815
 0 0.398263
 0 0.438576
 0 0.489345
 0 0.452018
 0 0.450201
 0 0.491804
 0 0.505276
 0 0.445035
 0 0.417179
 0 0.481555
 0 0.439894
 0 0.511537
 0 0.472439
 0 0.450472
 0 0.465484
 0 0.40472
 0 0.455632
 0 0.419476
 0 0.447892
 0 0.33832
 0 0.451653
 0 0.380265
 0 0.423113
 0 0.438727
 0 0.44859
 0 0.433359
 0 0.414938
 0 0.436467
 0 0.429668
 0 0.462209
