535 1 0 0 1
 0 0.418143
 0 0.499296
 0 0.531466
 0 0.472732
 0 0.505782
 0 0.45774
 0 0.593102
 0 0.467278
 0 0.563426
 0 0.484139
 0 0.329821
 0 0.454754
 0 0.616885
 0 0.512692
 0 0.478743
 0 0.427826
 0 0.389498
 0 0.54399
 0 0.535878
 0 0.395445
 0 0.645199
 0 0.416291
 0 0.509983
 0 0.589095
 0 0.51361
 0 0.43022
 0 0.441526
 0 0.568998
 0 0.389695
 0 0.401651
 0 0.371277
 0 0.493467
 0 0.515794
 0 0.467068
 0 0.475647
 0 0.403116
 0 0.421498
 0 0.330078
 0 0.538582
 0 0.281004
 0 0.304341
 0 0.298685
 0 0.422305
 0 0.503875
 0 0.453263
 0 0.437445
 0 0.346948
 0 0.4138
 0 0.411557
 0 0.388075
 0 0.54577
 0 0.456079
 0 0.484972
 0 0.438024
 0 0.363114
 0 0.450641
 0 0.457658
 0 0.48341
 0 0.358902
 0 0.527973
 0 0.551066
 0 0.47172
 0 0.501063
 0 0.421223
 0 0.499417
 0 0.415571
 0 0.4425
 0 0.600142
 0 0.415134
 0 0.473061
 0 0.528387
 0 0.431416
 0 0.505288
 0 0.506312
 0 0.523638
 0 0.437161
 0 0.470928
 0 0.504952
 0 0.479386
 0 0.427686
 0 0.619212
 0 0.491823
 0 0.407576
 0 0.639223
 0 0.420334
 0 0.555513
 0 0.437448
 0 0.417453
 0 0.548071
 0 0.341127
 0 0.431964
 0 0.39453
 0 0.40826
 0 0.471014
 0 0.571053
 0 0.469441
 0 0.432727
 0 0.694199
 0 0.512071
 0 0.46675
 0 0.525815
 0 0.413823
 0 0.708537
 0 0.366924
 0 0.464849
 0 0.490885
 0 0.516083
 0 0.565373
 0 0.463702
 0 0.496995
 0 0.43894
 0 0.36178
 0 0.3853
 0 0.404899
 0 0.283216
 0 0.456744
 0 0.640094
 0 0.484309
 0 0.572468
 0 0.350395
 0 0.28461
 0 0.558509
 0 0.677442
 0 0.332609
 0 0.351075
 0 0.427948
 0 0.669332
 0 0.554149
 0 0.403019
 0 0.395862
 0 0.387876
 0 0.558618
 0 0.531543
 0 0.488114
 0 0.467366
 0 0.596404
 0 0.260451
 0 0.522813
 0 0.478322
 0 0.487765
 0 0.529698
 0 0.295218
 0 0.512454
 0 0.43609
 0 0.423661
 0 0.445039
 0 0.528637
 0 0.615866
 0 0.515991
 0 0.587887
 0 0.563842
 0 0.48472
 0 0.320269
 0 0.652101
 0 0.601058
 0 0.426138
 0 0.502646
 0 0.367214
 0 0.332608
 0 0.411814
 0 0.45269
 0 0.451061
 0 0.55195
 0 0.465828
 0 0.591814
 0 0.370134
 0 0.448405
 0 0.319191
 0 0.573257
 0 0.474446
 0 0.40096
 0 0.55094
 0 0.584143
 0 0.653631
 0 0.360466
 0 0.436846
 0 0.411967
 0 0.392558
 0 0.436323
 0 0.431565
 0 0.415857
 0 0.640183
 0 0.388813
 0 0.499953
 0 0.455405
 0 0.277133
 0 0.471555
 0 0.411008
 0 0.32443
 0 0.324797
 0 0.383454
 0 0.565385
 0 0.53684
 0 0.466238
 0 0.590292
 0 0.400042
 0 0.3842
 0 0.419746
 0 0.405564
 0 0.492423
 0 0.587738
 0 0.489895
 0 0.483028
 0 0.37955
 0 0.500573
 0 0.483046
 0 0.366463
 0 0.554177
 0 0.296784
 0 0.496912
 0 0.56755
 0 0.466073
 0 0.487319
 0 0.584367
 0 0.382404
 0 0.514233
 0 0.328083
 0 0.393962
 0 0.532391
 0 0.600141
 0 0.319261
 0 0.505933
 0 0.579309
 0 0.583987
 0 0.427486
 0 0.418224
 0 0.46944
 0 0.397523
 0 0.316098
 0 0.449562
 0 0.430423
 0 0.423909
 0 0.401475
 0 0.466381
 0 0.577469
 0 0.480852
 0 0.483403
 0 0.442791
 0 0.459117
 0 0.577513
 0 0.500943
 0 0.453778
 0 0.442542
 0 0.442298
 0 0.617961
 0 0.501824
 0 0.456806
 0 0.56212
 0 0.41707
 0 0.49416
 0 0.414445
 0 0.516177
 0 0.480546
 0 0.523403
 0 0.600569
 0 0.375836
 0 0.38704
 0 0.356382
 0 0.608425
 0 0.543522
 0 0.479599
 0 0.487366
 0 0.433423
 0 0.403858
 0 0.466341
 0 0.382135
 0 0.504485
 0 0.5693
 0 0.526153
 0 0.494697
 0 0.53059
 0 0.358495
 0 0.498632
 0 0.492381
 0 0.494986
 0 0.44098
 0 0.528515
 0 0.368417
 0 0.60806
 0 0.440789
 0 0.548171
 0 0.501629
 0 0.47746
 0 0.548641
 0 0.512222
 0 0.400268
 0 0.395976
 0 0.315018
 0 0.419293
 0 0.39724
 0 0.378672
 0 0.451072
 0 0.432402
 0 0.410497
 0 0.561383
 0 0.543473
 0 0.528765
 0 0.511594
 0 0.4938
 0 0.491882
 0 0.469512
 0 0.606388
 0 0.377762
 0 0.37932
 0 0.430807
 0 0.465243
 0 0.317914
 0 0.611557
 0 0.477663
 0 0.417057
 0 0.53707
 0 0.378957
 0 0.629023
 0 0.636518
 0 0.551556
 0 0.723207
 0 0.403843
 0 0.474536
 0 0.476583
 0 0.4995
 0 0.498936
 0 0.378808
 0 0.471157
 0 0.338543
 0 0.395162
 0 0.540733
 0 0.429904
 0 0.510374
 0 0.340224
 0 0.636674
 0 0.616539
 0 0.455354
 0 0.368002
 0 0.517182
 0 0.46024
 0 0.513941
 0 0.527241
 0 0.333171
 0 0.499434
 0 0.458482
 0 0.503738
 0 0.499584
 0 0.393431
 0 0.431853
 0 0.5242
 0 0.295384
 0 0.524089
 0 0.355198
 0 0.255756
 0 0.470758
 0 0.356578
 0 0.40117
 0 0.390927
 0 0.525396
 0 0.642405
 0 0.30821
 0 0.572269
 0 0.554824
 0 0.440411
 0 0.52523
 0 0.492938
 0 0.58225
 0 0.450187
 0 0.565591
 0 0.377764
 0 0.395923
 0 0.435871
 0 0.524945
 0 0.511247
 0 0.344377
 0 0.503915
 0 0.58214
 0 0.516916
 0 0.519948
 0 0.5852
 0 0.473908
 0 0.316093
 0 0.281271
 0 0.201937
 0 0.542531
 0 0.443205
 0 0.425847
 0 0.476526
 0 0.562182
 0 0.453231
 0 0.4339
 0 0.470428
 0 0.433256
 0 0.537416
 0 0.491429
 0 0.509631
 0 0.34795
 0 0.521125
 0 0.394847
 0 0.346058
 0 0.4608
 0 0.484088
 0 0.575125
 0 0.525889
 0 0.619332
 0 0.434674
 0 0.596922
 0 0.409885
 0 0.647122
 0 0.395366
 0 0.385667
 0 0.419992
 0 0.583677
 0 0.504078
 0 0.438387
 0 0.363673
 0 0.332257
 0 0.573494
 0 0.588016
 0 0.478839
 0 0.703582
 0 0.539511
 0 0.417265
 0 0.467335
 0 0.547162
 0 0.556368
 0 0.508761
 0 0.511197
 0 0.453027
 0 0.55178
 0 0.348734
 0 0.477847
 0 0.36516
 0 0.488757
 0 0.378858
 0 0.534884
 0 0.51287
 0 0.455613
 0 0.523592
 0 0.520574
 0 0.436468
 0 0.312943
 0 0.407761
 0 0.343102
 0 0.550167
 0 0.467525
 0 0.502166
 0 0.580271
 0 0.334099
 0 0.433211
 0 0.505877
 0 0.555387
 0 0.442765
 0 0.522088
 0 0.593979
 0 0.488025
 0 0.550355
 0 0.442648
 0 0.527123
 0 0.56814
 0 0.560176
 0 0.634196
 0 0.459449
 0 0.488796
 0 0.509935
 0 0.230576
 0 0.455142
 0 0.453832
 0 0.521634
 0 0.509458
 0 0.567599
 0 0.511643
 0 0.55697
 0 0.464755
 0 0.556733
 0 0.598382
 0 0.406064
 0 0.406177
 0 0.581127
 0 0.482494
 0 0.510826
 0 0.451708
 0 0.465816
 0 0.44463
 0 0.578223
 0 0.467488
 0 0.513116
 0 0.479392
 0 0.441866
 0 0.377769
 0 0.575475
 0 0.42988
 0 0.489885
 0 0.433774
 0 0.460947
 0 0.485692
 0 0.424135
 0 0.452452
 0 0.473855
 0 0.50294
 0 0.487028
 0 0.5166
 0 0.419513
 0 0.537332
 0 0.310729
 0 0.419293
 0 0.508873
 0 0.608943
 0 0.538864
 0 0.498555
 0 0.404017
 0 0.539186
 0 0.426765
 0 0.615662
 0 0.531054
 0 0.653291
 0 0.459405
 0 0.536035
 0 0.537491
 0 0.465229
 0 0.606189
 0 0.570125
 0 0.561515
 0 0.391584
 0 0.394918
 0 0.519577
 0 0.535951
 0 0.569065
 0 0.421965
 0 0.470925
 0 0.61136
 0 0.30927
 0 0.510808
 0 0.448853
 0 0.4273
 0 0.423746
 0 0.416958
 0 0.520635
 0 0.413124
 0 0.607115
