535 1 0 0 1
 0 0.415351
 0 0.408043
 0 0.424688
 0 0.425151
 0 0.388545
 0 0.345866
 0 0.421564
 0 0.381999
 0 0.378405
 0 0.387123
 0 0.387878
 0 0.39226
 0 0.48038
 0 0.426828
 0 0.450784
 0 0.42013
 0 0.462133
 0 0.3941
 0 0.467682
 0 0.451381
 0 0.416767
 0 0.386331
 0 0.409796
 0 0.410353
 0 0.403791
 0 0.43759
 0 0.425516
 0 0.461049
 0 0.466999
 0 0.446798
 0 0.463137
 0 0.426535
 0 0.444706
 0 0.386405
 0 0.420521
 0 0.453728
 0 0.477651
 0 0.459882
 0 0.386567
 0 0.425228
 0 0.376859
 0 0.371855
 0 0.38064
 0 0.412024
 0 0.427901
 0 0.39236
 0 0.473839
 0 0.41377
 0 0.416938
 0 0.388274
 0 0.434954
 0 0.449294
 0 0.470016
 0 0.406563
 0 0.378558
 0 0.390338
 0 0.373674
 0 0.374383
 0 0.379097
 0 0.386978
 0 0.421702
 0 0.4174
 0 0.365076
 0 0.38838
 0 0.340641
 0 0.434377
 0 0.351194
 0 0.426883
 0 0.464819
 0 0.439624
 0 0.42418
 0 0.459628
 0 0.423758
 0 0.443098
 0 0.380701
 0 0.3648
 0 0.434902
 0 0.366977
 0 0.383484
 0 0.40796
 0 0.407493
 0 0.387192
 0 0.413776
 0 0.402109
 0 0.467664
 0 0.390157
 0 0.393963
 0 0.40146
 0 0.40001
 0 0.405041
 0 0.430455
 0 0.428895
 0 0.357117
 0 0.412845
 0 0.386672
 0 0.434172
 0 0.438135
 0 0.456764
 0 0.443728
 0 0.469733
 0 0.463052
 0 0.441799
 0 0.427887
 0 0.473998
 0 0.372549
 0 0.444821
 0 0.470569
 0 0.447443
 0 0.373565
 0 0.39682
 0 0.446811
 0 0.447442
 0 0.390448
 0 0.400329
 0 0.391397
 0 0.441983
 0 0.388467
 0 0.388128
 0 0.450625
 0 0.417384
 0 0.435584
 0 0.453563
 0 0.389765
 0 0.399733
 0 0.423083
 0 0.436808
 0 0.424833
 0 0.391301
 0 0.446231
 0 0.413886
 0 0.450434
 0 0.401524
 0 0.445263
 0 0.422025
 0 0.449538
 0 0.404086
 0 0.391609
 0 0.399653
 0 0.383981
 0 0.373953
 0 0.439163
 0 0.422107
 0 0.433455
 0 0.435015
 0 0.413571
 0 0.398878
 0 0.427955
 0 0.420375
 0 0.468819
 0 0.435138
 0 0.45271
 0 0.448593
 0 0.444753
 0 0.44376
 0 0.40303
 0 0.443001
 0 0.460056
 0 0.419403
 0 0.418362
 0 0.448987
 0 0.419291
 0 0.398227
 0 0.390982
 0 0.449374
 0 0.433983
 0 0.387589
 0 0.385388
 0 0.426305
 0 0.389542
 0 0.415392
 0 0.41558
 0 0.456057
 0 0.390966
 0 0.441312
 0 0.367588
 0 0.413611
 0 0.49128
 0 0.406748
 0 0.441058
 0 0.460257
 0 0.355611
 0 0.488225
 0 0.424301
 0 0.461065
 0 0.411023
 0 0.365093
 0 0.440089
 0 0.411146
 0 0.463607
 0 0.394686
 0 0.388141
 0 0.405593
 0 0.462023
 0 0.393364
 0 0.48481
 0 0.465756
 0 0.411866
 0 0.41193
 0 0.403379
 0 0.4839
 0 0.414481
 0 0.435455
 0 0.458389
 0 0.433015
 0 0.404806
 0 0.398329
 0 0.394644
 0 0.417888
 0 0.389517
 0 0.406092
 0 0.432467
 0 0.356448
 0 0.426227
 0 0.415876
 0 0.378034
 0 0.426565
 0 0.419978
 0 0.394867
 0 0.457337
 0 0.466585
 0 0.495532
 0 0.448323
 0 0.414264
 0 0.436469
 0 0.371795
 0 0.405377
 0 0.405015
 0 0.404209
 0 0.438097
 0 0.384422
 0 0.450308
 0 0.374988
 0 0.40678
 0 0.397237
 0 0.397693
 0 0.424363
 0 0.409095
 0 0.448069
 0 0.416876
 0 0.413432
 0 0.403214
 0 0.384604
 0 0.40319
 0 0.426863
 0 0.403062
 0 0.440339
 0 0.421379
 0 0.403745
 0 0.444182
 0 0.432568
 0 0.422225
 0 0.438536
 0 0.474792
 0 0.451591
 0 0.449582
 0 0.492231
 0 0.437461
 0 0.444246
 0 0.478446
 0 0.395211
 0 0.440037
 0 0.400848
 0 0.423178
 0 0.392043
 0 0.397483
 0 0.430267
 0 0.387892
 0 0.447886
 0 0.424927
 0 0.448958
 0 0.417012
 0 0.438409
 0 0.395456
 0 0.439639
 0 0.39011
 0 0.425416
 0 0.397948
 0 0.390529
 0 0.446612
 0 0.428823
 0 0.45165
 0 0.376633
 0 0.40545
 0 0.396804
 0 0.431264
 0 0.438282
 0 0.401209
 0 0.389807
 0 0.458818
 0 0.390591
 0 0.410344
 0 0.39968
 0 0.433286
 0 0.484938
 0 0.399424
 0 0.44261
 0 0.463484
 0 0.419495
 0 0.401808
 0 0.429383
 0 0.433966
 0 0.429447
 0 0.38877
 0 0.411999
 0 0.420303
 0 0.430473
 0 0.429963
 0 0.477322
 0 0.459234
 0 0.452913
 0 0.422654
 0 0.454133
 0 0.378721
 0 0.421151
 0 0.444176
 0 0.444232
 0 0.442321
 0 0.440907
 0 0.401036
 0 0.42425
 0 0.438443
 0 0.431874
 0 0.431786
 0 0.448382
 0 0.448187
 0 0.469986
 0 0.447741
 0 0.462971
 0 0.445732
 0 0.426864
 0 0.412203
 0 0.420623
 0 0.395214
 0 0.38231
 0 0.419479
 0 0.410396
 0 0.345923
 0 0.405805
 0 0.410332
 0 0.360827
 0 0.421797
 0 0.455411
 0 0.427294
 0 0.405807
 0 0.421664
 0 0.423891
 0 0.483441
 0 0.374428
 0 0.420154
 0 0.401108
 0 0.40916
 0 0.439306
 0 0.397779
 0 0.358302
 0 0.420181
 0 0.346588
 0 0.363554
 0 0.453194
 0 0.411526
 0 0.379753
 0 0.384011
 0 0.435031
 0 0.398427
 0 0.407273
 0 0.406677
 0 0.444973
 0 0.435933
 0 0.435419
 0 0.431191
 0 0.503297
 0 0.389718
 0 0.399922
 0 0.419522
 0 0.408685
 0 0.437994
 0 0.361104
 0 0.416717
 0 0.440582
 0 0.461317
 0 0.411305
 0 0.429046
 0 0.389086
 0 0.385372
 0 0.438122
 0 0.406678
 0 0.404065
 0 0.465047
 0 0.407606
 0 0.383769
 0 0.420723
 0 0.468684
 0 0.408355
 0 0.410396
 0 0.451176
 0 0.437562
 0 0.434826
 0 0.432961
 0 0.442043
 0 0.461122
 0 0.470528
 0 0.408015
 0 0.454207
 0 0.426828
 0 0.423287
 0 0.478096
 0 0.398768
 0 0.434287
 0 0.402037
 0 0.454216
 0 0.373866
 0 0.376411
 0 0.353243
 0 0.437284
 0 0.38449
 0 0.427992
 0 0.423561
 0 0.455246
 0 0.399099
 0 0.353058
 0 0.449829
 0 0.451902
 0 0.33734
 0 0.369717
 0 0.359228
 0 0.408387
 0 0.404467
 0 0.433355
 0 0.393043
 0 0.440941
 0 0.413198
 0 0.415646
 0 0.379813
 0 0.427172
 0 0.391675
 0 0.366186
 0 0.44829
 0 0.437603
 0 0.339801
 0 0.429302
 0 0.446116
 0 0.426027
 0 0.442438
 0 0.450847
 0 0.414359
 0 0.428548
 0 0.414281
 0 0.418201
 0 0.421554
 0 0.435302
 0 0.415338
 0 0.442672
 0 0.470264
 0 0.432121
 0 0.427254
 0 0.487192
 0 0.45892
 0 0.390652
 0 0.40106
 0 0.397027
 0 0.451538
 0 0.442786
 0 0.491576
 0 0.413744
 0 0.404469
 0 0.417519
 0 0.435215
 0 0.424871
 0 0.459363
 0 0.408286
 0 0.440293
 0 0.456647
 0 0.445653
 0 0.419415
 0 0.449465
 0 0.405986
 0 0.420228
 0 0.458507
 0 0.447236
 0 0.400367
 0 0.421042
 0 0.415952
 0 0.426205
 0 0.446946
 0 0.371721
 0 0.425426
 0 0.417405
 0 0.459171
 0 0.431639
 0 0.499187
 0 0.446907
 0 0.400069
 0 0.421038
 0 0.38482
 0 0.406958
 0 0.406847
 0 0.454928
 0 0.39167
 0 0.387172
 0 0.438796
 0 0.375745
 0 0.348305
 0 0.437211
 0 0.426865
 0 0.399512
 0 0.45159
 0 0.445263
 0 0.424005
 0 0.463681
 0 0.461792
 0 0.403254
 0 0.412773
 0 0.472958
 0 0.419476
 0 0.400315
 0 0.441408
 0 0.467326
 0 0.44363
 0 0.456513
 0 0.412357
 0 0.462968
 0 0.364279
 0 0.396992
 0 0.427302
 0 0.409454
 0 0.39219
 0 0.43643
 0 0.403346
 0 0.420247
 0 0.42234
 0 0.463035
 0 0.395306
 0 0.392103
 0 0.437249
 0 0.368081
 0 0.407102
