535 1 0 0 1
 0 0.899077
 0 0.962496
 0 0.96128
 0 0.752157
 0 0.862539
 0 0.707283
 0 0.94486
 0 0.844002
 0 0.933122
 0 0.826671
 0 0.730947
 0 0.922388
 0 0.94014
 0 0.977943
 0 0.997205
 0 0.820909
 0 0.86513
 0 0.933327
 0 0.931715
 0 0.899199
 0 0.889986
 0 0.888226
 0 0.870931
 0 0.921695
 0 0.853299
 0 0.843951
 0 0.803177
 0 0.962748
 0 0.895329
 0 0.869896
 0 1.09463
 0 0.759581
 0 0.832358
 0 0.808581
 0 0.882797
 0 0.78188
 0 0.974839
 0 0.928636
 0 0.898931
 0 0.805065
 0 0.885081
 0 0.775902
 0 0.694878
 0 0.801687
 0 0.989695
 0 0.767297
 0 0.85751
 0 0.874722
 0 0.963142
 0 0.963791
 0 0.963457
 0 0.958514
 0 0.952764
 0 0.831994
 0 0.841435
 0 0.879163
 0 0.761776
 0 0.844982
 0 0.753307
 0 0.863744
 0 0.797843
 0 0.959378
 0 0.918494
 0 0.898132
 0 0.716167
 0 0.969486
 0 0.88798
 0 0.979657
 0 1.10325
 0 1.05029
 0 0.936122
 0 0.982937
 0 0.864693
 0 0.975579
 0 0.894063
 0 0.73975
 0 0.812451
 0 0.73223
 0 0.877362
 0 0.958911
 0 0.768939
 0 0.880984
 0 0.944071
 0 0.993726
 0 0.898423
 0 0.756528
 0 0.91503
 0 0.920614
 0 0.731679
 0 0.792585
 0 0.784075
 0 0.877297
 0 0.648935
 0 0.821628
 0 0.905646
 0 0.85397
 0 0.874833
 0 1.17481
 0 1.09887
 0 0.923075
 0 0.934512
 0 0.914285
 0 0.870146
 0 0.838445
 0 0.872144
 0 0.97498
 0 0.78026
 0 0.948915
 0 0.953929
 0 0.889762
 0 0.916396
 0 0.864392
 0 0.816134
 0 0.780299
 0 0.734295
 0 0.820679
 0 0.784925
 0 0.79198
 0 1.06637
 0 0.861929
 0 0.854366
 0 0.919585
 0 0.817252
 0 0.956085
 0 0.744852
 0 0.921606
 0 1.02638
 0 0.84276
 0 1.08683
 0 0.850543
 0 0.808811
 0 0.941642
 0 0.857917
 0 0.799923
 0 0.930583
 0 0.847596
 0 0.790579
 0 0.786327
 0 0.919852
 0 0.862163
 0 0.964217
 0 0.873994
 0 0.87612
 0 0.79687
 0 0.866333
 0 0.849848
 0 0.813701
 0 0.768272
 0 0.85303
 0 0.914142
 0 1.00198
 0 0.857535
 0 0.898886
 0 0.824425
 0 0.918884
 0 0.854193
 0 1.01264
 0 0.881382
 0 0.874569
 0 0.9885
 0 0.891935
 0 0.636274
 0 0.95422
 0 0.855295
 0 0.959366
 0 0.78938
 0 0.916516
 0 0.808136
 0 1.02603
 0 0.910063
 0 0.821673
 0 1.03897
 0 0.848654
 0 1.06614
 0 0.74635
 0 0.783354
 0 0.91573
 0 0.740648
 0 0.959437
 0 0.832738
 0 0.866047
 0 0.945939
 0 0.8039
 0 0.825904
 0 0.993425
 0 0.798199
 0 0.945472
 0 0.834083
 0 0.88762
 0 0.821949
 0 0.888559
 0 0.884187
 0 1.14102
 0 0.851697
 0 1.01482
 0 0.959128
 0 0.848742
 0 0.848663
 0 0.899512
 0 0.90824
 0 1.08668
 0 0.951972
 0 0.957018
 0 0.818917
 0 1.00072
 0 0.758559
 0 0.803571
 0 0.982654
 0 0.654902
 0 0.953689
 0 0.903384
 0 0.854118
 0 0.811687
 0 0.997215
 0 0.804163
 0 0.850913
 0 0.767236
 0 0.891429
 0 0.908291
 0 0.832069
 0 0.841366
 0 0.84115
 0 0.938317
 0 0.896988
 0 0.704787
 0 1.01084
 0 0.931313
 0 0.769364
 0 0.878878
 0 0.808992
 0 1.04799
 0 0.950136
 0 0.886998
 0 0.919813
 0 0.910982
 0 0.766185
 0 0.766354
 0 0.933785
 0 0.868673
 0 0.979423
 0 0.782612
 0 0.831994
 0 0.817616
 0 0.873632
 0 0.802772
 0 0.894299
 0 0.88898
 0 0.914248
 0 0.971106
 0 0.862902
 0 0.82976
 0 0.965539
 0 0.912191
 0 1.01057
 0 0.935508
 0 0.978022
 0 0.798518
 0 0.869096
 0 0.911301
 0 1.00547
 0 0.999024
 0 0.892262
 0 0.785516
 0 0.903539
 0 0.875624
 0 0.86886
 0 0.9051
 0 0.875093
 0 0.911037
 0 0.900177
 0 0.947746
 0 0.82089
 0 0.769134
 0 0.982108
 0 0.936835
 0 0.824878
 0 0.816693
 0 0.893085
 0 0.84624
 0 0.876778
 0 0.987364
 0 0.904949
 0 0.882189
 0 0.779177
 0 0.838443
 0 0.858596
 0 0.799348
 0 0.836002
 0 0.908726
 0 0.868797
 0 0.869209
 0 0.851522
 0 0.892496
 0 0.952089
 0 0.939343
 0 1.06801
 0 0.818919
 0 0.857209
 0 0.80939
 0 0.914616
 0 0.95449
 0 0.868455
 0 0.913506
 0 0.8364
 0 0.897939
 0 0.886945
 0 0.823925
 0 0.950396
 0 0.985713
 0 0.889016
 0 0.859352
 0 0.870533
 0 0.890539
 0 0.844872
 0 0.841575
 0 1.12286
 0 0.76912
 0 0.832128
 0 0.751008
 0 0.849327
 0 0.783768
 0 0.666756
 0 0.930526
 0 0.925421
 0 0.815748
 0 0.983801
 0 0.891858
 0 0.952207
 0 0.840715
 0 0.891628
 0 0.886866
 0 0.854112
 0 0.863232
 0 0.845083
 0 0.869309
 0 0.975488
 0 0.875268
 0 0.891596
 0 0.900146
 0 0.817014
 0 0.665091
 0 0.898925
 0 0.865892
 0 0.957079
 0 0.967602
 0 0.832547
 0 0.977215
 0 0.802352
 0 0.745057
 0 0.946472
 0 0.864333
 0 0.911681
 0 0.858988
 0 1.02377
 0 0.75525
 0 0.658533
 0 0.828325
 0 0.99351
 0 0.830793
 0 0.852449
 0 0.841738
 0 0.932285
 0 0.805437
 0 0.831195
 0 0.735112
 0 0.743333
 0 0.760937
 0 0.831841
 0 0.991795
 0 0.937476
 0 0.880085
 0 0.819661
 0 0.870602
 0 0.786354
 0 0.985199
 0 0.795419
 0 0.700931
 0 0.767697
 0 0.714152
 0 1.01073
 0 0.861835
 0 0.796199
 0 0.712122
 0 0.920825
 0 0.865813
 0 0.853835
 0 0.944695
 0 0.782297
 0 0.960815
 0 0.81775
 0 0.956986
 0 0.677608
 0 0.81265
 0 0.86589
 0 0.743209
 0 1.00967
 0 0.878142
 0 0.914766
 0 0.824163
 0 1.04777
 0 0.936384
 0 0.814626
 0 0.817953
 0 0.891573
 0 0.861256
 0 0.812898
 0 0.900665
 0 0.843506
 0 1.06858
 0 0.757943
 0 0.766707
 0 0.720268
 0 0.903744
 0 0.931234
 0 0.966898
 0 0.933606
 0 0.905217
 0 0.811833
 0 0.911472
 0 0.895388
 0 0.946748
 0 0.857122
 0 0.76415
 0 0.702522
 0 0.903526
 0 0.887047
 0 0.904868
 0 0.711974
 0 0.794315
 0 0.91126
 0 0.882317
 0 0.815923
 0 0.804848
 0 1.04382
 0 0.854132
 0 0.830364
 0 0.759423
 0 0.758941
 0 0.891039
 0 0.973472
 0 0.831234
 0 0.963268
 0 0.876254
 0 0.685854
 0 0.999417
 0 0.979423
 0 0.925321
 0 0.837392
 0 0.96338
 0 1.01651
 0 1.0114
 0 0.889213
 0 0.932441
 0 0.937547
 0 1.03586
 0 0.914732
 0 0.934587
 0 1.00929
 0 0.897634
 0 1.02706
 0 0.872744
 0 0.9209
 0 0.968711
 0 0.818661
 0 0.942811
 0 0.884114
 0 0.960955
 0 0.910535
 0 0.942898
 0 0.815213
 0 0.926685
 0 1.01187
 0 0.843315
 0 0.911352
 0 1.04838
 0 0.87362
 0 0.898689
 0 1.02606
 0 0.914998
 0 0.864311
 0 0.837274
 0 0.920142
 0 0.89514
 0 0.850217
 0 0.798404
 0 0.989831
 0 0.874274
 0 0.873543
 0 0.95736
 0 0.944453
 0 0.909411
 0 0.941567
 0 0.947508
 0 0.780577
 0 0.885927
 0 0.915339
 0 0.865144
 0 0.882978
 0 0.812699
 0 0.878541
 0 0.76025
 0 0.91326
 0 0.868677
 0 0.960699
 0 1.04657
 0 0.894246
 0 0.944835
 0 0.814144
 0 0.891961
 0 0.922144
 0 0.910415
 0 0.949744
 0 0.971931
 0 0.788746
 0 0.960596
 0 0.979232
 0 0.848118
 0 0.886026
 0 0.841819
 0 0.92547
 0 0.665449
 0 0.790744
 0 1.01315
 0 0.95822
 0 0.873593
 0 0.935636
 0 0.801937
 0 0.994807
 0 0.693953
 0 0.914059
 0 0.716087
 0 0.876886
 0 0.924427
 0 0.806004
 0 0.909679
