535 1 0 0 1
 0 0.410845
 0 0.429024
 0 0.456633
 0 0.458352
 0 0.442285
 0 0.463011
 0 0.515166
 0 0.454294
 0 0.437535
 0 0.384418
 0 0.421109
 0 0.373121
 0 0.4731
 0 0.434438
 0 0.469258
 0 0.37004
 0 0.455184
 0 0.426874
 0 0.46553
 0 0.431844
 0 0.432106
 0 0.408092
 0 0.458539
 0 0.386032
 0 0.427096
 0 0.486335
 0 0.470181
 0 0.504706
 0 0.502958
 0 0.497925
 0 0.469989
 0 0.532327
 0 0.479736
 0 0.428455
 0 0.416891
 0 0.501241
 0 0.435005
 0 0.477137
 0 0.479808
 0 0.49577
 0 0.431297
 0 0.454735
 0 0.458045
 0 0.431391
 0 0.487544
 0 0.40871
 0 0.487513
 0 0.465813
 0 0.454238
 0 0.476471
 0 0.39958
 0 0.502228
 0 0.464045
 0 0.425224
 0 0.378608
 0 0.446139
 0 0.439748
 0 0.453588
 0 0.397309
 0 0.378113
 0 0.410104
 0 0.433761
 0 0.433999
 0 0.458456
 0 0.392214
 0 0.47793
 0 0.411066
 0 0.462467
 0 0.50405
 0 0.433475
 0 0.484727
 0 0.48454
 0 0.458053
 0 0.443421
 0 0.422676
 0 0.413553
 0 0.427776
 0 0.36305
 0 0.439152
 0 0.442804
 0 0.436004
 0 0.368472
 0 0.410102
 0 0.415829
 0 0.491401
 0 0.4419
 0 0.467662
 0 0.484941
 0 0.454074
 0 0.439423
 0 0.48434
 0 0.451847
 0 0.419427
 0 0.445708
 0 0.479512
 0 0.452978
 0 0.408068
 0 0.413701
 0 0.411601
 0 0.498129
 0 0.419838
 0 0.513339
 0 0.423116
 0 0.453347
 0 0.441369
 0 0.490258
 0 0.458081
 0 0.468766
 0 0.398017
 0 0.448302
 0 0.456026
 0 0.447206
 0 0.385667
 0 0.486988
 0 0.405976
 0 0.460718
 0 0.392878
 0 0.480096
 0 0.495605
 0 0.421563
 0 0.472963
 0 0.471707
 0 0.531211
 0 0.47659
 0 0.432208
 0 0.506345
 0 0.491486
 0 0.405925
 0 0.472015
 0 0.460212
 0 0.48212
 0 0.463529
 0 0.519038
 0 0.429501
 0 0.534066
 0 0.441156
 0 0.456909
 0 0.374957
 0 0.39785
 0 0.432223
 0 0.444532
 0 0.433752
 0 0.41592
 0 0.475802
 0 0.519428
 0 0.386797
 0 0.437386
 0 0.456207
 0 0.496115
 0 0.46436
 0 0.476407
 0 0.502971
 0 0.445991
 0 0.460937
 0 0.469356
 0 0.517142
 0 0.434275
 0 0.512624
 0 0.450026
 0 0.432331
 0 0.467156
 0 0.466369
 0 0.390922
 0 0.445385
 0 0.508454
 0 0.444208
 0 0.375432
 0 0.419617
 0 0.339843
 0 0.426033
 0 0.420514
 0 0.482759
 0 0.402206
 0 0.518549
 0 0.441474
 0 0.530768
 0 0.517866
 0 0.395861
 0 0.432118
 0 0.449978
 0 0.446977
 0 0.5121
 0 0.481687
 0 0.477896
 0 0.440945
 0 0.44516
 0 0.425462
 0 0.419865
 0 0.473905
 0 0.430147
 0 0.474602
 0 0.423248
 0 0.522476
 0 0.393065
 0 0.548427
 0 0.497196
 0 0.435578
 0 0.435054
 0 0.466962
 0 0.528743
 0 0.446034
 0 0.486986
 0 0.489435
 0 0.476419
 0 0.44431
 0 0.413229
 0 0.476329
 0 0.499704
 0 0.411658
 0 0.409097
 0 0.496362
 0 0.440287
 0 0.457168
 0 0.49637
 0 0.425106
 0 0.472503
 0 0.513766
 0 0.386937
 0 0.445543
 0 0.507262
 0 0.494281
 0 0.423892
 0 0.400517
 0 0.445153
 0 0.397136
 0 0.442807
 0 0.453749
 0 0.429212
 0 0.453695
 0 0.409124
 0 0.471666
 0 0.394302
 0 0.426021
 0 0.470859
 0 0.453651
 0 0.460671
 0 0.513505
 0 0.439971
 0 0.474172
 0 0.377293
 0 0.475791
 0 0.471885
 0 0.427009
 0 0.455538
 0 0.424512
 0 0.474826
 0 0.46787
 0 0.473342
 0 0.394508
 0 0.409654
 0 0.4493
 0 0.46035
 0 0.502918
 0 0.534426
 0 0.488815
 0 0.455495
 0 0.552068
 0 0.486529
 0 0.485758
 0 0.446163
 0 0.445311
 0 0.42747
 0 0.413018
 0 0.408569
 0 0.406328
 0 0.516833
 0 0.432813
 0 0.488906
 0 0.422398
 0 0.499814
 0 0.415473
 0 0.515958
 0 0.472334
 0 0.439747
 0 0.460961
 0 0.372993
 0 0.394321
 0 0.423459
 0 0.470276
 0 0.475393
 0 0.45708
 0 0.429656
 0 0.404273
 0 0.477315
 0 0.503248
 0 0.465707
 0 0.49803
 0 0.422543
 0 0.455668
 0 0.426412
 0 0.480018
 0 0.389559
 0 0.515079
 0 0.47764
 0 0.441096
 0 0.508658
 0 0.490928
 0 0.406323
 0 0.444168
 0 0.44752
 0 0.395059
 0 0.427079
 0 0.455359
 0 0.441331
 0 0.464706
 0 0.468871
 0 0.478657
 0 0.468352
 0 0.487939
 0 0.455734
 0 0.441061
 0 0.520319
 0 0.403759
 0 0.43351
 0 0.44648
 0 0.463475
 0 0.464701
 0 0.523371
 0 0.42099
 0 0.416063
 0 0.507721
 0 0.395653
 0 0.472721
 0 0.450831
 0 0.452545
 0 0.503994
 0 0.431445
 0 0.461331
 0 0.490259
 0 0.471239
 0 0.484094
 0 0.471477
 0 0.458683
 0 0.459798
 0 0.439043
 0 0.46208
 0 0.399776
 0 0.466057
 0 0.387077
 0 0.469899
 0 0.479479
 0 0.571102
 0 0.419341
 0 0.461271
 0 0.460009
 0 0.40332
 0 0.469024
 0 0.387169
 0 0.442459
 0 0.434713
 0 0.397466
 0 0.491926
 0 0.421474
 0 0.446006
 0 0.49217
 0 0.397804
 0 0.40326
 0 0.492104
 0 0.431804
 0 0.459557
 0 0.372815
 0 0.544963
 0 0.416312
 0 0.517893
 0 0.40386
 0 0.509955
 0 0.411118
 0 0.420582
 0 0.432271
 0 0.524616
 0 0.402922
 0 0.503081
 0 0.498086
 0 0.472005
 0 0.508908
 0 0.417758
 0 0.402597
 0 0.478695
 0 0.515861
 0 0.443319
 0 0.429369
 0 0.499677
 0 0.425507
 0 0.442733
 0 0.47528
 0 0.379325
 0 0.588912
 0 0.400404
 0 0.351687
 0 0.439992
 0 0.508468
 0 0.487429
 0 0.361132
 0 0.439473
 0 0.449452
 0 0.501998
 0 0.489335
 0 0.445378
 0 0.476323
 0 0.51419
 0 0.422157
 0 0.47405
 0 0.464312
 0 0.419761
 0 0.419811
 0 0.463485
 0 0.481039
 0 0.463328
 0 0.437245
 0 0.460083
 0 0.441267
 0 0.405501
 0 0.501465
 0 0.487316
 0 0.396023
 0 0.453098
 0 0.385738
 0 0.486779
 0 0.445948
 0 0.479378
 0 0.476113
 0 0.457505
 0 0.43688
 0 0.436588
 0 0.415926
 0 0.492193
 0 0.459238
 0 0.459425
 0 0.469983
 0 0.448918
 0 0.453671
 0 0.458872
 0 0.467094
 0 0.439131
 0 0.420767
 0 0.505615
 0 0.477011
 0 0.363264
 0 0.455977
 0 0.461066
 0 0.435164
 0 0.487247
 0 0.478242
 0 0.413384
 0 0.458103
 0 0.410202
 0 0.4302
 0 0.415137
 0 0.470698
 0 0.491696
 0 0.485819
 0 0.534985
 0 0.490255
 0 0.530474
 0 0.457136
 0 0.50597
 0 0.467648
 0 0.370316
 0 0.439667
 0 0.581986
 0 0.431952
 0 0.513199
 0 0.421754
 0 0.441851
 0 0.481591
 0 0.456629
 0 0.436155
 0 0.422351
 0 0.441755
 0 0.406877
 0 0.487306
 0 0.523436
 0 0.396061
 0 0.474413
 0 0.40238
 0 0.459909
 0 0.485272
 0 0.502118
 0 0.478487
 0 0.507259
 0 0.485681
 0 0.50684
 0 0.548365
 0 0.433977
 0 0.497809
 0 0.432995
 0 0.509078
 0 0.444421
 0 0.511119
 0 0.459983
 0 0.435146
 0 0.413885
 0 0.442786
 0 0.484816
 0 0.444165
 0 0.460943
 0 0.443713
 0 0.429529
 0 0.53426
 0 0.416386
 0 0.416432
 0 0.510592
 0 0.445412
 0 0.377958
 0 0.478051
 0 0.446892
 0 0.431282
 0 0.516063
 0 0.459122
 0 0.477844
 0 0.501862
 0 0.503095
 0 0.471947
 0 0.432889
 0 0.444835
 0 0.480309
 0 0.463998
 0 0.406439
 0 0.434568
 0 0.521963
 0 0.482802
 0 0.415967
 0 0.462489
 0 0.533964
 0 0.414329
 0 0.46766
 0 0.490717
 0 0.475007
 0 0.447459
 0 0.473968
 0 0.432842
 0 0.403775
 0 0.484343
 0 0.392885
 0 0.421032
