535 1 0 0 1
 0 0.77679
 0 0.87126
 0 0.963072
 0 0.899158
 0 1.12364
 0 0.857042
 0 0.996338
 0 1.03553
 0 1.01427
 0 0.876346
 0 0.887716
 0 0.910466
 0 0.890318
 0 1.03318
 0 1.0525
 0 1.0908
 0 0.679146
 0 0.940478
 0 0.855
 0 1.02586
 0 1.04929
 0 0.82363
 0 0.77757
 0 0.864186
 0 0.898668
 0 0.849794
 0 0.969454
 0 0.831762
 0 1.1249
 0 0.849612
 0 1.06884
 0 0.943516
 0 0.932348
 0 0.791406
 0 1.01338
 0 0.872376
 0 0.854416
 0 0.99054
 0 0.911312
 0 0.831606
 0 0.933942
 0 0.886474
 0 0.744512
 0 1.12794
 0 0.813964
 0 0.999316
 0 0.811356
 0 1.08767
 0 0.898138
 0 0.891766
 0 0.85809
 0 0.77931
 0 1.25901
 0 1.01628
 0 1.04948
 0 0.977412
 0 0.956024
 0 0.954584
 0 0.921256
 0 0.848176
 0 0.964262
 0 0.955396
 0 0.876874
 0 0.910668
 0 0.988194
 0 0.882564
 0 1.1708
 0 0.974816
 0 0.938238
 0 0.940038
 0 0.977666
 0 1.02055
 0 1.04306
 0 1.07293
 0 0.915454
 0 0.61072
 0 0.959082
 0 0.762936
 0 1.04224
 0 0.921818
 0 0.921072
 0 1.0127
 0 1.0248
 0 0.838072
 0 0.983268
 0 0.902488
 0 0.579314
 0 1.03108
 0 1.02239
 0 1.03663
 0 0.8573
 0 0.905798
 0 0.920208
 0 0.892436
 0 0.830202
 0 0.767258
 0 0.80176
 0 1.201
 0 0.887746
 0 0.889576
 0 0.949778
 0 0.86705
 0 0.743248
 0 1.0733
 0 0.940462
 0 0.894778
 0 0.924382
 0 0.987336
 0 0.843974
 0 1.26254
 0 0.939394
 0 0.976578
 0 0.743246
 0 0.696574
 0 0.88818
 0 0.99463
 0 0.652882
 0 0.802058
 0 0.970008
 0 0.960352
 0 0.80981
 0 1.07701
 0 0.999002
 0 1.01207
 0 0.871896
 0 0.82735
 0 0.855422
 0 0.737524
 0 0.993942
 0 1.02633
 0 0.899132
 0 0.938546
 0 0.926854
 0 0.911758
 0 1.07878
 0 0.854662
 0 0.81717
 0 1.17756
 0 0.819302
 0 1.025
 0 0.92758
 0 0.914714
 0 1.01594
 0 0.95994
 0 0.813606
 0 1.02105
 0 0.847608
 0 1.01811
 0 0.595264
 0 1.17507
 0 0.999912
 0 0.941096
 0 0.841816
 0 1.12077
 0 1.04674
 0 0.932498
 0 0.909694
 0 0.914052
 0 0.877934
 0 0.935302
 0 0.983066
 0 0.805906
 0 0.836552
 0 0.893722
 0 0.892164
 0 0.639096
 0 0.736208
 0 0.665016
 0 0.935676
 0 0.881188
 0 0.909286
 0 0.987306
 0 0.800024
 0 0.86256
 0 0.918088
 0 0.589824
 0 1.03668
 0 0.7964
 0 0.769234
 0 1.09124
 0 0.909618
 0 1.05202
 0 0.929908
 0 0.941274
 0 1.14697
 0 1.11703
 0 0.838528
 0 0.821374
 0 0.879976
 0 1.00118
 0 0.935278
 0 0.809532
 0 1.15025
 0 0.782448
 0 0.731106
 0 0.833444
 0 1.14779
 0 1.00353
 0 0.857448
 0 1.1686
 0 1.03754
 0 1.0522
 0 0.735506
 0 1.0595
 0 0.967926
 0 0.876194
 0 0.942348
 0 1.03608
 0 0.728462
 0 0.701648
 0 0.704914
 0 0.917322
 0 0.890858
 0 0.85326
 0 0.909124
 0 0.930508
 0 0.938948
 0 0.861716
 0 0.839998
 0 0.86088
 0 1.02018
 0 0.856806
 0 1.00514
 0 1.09186
 0 1.04407
 0 0.925316
 0 0.867004
 0 0.820516
 0 1.06065
 0 0.896908
 0 0.831224
 0 0.75939
 0 1.00292
 0 1.04348
 0 0.843764
 0 0.964306
 0 0.71582
 0 1.09178
 0 0.96687
 0 0.827736
 0 0.954688
 0 0.90819
 0 0.989938
 0 1.00289
 0 1.11216
 0 1.02874
 0 0.984066
 0 0.872116
 0 1.06672
 0 1.04902
 0 0.935532
 0 0.940046
 0 0.829458
 0 0.900896
 0 1.17661
 0 0.99844
 0 0.991678
 0 0.814666
 0 0.978324
 0 0.899914
 0 1.09605
 0 0.952056
 0 0.887038
 0 1.00943
 0 0.97352
 0 1.15885
 0 0.900688
 0 0.843834
 0 0.959264
 0 1.17144
 0 0.91532
 0 1.08292
 0 0.734262
 0 1.02925
 0 0.988058
 0 1.02195
 0 0.71098
 0 1.03381
 0 0.96488
 0 0.904406
 0 1.18608
 0 0.807932
 0 1.14783
 0 0.924922
 0 0.981372
 0 1.09909
 0 1.03166
 0 0.855426
 0 0.813344
 0 0.931646
 0 0.962946
 0 1.07971
 0 1.04586
 0 1.16064
 0 1.07109
 0 0.960966
 0 0.939384
 0 0.846714
 0 0.711964
 0 0.902308
 0 0.915416
 0 0.740926
 0 1.09987
 0 0.66561
 0 1.10795
 0 0.871956
 0 0.717836
 0 0.983248
 0 0.826112
 0 1.10869
 0 0.709218
 0 0.976412
 0 0.76901
 0 0.816836
 0 0.785876
 0 1.16492
 0 1.10017
 0 0.856678
 0 0.840494
 0 0.859346
 0 0.985882
 0 0.998308
 0 0.838478
 0 1.00911
 0 0.728324
 0 0.944068
 0 0.956414
 0 1.12809
 0 0.850814
 0 0.979128
 0 1.03917
 0 1.04716
 0 0.855098
 0 0.943114
 0 1.12603
 0 0.892198
 0 0.979272
 0 0.799668
 0 0.871708
 0 0.972244
 0 0.954936
 0 0.887114
 0 0.999768
 0 1.12789
 0 0.692732
 0 0.888604
 0 1.08591
 0 0.864996
 0 0.770978
 0 0.701012
 0 0.9469
 0 0.768126
 0 0.898504
 0 0.938332
 0 0.800406
 0 0.806412
 0 0.809682
 0 0.68779
 0 0.916282
 0 0.832654
 0 0.85876
 0 1.07051
 0 0.707026
 0 1.00674
 0 1.03105
 0 0.84051
 0 0.921462
 0 0.998986
 0 0.917778
 0 0.971156
 0 1.18815
 0 0.965598
 0 0.710498
 0 0.8604
 0 1.04092
 0 1.00597
 0 0.966376
 0 0.962478
 0 1.08325
 0 0.843738
 0 0.940572
 0 0.645118
 0 1.06296
 0 1.16718
 0 0.877866
 0 0.603824
 0 1.2803
 0 0.920966
 0 1.03431
 0 1.20754
 0 0.80329
 0 0.93681
 0 0.880948
 0 1.07083
 0 0.86886
 0 0.998366
 0 0.8102
 0 0.70084
 0 0.780166
 0 0.924094
 0 1.02995
 0 0.922084
 0 1.0354
 0 0.881632
 0 0.81807
 0 0.978798
 0 1.07214
 0 1.13195
 0 1.15821
 0 0.94376
 0 0.769514
 0 0.954074
 0 0.861074
 0 1.0122
 0 0.995088
 0 1.06545
 0 1.03379
 0 0.928816
 0 1.02171
 0 0.829508
 0 0.751742
 0 0.905774
 0 0.64199
 0 0.90896
 0 0.880256
 0 0.950802
 0 0.987902
 0 0.819724
 0 0.996364
 0 0.910396
 0 1.17351
 0 0.780788
 0 0.686858
 0 0.824798
 0 0.965454
 0 0.881416
 0 0.586116
 0 0.85572
 0 0.813798
 0 1.1695
 0 1.00111
 0 1.06829
 0 0.957396
 0 0.812342
 0 0.91079
 0 0.987972
 0 1.02054
 0 0.951024
 0 0.93902
 0 0.824936
 0 0.826566
 0 1.0153
 0 0.761738
 0 1.07099
 0 0.831798
 0 0.765438
 0 0.75914
 0 1.16487
 0 0.822758
 0 0.938094
 0 0.849368
 0 1.01162
 0 1.14714
 0 1.10809
 0 1.18226
 0 0.667622
 0 1.27665
 0 1.03149
 0 0.927308
 0 0.995332
 0 0.986162
 0 0.954036
 0 0.763602
 0 1.04413
 0 1.21427
 0 0.993116
 0 0.824668
 0 1.07365
 0 1.04117
 0 0.811
 0 0.90912
 0 0.857088
 0 0.919278
 0 0.799206
 0 0.893778
 0 0.855164
 0 1.00143
 0 0.890722
 0 0.96911
 0 0.897896
 0 0.691472
 0 0.966772
 0 1.09475
 0 0.663442
 0 0.8385
 0 0.920378
 0 0.870574
 0 0.89082
 0 0.755736
 0 0.804582
 0 0.922708
 0 1.11115
 0 1.19843
 0 1.13601
 0 0.771726
 0 0.903238
 0 0.875452
 0 0.799126
 0 0.801682
 0 1.18826
 0 1.08244
 0 1.27449
 0 0.914054
 0 0.900348
 0 0.825256
 0 1.10642
 0 1.05571
 0 1.08125
 0 1.11704
 0 0.81811
 0 1.08428
 0 1.16425
 0 0.730604
 0 1.08466
 0 0.894482
 0 1.03684
 0 0.826584
 0 1.00333
 0 1.12135
 0 0.922612
 0 1.01027
 0 1.03604
 0 1.00105
 0 0.947246
 0 0.863318
