535 1 0 0 1
 0 0.85243
 0 1.00602
 0 0.942102
 0 0.963295
 0 0.974809
 0 0.753589
 0 1.17781
 0 0.929701
 0 0.859174
 0 0.781127
 0 0.837205
 0 0.845078
 0 0.994764
 0 1.23086
 0 1.07863
 0 0.962968
 0 1.07857
 0 0.903833
 0 1.13977
 0 0.904089
 0 0.796904
 0 1.10193
 0 0.985472
 0 0.87852
 0 1.08946
 0 1.09811
 0 0.78727
 0 0.996679
 0 1.1133
 0 1.0903
 0 1.17046
 0 1.06359
 0 0.923274
 0 1.01338
 0 1.01716
 0 1.03125
 0 1.17098
 0 1.08891
 0 1.01736
 0 1.21596
 0 0.886201
 0 0.847576
 0 1.02599
 0 0.975886
 0 0.87817
 0 0.770447
 0 1.14522
 0 0.942549
 0 0.865398
 0 1.04978
 0 1.08729
 0 1.04535
 0 0.772191
 0 1.02081
 0 0.890946
 0 1.13314
 0 0.620063
 0 1.11559
 0 1.03066
 0 1.05128
 0 1.04936
 0 0.947665
 0 0.92674
 0 1.00649
 0 0.74737
 0 0.832586
 0 0.608607
 0 0.926497
 0 1.15928
 0 0.77387
 0 0.97486
 0 0.95915
 0 1.00633
 0 1.07575
 0 0.588273
 0 0.885454
 0 1.02377
 0 0.760797
 0 0.754567
 0 0.958732
 0 0.863482
 0 1.04935
 0 1.03996
 0 0.983324
 0 1.04776
 0 0.810891
 0 0.927475
 0 0.850587
 0 0.92788
 0 1.00683
 0 0.632271
 0 1.06404
 0 0.88802
 0 0.745527
 0 0.97129
 0 1.05511
 0 0.956794
 0 1.03746
 0 1.08632
 0 0.823383
 0 1.01045
 0 1.14387
 0 0.987208
 0 1.01937
 0 0.824151
 0 0.776055
 0 1.0942
 0 0.923572
 0 0.972243
 0 1.13471
 0 0.913599
 0 1.03508
 0 0.757547
 0 0.98754
 0 0.840436
 0 0.978689
 0 0.848052
 0 0.939102
 0 1.03425
 0 0.95617
 0 0.835807
 0 0.965505
 0 1.13033
 0 1.07519
 0 0.562936
 0 1.25426
 0 1.0436
 0 0.926661
 0 0.811776
 0 0.989047
 0 0.939456
 0 1.02754
 0 1.27105
 0 1.09842
 0 0.95922
 0 1.02267
 0 0.965198
 0 0.907909
 0 0.806863
 0 0.987161
 0 1.14331
 0 1.01
 0 0.776848
 0 1.28001
 0 1.03976
 0 0.932594
 0 1.07499
 0 0.974881
 0 1.14185
 0 1.01896
 0 0.955513
 0 1.22476
 0 0.880081
 0 1.10608
 0 0.866534
 0 1.07077
 0 1.08457
 0 0.994033
 0 0.990407
 0 0.93701
 0 0.995596
 0 0.97609
 0 0.841301
 0 1.27264
 0 1.16939
 0 1.16186
 0 0.933898
 0 0.867315
 0 0.766485
 0 0.94037
 0 0.881934
 0 1.10583
 0 0.938741
 0 1.00963
 0 0.89462
 0 1.2024
 0 1.05355
 0 0.838713
 0 0.775919
 0 0.941029
 0 0.954185
 0 1.21692
 0 0.94828
 0 1.26558
 0 0.969525
 0 0.829412
 0 0.815051
 0 0.978129
 0 0.90794
 0 0.88337
 0 0.851658
 0 1.14008
 0 1.03407
 0 0.883555
 0 1.11015
 0 1.08368
 0 0.983656
 0 0.997814
 0 1.03374
 0 1.1498
 0 0.940848
 0 1.05661
 0 1.02328
 0 0.979564
 0 1.05672
 0 1.03764
 0 0.822145
 0 0.85944
 0 1.003
 0 0.95915
 0 1.06205
 0 1.06131
 0 1.03622
 0 1.07538
 0 0.842145
 0 1.05864
 0 1.12509
 0 0.944761
 0 1.01656
 0 1.16697
 0 1.11039
 0 1.04909
 0 0.973711
 0 1.01667
 0 0.979191
 0 0.757774
 0 1.01809
 0 0.876162
 0 1.19394
 0 0.957187
 0 1.08718
 0 0.914499
 0 1.04753
 0 1.0652
 0 0.872142
 0 1.02199
 0 0.941668
 0 1.16673
 0 0.97486
 0 1.01157
 0 0.990437
 0 0.903943
 0 1.15684
 0 0.816171
 0 0.96146
 0 0.947669
 0 1.03299
 0 0.824231
 0 0.822402
 0 1.06442
 0 1.00886
 0 1.11544
 0 1.05856
 0 0.986541
 0 1.09239
 0 0.982838
 0 0.952086
 0 1.35068
 0 1.0165
 0 1.02005
 0 1.06228
 0 0.760101
 0 0.973897
 0 0.935455
 0 0.783866
 0 1.0407
 0 1.01992
 0 1.15731
 0 0.938428
 0 0.961378
 0 1.01414
 0 1.06547
 0 0.878493
 0 1.01276
 0 0.991731
 0 1.13841
 0 0.917351
 0 0.953213
 0 0.883238
 0 1.041
 0 0.992044
 0 1.08397
 0 1.011
 0 1.18257
 0 0.935084
 0 0.973788
 0 0.771582
 0 0.736655
 0 1.21263
 0 0.822858
 0 0.888483
 0 0.958342
 0 1.02188
 0 1.00618
 0 1.04227
 0 1.04484
 0 1.07375
 0 0.937807
 0 0.986945
 0 0.990579
 0 1.01329
 0 1.03004
 0 1.04306
 0 0.981247
 0 0.969096
 0 1.12396
 0 1.09732
 0 1.12321
 0 1.00818
 0 0.894461
 0 0.932403
 0 1.06432
 0 0.91962
 0 1.02431
 0 1.00648
 0 1.05846
 0 1.15109
 0 1.07641
 0 0.845059
 0 1.01874
 0 1.14921
 0 1.06839
 0 1.00128
 0 1.15556
 0 0.976343
 0 1.03301
 0 1.05353
 0 0.957154
 0 0.904867
 0 0.746293
 0 1.06584
 0 0.908553
 0 0.864656
 0 1.0403
 0 1.18728
 0 1.08263
 0 0.648031
 0 0.978919
 0 0.856289
 0 0.981321
 0 0.978917
 0 1.1449
 0 1.14836
 0 0.947014
 0 0.846417
 0 0.980962
 0 1.01006
 0 1.05158
 0 0.986257
 0 0.876804
 0 1.03746
 0 1.31661
 0 1.2267
 0 0.819696
 0 1.08321
 0 0.857704
 0 1.01448
 0 1.22222
 0 0.996099
 0 0.805543
 0 0.713881
 0 0.963876
 0 0.947107
 0 1.12928
 0 0.898152
 0 1.11488
 0 0.924736
 0 1.00302
 0 0.976786
 0 1.27728
 0 0.765673
 0 0.850136
 0 0.811762
 0 0.998646
 0 0.965074
 0 0.917672
 0 1.13398
 0 1.02618
 0 0.832522
 0 0.977779
 0 0.9276
 0 1.00015
 0 0.82468
 0 0.903518
 0 0.941575
 0 0.758505
 0 1.11934
 0 0.757683
 0 0.895023
 0 0.900106
 0 1.09775
 0 0.90753
 0 0.81023
 0 1.1213
 0 1.11177
 0 1.04276
 0 1.16778
 0 0.982231
 0 1.13156
 0 1.02109
 0 1.07063
 0 1.05167
 0 1.17299
 0 0.995102
 0 0.993726
 0 0.976555
 0 1.01398
 0 0.926672
 0 1.03152
 0 1.1209
 0 0.819944
 0 1.05224
 0 0.829758
 0 1.18253
 0 1.21245
 0 1.16555
 0 1.01989
 0 1.00181
 0 0.93321
 0 1.04754
 0 0.914783
 0 1.03419
 0 0.832211
 0 1.06137
 0 1.11348
 0 1.01037
 0 1.01319
 0 1.1545
 0 0.861705
 0 1.02241
 0 1.00775
 0 0.948315
 0 1.13203
 0 0.894811
 0 0.907946
 0 1.08915
 0 0.967745
 0 0.905055
 0 1.0268
 0 1.10959
 0 1.11263
 0 0.915055
 0 0.848836
 0 0.844802
 0 0.967822
 0 1.0907
 0 0.984389
 0 1.05165
 0 1.00955
 0 0.941182
 0 0.90996
 0 1.18094
 0 1.07627
 0 1.11176
 0 1.26997
 0 1.06558
 0 0.850984
 0 1.04446
 0 1.00144
 0 1.26732
 0 1.00292
 0 1.05794
 0 0.90544
 0 0.938476
 0 1.00987
 0 1.05944
 0 0.913558
 0 0.862953
 0 0.879819
 0 0.919657
 0 1.19212
 0 0.90032
 0 0.874014
 0 1.05836
 0 0.865418
 0 1.09624
 0 1.14714
 0 1.06803
 0 0.889331
 0 0.853173
 0 0.930667
 0 1.11101
 0 1.09183
 0 0.990277
 0 1.13321
 0 1.05072
 0 1.16892
 0 0.909099
 0 1.08223
 0 0.679873
 0 1.05334
 0 1.05183
 0 0.847595
 0 1.05344
 0 0.815053
 0 1.12855
 0 1.0377
 0 0.918863
 0 1.1163
 0 0.796302
 0 0.98242
 0 1.10847
 0 1.13861
 0 0.774599
 0 1.19155
 0 1.14343
 0 1.03017
 0 1.06191
 0 1.0309
 0 0.99114
 0 1.22154
 0 1.00394
 0 0.906737
 0 0.992902
 0 1.09641
 0 1.03022
 0 1.11654
 0 0.951796
 0 1.04721
 0 1.06989
 0 1.09699
 0 0.880381
 0 0.883067
 0 0.988191
 0 0.8593
 0 0.918249
 0 0.81844
 0 1.20002
 0 1.01558
 0 1.06871
 0 0.847615
 0 0.841359
 0 1.15486
 0 0.944347
 0 1.00203
