535 1 0 0 1
 0 0.408378
 0 0.431542
 0 0.392592
 0 0.415355
 0 0.416703
 0 0.359391
 0 0.482271
 0 0.451015
 0 0.384801
 0 0.450289
 0 0.35786
 0 0.44881
 0 0.450959
 0 0.496697
 0 0.559148
 0 0.44189
 0 0.364466
 0 0.365439
 0 0.530438
 0 0.407573
 0 0.420611
 0 0.476656
 0 0.392251
 0 0.432461
 0 0.448302
 0 0.411882
 0 0.430362
 0 0.500293
 0 0.461027
 0 0.38535
 0 0.431022
 0 0.390546
 0 0.398419
 0 0.397796
 0 0.425935
 0 0.440772
 0 0.541675
 0 0.460215
 0 0.389883
 0 0.334782
 0 0.407235
 0 0.431084
 0 0.387883
 0 0.428659
 0 0.458354
 0 0.387419
 0 0.432594
 0 0.436184
 0 0.447288
 0 0.471153
 0 0.500535
 0 0.527595
 0 0.467057
 0 0.458889
 0 0.435751
 0 0.441286
 0 0.411673
 0 0.534368
 0 0.447741
 0 0.436738
 0 0.431928
 0 0.48923
 0 0.502981
 0 0.446993
 0 0.393816
 0 0.503542
 0 0.433319
 0 0.422953
 0 0.473274
 0 0.455201
 0 0.395326
 0 0.418588
 0 0.431709
 0 0.505361
 0 0.499704
 0 0.416252
 0 0.396102
 0 0.380291
 0 0.474063
 0 0.436539
 0 0.408127
 0 0.386529
 0 0.450407
 0 0.455175
 0 0.365807
 0 0.429281
 0 0.461703
 0 0.466241
 0 0.404714
 0 0.413458
 0 0.404236
 0 0.423952
 0 0.394778
 0 0.4433
 0 0.382518
 0 0.411784
 0 0.433977
 0 0.526588
 0 0.476993
 0 0.468144
 0 0.480909
 0 0.495747
 0 0.443731
 0 0.391244
 0 0.511088
 0 0.532589
 0 0.431521
 0 0.440969
 0 0.431012
 0 0.46784
 0 0.470826
 0 0.483476
 0 0.447961
 0 0.398294
 0 0.395157
 0 0.374555
 0 0.365858
 0 0.345231
 0 0.475344
 0 0.395886
 0 0.455953
 0 0.44131
 0 0.440904
 0 0.508251
 0 0.354237
 0 0.399773
 0 0.487945
 0 0.484117
 0 0.480901
 0 0.443849
 0 0.440578
 0 0.464697
 0 0.448356
 0 0.43408
 0 0.465671
 0 0.428683
 0 0.348752
 0 0.419097
 0 0.494721
 0 0.425674
 0 0.502951
 0 0.380378
 0 0.393226
 0 0.509582
 0 0.401972
 0 0.463402
 0 0.371632
 0 0.421728
 0 0.468156
 0 0.37372
 0 0.498717
 0 0.444289
 0 0.483706
 0 0.371414
 0 0.478933
 0 0.391679
 0 0.521212
 0 0.460404
 0 0.451546
 0 0.539062
 0 0.462046
 0 0.304339
 0 0.45347
 0 0.509955
 0 0.471865
 0 0.394886
 0 0.442777
 0 0.35219
 0 0.464018
 0 0.436491
 0 0.410703
 0 0.435184
 0 0.357421
 0 0.531333
 0 0.431303
 0 0.432606
 0 0.438818
 0 0.37287
 0 0.458624
 0 0.442071
 0 0.436967
 0 0.451356
 0 0.452074
 0 0.403153
 0 0.496249
 0 0.466762
 0 0.474161
 0 0.449097
 0 0.451151
 0 0.379932
 0 0.470103
 0 0.417827
 0 0.488221
 0 0.422656
 0 0.446669
 0 0.483796
 0 0.416427
 0 0.446643
 0 0.38139
 0 0.475321
 0 0.473938
 0 0.422563
 0 0.478804
 0 0.401304
 0 0.458125
 0 0.442677
 0 0.422584
 0 0.519066
 0 0.345602
 0 0.435111
 0 0.418515
 0 0.426555
 0 0.435315
 0 0.477924
 0 0.407975
 0 0.376724
 0 0.459785
 0 0.443452
 0 0.455021
 0 0.475897
 0 0.457132
 0 0.420042
 0 0.387897
 0 0.47428
 0 0.3422
 0 0.467515
 0 0.478091
 0 0.365756
 0 0.394808
 0 0.399692
 0 0.477403
 0 0.419947
 0 0.472911
 0 0.524239
 0 0.435472
 0 0.341179
 0 0.380684
 0 0.469302
 0 0.394257
 0 0.488787
 0 0.400329
 0 0.358821
 0 0.38603
 0 0.490007
 0 0.436315
 0 0.448366
 0 0.406978
 0 0.435304
 0 0.459185
 0 0.46346
 0 0.446744
 0 0.48054
 0 0.384345
 0 0.416489
 0 0.435284
 0 0.416379
 0 0.394361
 0 0.465635
 0 0.472199
 0 0.476462
 0 0.547887
 0 0.415641
 0 0.318281
 0 0.414479
 0 0.480784
 0 0.450831
 0 0.459122
 0 0.467019
 0 0.457989
 0 0.45756
 0 0.457826
 0 0.394971
 0 0.413679
 0 0.456415
 0 0.376209
 0 0.427884
 0 0.425036
 0 0.472275
 0 0.375551
 0 0.345335
 0 0.480878
 0 0.430275
 0 0.366404
 0 0.452732
 0 0.388346
 0 0.442423
 0 0.418716
 0 0.429744
 0 0.417408
 0 0.457959
 0 0.440203
 0 0.443775
 0 0.440274
 0 0.398485
 0 0.432542
 0 0.417927
 0 0.402352
 0 0.455871
 0 0.406319
 0 0.47471
 0 0.503095
 0 0.485778
 0 0.421076
 0 0.415585
 0 0.41399
 0 0.484464
 0 0.402907
 0 0.45915
 0 0.475519
 0 0.475645
 0 0.430734
 0 0.387494
 0 0.427982
 0 0.513898
 0 0.368208
 0 0.413492
 0 0.373306
 0 0.427773
 0 0.354244
 0 0.433295
 0 0.379866
 0 0.357972
 0 0.414661
 0 0.444708
 0 0.423233
 0 0.459694
 0 0.462464
 0 0.495728
 0 0.473044
 0 0.402973
 0 0.442839
 0 0.342695
 0 0.424182
 0 0.427302
 0 0.36352
 0 0.444942
 0 0.457084
 0 0.543414
 0 0.41167
 0 0.439429
 0 0.376593
 0 0.384265
 0 0.44219
 0 0.423262
 0 0.467923
 0 0.410254
 0 0.394438
 0 0.426215
 0 0.474234
 0 0.508961
 0 0.441755
 0 0.427626
 0 0.425847
 0 0.473043
 0 0.358744
 0 0.435813
 0 0.455493
 0 0.449138
 0 0.432316
 0 0.394806
 0 0.437383
 0 0.434038
 0 0.455961
 0 0.475946
 0 0.455339
 0 0.411767
 0 0.348768
 0 0.386225
 0 0.415003
 0 0.468733
 0 0.393159
 0 0.433851
 0 0.426226
 0 0.341723
 0 0.375823
 0 0.4231
 0 0.423244
 0 0.311169
 0 0.416053
 0 0.516806
 0 0.500242
 0 0.382909
 0 0.401166
 0 0.419777
 0 0.428294
 0 0.426024
 0 0.484833
 0 0.357494
 0 0.455434
 0 0.416723
 0 0.469368
 0 0.387111
 0 0.439702
 0 0.492331
 0 0.392514
 0 0.44124
 0 0.385477
 0 0.438132
 0 0.447331
 0 0.50185
 0 0.458559
 0 0.395388
 0 0.472499
 0 0.379613
 0 0.438067
 0 0.445389
 0 0.502221
 0 0.412579
 0 0.601979
 0 0.37235
 0 0.359516
 0 0.363009
 0 0.479623
 0 0.391946
 0 0.480567
 0 0.412916
 0 0.429417
 0 0.435686
 0 0.449194
 0 0.449075
 0 0.46153
 0 0.417832
 0 0.436259
 0 0.370971
 0 0.44237
 0 0.37065
 0 0.51203
 0 0.430574
 0 0.416108
 0 0.407294
 0 0.474065
 0 0.369477
 0 0.474506
 0 0.510268
 0 0.446946
 0 0.401132
 0 0.469885
 0 0.372841
 0 0.397145
 0 0.485082
 0 0.387256
 0 0.443
 0 0.38176
 0 0.340204
 0 0.481705
 0 0.4336
 0 0.46497
 0 0.435214
 0 0.414228
 0 0.431025
 0 0.46322
 0 0.440761
 0 0.432977
 0 0.43748
 0 0.457502
 0 0.518305
 0 0.49426
 0 0.422807
 0 0.444275
 0 0.478865
 0 0.422594
 0 0.446621
 0 0.468139
 0 0.436493
 0 0.482218
 0 0.427151
 0 0.445763
 0 0.387602
 0 0.477722
 0 0.411675
 0 0.453783
 0 0.441002
 0 0.445909
 0 0.405617
 0 0.483758
 0 0.446876
 0 0.465624
 0 0.57794
 0 0.48586
 0 0.421768
 0 0.41004
 0 0.449979
 0 0.485727
 0 0.472956
 0 0.441855
 0 0.468603
 0 0.537568
 0 0.405525
 0 0.492768
 0 0.521137
 0 0.427308
 0 0.425209
 0 0.482893
 0 0.379796
 0 0.391402
 0 0.398521
 0 0.433169
 0 0.464874
 0 0.425225
 0 0.386022
 0 0.377927
 0 0.449137
 0 0.492075
 0 0.358233
 0 0.479368
 0 0.383686
 0 0.45021
 0 0.408024
 0 0.40421
 0 0.452947
 0 0.418259
 0 0.452724
 0 0.465972
 0 0.413509
 0 0.586357
 0 0.560432
 0 0.438696
 0 0.479335
 0 0.457732
 0 0.443133
 0 0.424171
 0 0.422752
 0 0.42926
 0 0.462083
 0 0.412311
 0 0.48061
 0 0.409229
 0 0.481444
 0 0.389687
 0 0.416236
 0 0.380377
 0 0.418879
 0 0.481566
 0 0.481808
 0 0.392317
