535 1 0 0 1
 0 0.872606
 0 0.761965
 0 0.907498
 0 0.686509
 0 0.930643
 0 1.08939
 0 1.07688
 0 0.897516
 0 0.745998
 0 0.594894
 0 0.8073
 0 0.886969
 0 0.961929
 0 0.836868
 0 1.14124
 0 0.832911
 0 0.861329
 0 1.01503
 0 1.02188
 0 0.997245
 0 0.989999
 0 0.934586
 0 1.06326
 0 1.05034
 0 1.03838
 0 0.976114
 0 0.849768
 0 1.10478
 0 1.01403
 0 0.776192
 0 0.980685
 0 0.850106
 0 1.01408
 0 0.885152
 0 0.901471
 0 0.900623
 0 1.08574
 0 1.33223
 0 0.992949
 0 1.0912
 0 0.89275
 0 0.652757
 0 0.744423
 0 0.941
 0 1.14971
 0 1.09158
 0 0.841201
 0 0.89172
 0 0.916032
 0 1.01211
 0 0.822492
 0 1.10969
 0 0.963617
 0 0.630565
 0 0.793709
 0 0.745914
 0 0.670536
 0 0.982096
 0 0.863314
 0 0.796906
 0 0.80115
 0 0.930451
 0 1.04288
 0 1.17466
 0 1.12224
 0 0.964983
 0 0.789691
 0 1.14888
 0 1.25055
 0 1.1885
 0 0.952934
 0 1.13535
 0 0.837265
 0 1.01358
 0 1.03095
 0 1.04542
 0 0.670167
 0 0.862882
 0 0.809917
 0 0.856815
 0 0.808119
 0 0.974709
 0 0.938084
 0 1.13557
 0 1.06579
 0 0.756275
 0 0.905911
 0 1.07786
 0 0.993893
 0 0.991093
 0 1.08006
 0 0.885904
 0 0.904932
 0 1.12484
 0 1.09698
 0 0.990346
 0 0.780559
 0 1.00904
 0 1.10544
 0 1.12791
 0 1.01667
 0 0.974989
 0 1.1714
 0 0.932693
 0 0.655256
 0 0.864481
 0 1.09871
 0 0.850032
 0 0.90255
 0 0.992623
 0 0.871258
 0 1.0466
 0 0.889668
 0 0.872014
 0 0.699622
 0 0.728768
 0 1.02924
 0 0.913982
 0 1.1221
 0 1.03067
 0 0.827459
 0 0.740745
 0 1.16634
 0 0.964706
 0 0.752173
 0 1.02875
 0 0.954466
 0 0.718858
 0 1.21295
 0 0.868149
 0 0.889965
 0 1.2574
 0 1.06334
 0 0.98798
 0 1.00775
 0 1.02587
 0 0.879313
 0 0.811052
 0 0.810167
 0 0.953497
 0 1.01374
 0 0.843544
 0 1.00989
 0 0.817532
 0 0.813901
 0 0.840806
 0 1.066
 0 1.06781
 0 0.7436
 0 1.06035
 0 1.08096
 0 1.02539
 0 1.0395
 0 0.958357
 0 1.01824
 0 0.888155
 0 1.04354
 0 1.11355
 0 1.05974
 0 0.905301
 0 0.970543
 0 0.976384
 0 0.97296
 0 0.82889
 0 0.87917
 0 1.01848
 0 0.763351
 0 0.979733
 0 0.976235
 0 0.843368
 0 1.02161
 0 1.02132
 0 0.809453
 0 1.07174
 0 1.00559
 0 0.829644
 0 1.12364
 0 0.876131
 0 1.12226
 0 1.00197
 0 0.724514
 0 1.1082
 0 1.08483
 0 1.04951
 0 1.17209
 0 0.979153
 0 1.12752
 0 0.711812
 0 1.14362
 0 0.899374
 0 0.732174
 0 0.784931
 0 1.21153
 0 0.787729
 0 1.03223
 0 1.01578
 0 1.0193
 0 0.878983
 0 1.12347
 0 1.04016
 0 1.23451
 0 1.03923
 0 0.94082
 0 0.900097
 0 1.08441
 0 0.762092
 0 0.891571
 0 1.05277
 0 0.925587
 0 0.762765
 0 0.997331
 0 1.0693
 0 0.95498
 0 0.752708
 0 1.02939
 0 1.03286
 0 0.948328
 0 0.819984
 0 0.763546
 0 0.973976
 0 0.713436
 0 0.844163
 0 0.891876
 0 1.22723
 0 0.548055
 0 1.0088
 0 0.928454
 0 0.639627
 0 0.794731
 0 0.891857
 0 1.07639
 0 0.900828
 0 0.787237
 0 1.09957
 0 0.832829
 0 0.865309
 0 0.811826
 0 1.02616
 0 1.0851
 0 1.02935
 0 0.755882
 0 0.805268
 0 0.788094
 0 1.00447
 0 1.09482
 0 1.13225
 0 0.907754
 0 0.977195
 0 1.0996
 0 0.863476
 0 1.00254
 0 0.840626
 0 0.93938
 0 0.948777
 0 1.23934
 0 1.04615
 0 0.867432
 0 1.05812
 0 1.14997
 0 0.948258
 0 0.957835
 0 0.954734
 0 1.15152
 0 0.907951
 0 0.84207
 0 0.79485
 0 0.90765
 0 1.14261
 0 1.07227
 0 0.626958
 0 0.987859
 0 0.802997
 0 0.800711
 0 1.12117
 0 0.749703
 0 0.840605
 0 1.10706
 0 0.979862
 0 1.03443
 0 0.958546
 0 1.10771
 0 0.96122
 0 0.9033
 0 0.909518
 0 1.01264
 0 0.822978
 0 1.00636
 0 0.658289
 0 0.997737
 0 1.13178
 0 1.05051
 0 0.829138
 0 0.931583
 0 1.10266
 0 0.815064
 0 1.0539
 0 0.866996
 0 1.12613
 0 0.921564
 0 0.855028
 0 0.859849
 0 0.749758
 0 1.15523
 0 0.79529
 0 1.12841
 0 0.809139
 0 0.677264
 0 0.904
 0 0.910787
 0 1.03143
 0 0.83955
 0 0.999728
 0 0.925947
 0 1.02606
 0 0.973863
 0 0.808711
 0 0.854513
 0 0.951107
 0 0.689634
 0 1.10834
 0 0.895032
 0 0.956946
 0 0.776137
 0 0.974244
 0 0.871596
 0 0.965327
 0 1.04056
 0 1.13361
 0 0.938753
 0 1.02949
 0 0.895284
 0 1.25591
 0 0.863177
 0 0.906183
 0 0.987112
 0 0.946669
 0 0.906999
 0 0.896091
 0 1.07749
 0 1.13069
 0 0.858446
 0 1.11336
 0 1.0769
 0 1.02746
 0 0.98276
 0 0.903443
 0 0.863193
 0 0.755079
 0 0.81507
 0 0.823598
 0 0.826402
 0 1.12131
 0 0.960168
 0 0.861839
 0 1.134
 0 1.04189
 0 0.896701
 0 0.907771
 0 0.95037
 0 0.906833
 0 0.900078
 0 1.05062
 0 1.04646
 0 1.14553
 0 0.653189
 0 0.747829
 0 0.712509
 0 0.768336
 0 1.1365
 0 0.894575
 0 0.950476
 0 0.754737
 0 1.04767
 0 0.852431
 0 0.8855
 0 0.797631
 0 0.912016
 0 0.7738
 0 0.952948
 0 0.818761
 0 0.795286
 0 0.994071
 0 1.04865
 0 1.162
 0 1.08056
 0 0.732145
 0 1.09164
 0 0.916825
 0 1.11874
 0 0.887456
 0 0.877081
 0 0.712003
 0 0.770738
 0 1.06551
 0 1.00698
 0 0.986856
 0 0.806331
 0 1.05188
 0 0.839172
 0 1.12654
 0 0.913849
 0 0.909047
 0 0.804816
 0 0.820297
 0 1.04601
 0 0.789668
 0 1.008
 0 0.864125
 0 1.04206
 0 1.17468
 0 0.920393
 0 0.897582
 0 0.910396
 0 1.1387
 0 1.08298
 0 0.933132
 0 1.13337
 0 1.01251
 0 1.03863
 0 0.745056
 0 0.862984
 0 0.838991
 0 0.925814
 0 1.12316
 0 0.990481
 0 0.995677
 0 1.03849
 0 0.921034
 0 0.969275
 0 1.16247
 0 0.671839
 0 0.940621
 0 0.844339
 0 1.40814
 0 0.856105
 0 1.09189
 0 0.796833
 0 1.1211
 0 1.10894
 0 1.10721
 0 1.05676
 0 1.06224
 0 1.02797
 0 0.717659
 0 0.966803
 0 1.16603
 0 0.984068
 0 0.942475
 0 1.03513
 0 1.35385
 0 1.12357
 0 1.00603
 0 1.02301
 0 1.11968
 0 1.03272
 0 1.08772
 0 0.931577
 0 1.04828
 0 0.955906
 0 1.06637
 0 0.85285
 0 0.796816
 0 1.08463
 0 1.039
 0 1.16281
 0 0.891507
 0 1.09019
 0 0.985772
 0 0.994681
 0 1.01749
 0 0.948885
 0 0.83765
 0 0.765155
 0 1.03229
 0 1.20171
 0 1.04648
 0 0.76468
 0 0.863416
 0 0.802188
 0 0.928939
 0 1.08116
 0 1.1327
 0 1.07551
 0 0.938696
 0 0.868923
 0 0.889611
 0 1.13579
 0 1.02613
 0 0.705254
 0 0.799458
 0 0.941844
 0 0.96068
 0 1.02769
 0 0.818742
 0 1.147
 0 0.830705
 0 0.914165
 0 0.994446
 0 0.862147
 0 0.824364
 0 0.761152
 0 0.942587
 0 1.01138
 0 1.03148
 0 1.13948
 0 0.927585
 0 0.968845
 0 0.741572
 0 0.681258
 0 1.10281
 0 1.05093
 0 1.05055
 0 0.90169
 0 1.01677
 0 1.00386
 0 0.826339
 0 1.02772
 0 0.970441
 0 0.918205
 0 1.00755
 0 0.815631
 0 0.970518
 0 0.770642
 0 0.857596
 0 0.899382
 0 1.0519
 0 0.956666
 0 1.19685
 0 0.93188
 0 0.756791
 0 0.746076
 0 1.03885
 0 1.20719
 0 1.08474
 0 1.30961
