535 1 0 0 1
 0 0.970898
 0 0.790104
 0 1.07305
 0 0.834328
 0 0.832302
 0 0.855784
 0 0.98322
 0 0.774796
 0 0.868266
 0 0.614572
 0 0.87024
 0 0.783898
 0 1.06309
 0 0.837776
 0 0.95066
 0 0.81685
 0 0.917794
 0 0.811616
 0 1.04131
 0 0.91052
 0 0.891876
 0 0.869344
 0 0.768022
 0 0.836678
 0 0.932378
 0 0.937818
 0 0.965046
 0 1.00828
 0 0.898876
 0 0.952502
 0 1.05606
 0 1.09798
 0 0.976986
 0 0.854692
 0 0.806224
 0 0.992274
 0 0.845802
 0 0.967706
 0 0.922296
 0 1.10812
 0 0.857864
 0 0.837886
 0 0.789142
 0 0.821974
 0 1.01941
 0 0.8373
 0 1.06862
 0 0.840372
 0 0.873926
 0 1.00869
 0 0.9258
 0 1.00726
 0 0.958158
 0 0.80238
 0 0.795902
 0 0.892464
 0 0.83921
 0 0.807326
 0 0.85814
 0 0.827112
 0 0.84989
 0 0.817972
 0 0.866982
 0 0.932002
 0 0.757546
 0 0.992704
 0 0.869862
 0 1.00018
 0 1.05757
 0 0.707236
 0 1.02335
 0 0.904048
 0 0.878996
 0 0.928678
 0 0.88415
 0 0.794744
 0 1.02149
 0 0.754558
 0 0.858118
 0 0.95399
 0 0.957822
 0 0.638412
 0 0.86145
 0 0.826144
 0 1.07222
 0 0.905108
 0 0.924906
 0 1.02204
 0 0.872858
 0 0.869664
 0 0.981258
 0 0.94924
 0 0.717154
 0 0.89079
 0 0.862364
 0 0.913434
 0 0.820004
 0 0.81959
 0 0.882306
 0 0.927858
 0 0.839276
 0 0.893372
 0 0.919608
 0 0.950594
 0 0.871954
 0 0.984942
 0 0.939108
 0 0.890846
 0 0.863418
 0 0.816798
 0 0.841782
 0 0.933334
 0 0.767424
 0 1.02443
 0 0.877954
 0 0.891076
 0 0.804104
 0 0.91876
 0 1.04081
 0 0.87589
 0 0.945364
 0 1.00941
 0 0.942594
 0 0.953744
 0 0.856052
 0 1.02514
 0 0.957478
 0 0.858558
 0 0.883664
 0 0.88503
 0 0.981208
 0 0.90954
 0 1.00771
 0 0.920656
 0 1.13318
 0 0.89098
 0 1.01451
 0 0.722314
 0 0.771106
 0 0.74165
 0 0.77924
 0 0.927348
 0 0.75047
 0 1.02369
 0 1.01361
 0 0.864392
 0 0.814128
 0 0.945042
 0 1.04138
 0 0.947036
 0 0.801184
 0 1.01839
 0 0.923102
 0 0.894466
 0 0.873106
 0 1.10287
 0 0.916934
 0 0.944816
 0 0.82252
 0 0.923706
 0 0.901302
 0 0.900292
 0 0.92758
 0 0.898786
 0 1.02739
 0 0.89504
 0 0.787602
 0 0.853648
 0 0.735544
 0 0.859088
 0 0.769318
 0 1.03283
 0 0.752182
 0 1.02583
 0 0.696806
 0 1.06469
 0 1.01763
 0 0.753282
 0 0.900244
 0 0.93552
 0 0.829602
 0 1.07374
 0 0.938446
 0 0.817964
 0 0.875688
 0 0.776136
 0 0.816182
 0 0.924522
 0 0.894666
 0 0.84532
 0 0.885336
 0 0.828782
 0 1.05706
 0 0.866598
 0 1.08987
 0 1.02643
 0 0.840442
 0 0.862544
 0 0.932694
 0 1.06098
 0 0.96806
 0 0.94732
 0 0.976368
 0 0.997332
 0 0.864174
 0 0.801994
 0 0.984696
 0 0.934502
 0 0.899912
 0 0.899308
 0 0.919086
 0 0.94987
 0 0.85274
 0 1.00976
 0 0.79471
 0 0.94731
 0 0.961216
 0 0.80512
 0 1.02217
 0 1.01849
 0 0.97344
 0 0.824846
 0 0.963374
 0 0.961298
 0 0.620082
 0 0.882988
 0 0.814644
 0 0.916068
 0 0.897724
 0 0.712906
 0 0.931906
 0 0.790514
 0 0.890692
 0 0.96893
 0 0.910068
 0 0.935614
 0 0.939672
 0 0.87644
 0 0.97414
 0 0.83362
 0 0.922928
 0 0.959906
 0 0.878494
 0 0.920084
 0 0.852652
 0 1.01068
 0 0.87914
 0 0.9245
 0 0.720774
 0 0.868646
 0 0.87878
 0 0.873086
 0 1.06449
 0 1.00939
 0 1.06169
 0 0.894566
 0 0.978028
 0 1.00495
 0 1.06895
 0 0.819696
 0 0.912424
 0 0.92698
 0 0.857976
 0 0.901186
 0 0.885642
 0 1.00302
 0 0.820172
 0 1.01273
 0 0.87383
 0 0.96482
 0 0.883962
 0 1.06117
 0 1.04176
 0 0.924108
 0 0.830646
 0 0.7986
 0 0.822758
 0 0.814512
 0 1.00437
 0 1.0323
 0 0.74618
 0 0.891822
 0 0.793904
 0 0.870268
 0 0.982262
 0 0.934826
 0 0.868656
 0 0.922596
 0 0.915448
 0 0.773294
 0 1.01894
 0 0.851404
 0 0.958318
 0 0.920152
 0 0.859206
 0 0.941486
 0 1.03683
 0 0.801118
 0 0.836868
 0 0.98779
 0 0.747964
 0 0.888176
 0 0.844706
 0 0.916784
 0 0.918448
 0 0.974476
 0 0.956734
 0 0.970406
 0 1.02393
 0 0.961186
 0 0.835138
 0 1.05867
 0 0.66873
 0 0.8506
 0 0.997416
 0 0.830156
 0 0.819028
 0 1.05236
 0 0.828206
 0 0.874012
 0 0.971802
 0 0.866016
 0 0.94081
 0 0.932648
 0 0.938008
 0 0.982942
 0 0.869166
 0 0.881652
 0 0.898724
 0 0.880896
 0 0.918324
 0 0.798422
 0 0.864906
 0 0.925334
 0 0.917402
 0 0.965866
 0 0.750672
 0 0.993462
 0 0.801168
 0 0.92147
 0 0.98979
 0 1.09095
 0 0.889964
 0 0.982424
 0 0.922024
 0 0.82524
 0 0.882118
 0 0.711526
 0 0.873458
 0 0.899342
 0 0.820704
 0 1.06554
 0 0.84407
 0 0.881866
 0 0.8935
 0 0.776602
 0 0.795748
 0 0.887724
 0 0.872184
 0 0.954276
 0 0.772706
 0 1.02433
 0 0.75958
 0 1.01185
 0 0.93448
 0 1.04559
 0 0.843898
 0 0.857476
 0 0.868622
 0 1.07413
 0 0.835378
 0 0.915162
 0 0.979958
 0 0.927486
 0 0.933688
 0 0.943284
 0 0.803842
 0 0.907582
 0 1.12668
 0 0.928504
 0 0.804334
 0 1.05109
 0 0.862442
 0 0.939638
 0 0.846824
 0 0.79272
 0 1.15829
 0 0.888156
 0 0.68455
 0 0.861358
 0 0.876088
 0 1.03191
 0 0.868368
 0 0.828128
 0 1.0117
 0 0.97333
 0 0.962178
 0 0.868746
 0 1.06476
 0 0.994296
 0 0.878544
 0 0.889178
 0 0.898956
 0 0.866282
 0 0.942234
 0 0.867838
 0 0.943216
 0 0.878542
 0 0.884894
 0 0.880924
 0 0.846652
 0 0.775168
 0 0.877428
 0 0.995272
 0 0.939104
 0 0.906748
 0 0.824138
 0 1.03342
 0 0.811504
 0 0.926414
 0 0.98955
 0 0.831262
 0 0.853536
 0 0.801526
 0 0.901724
 0 0.954196
 0 0.988748
 0 0.919512
 0 0.987026
 0 0.922636
 0 0.90195
 0 0.96063
 0 0.936494
 0 0.888122
 0 0.89087
 0 1.00696
 0 1.04875
 0 0.647178
 0 0.958738
 0 0.902366
 0 0.87113
 0 0.982324
 0 0.957034
 0 0.840334
 0 0.933988
 0 0.853864
 0 0.879548
 0 0.85873
 0 0.923274
 0 0.888744
 0 0.91318
 0 1.07203
 0 0.999276
 0 1.06288
 0 0.852126
 0 1.05571
 0 0.900124
 0 0.708162
 0 0.90155
 0 1.17116
 0 0.854582
 0 1.12166
 0 0.96732
 0 0.821964
 0 0.957396
 0 1.0037
 0 0.90993
 0 0.844466
 0 0.887928
 0 0.868716
 0 0.94251
 0 0.983386
 0 0.853616
 0 0.97428
 0 0.820448
 0 0.900928
 0 0.964634
 0 0.963596
 0 0.91001
 0 0.95603
 0 0.945378
 0 1.01825
 0 1.12965
 0 0.845486
 0 0.955358
 0 0.87852
 0 0.918066
 0 0.928732
 0 1.02306
 0 0.862958
 0 0.88054
 0 0.994198
 0 0.970172
 0 0.98592
 0 0.91714
 0 1.06058
 0 0.850162
 0 0.876964
 0 0.978162
 0 0.78982
 0 0.835042
 0 0.917282
 0 0.970922
 0 0.686774
 0 0.962562
 0 1.05689
 0 0.84755
 0 0.955692
 0 0.969156
 0 0.84615
 0 0.944064
 0 1.03768
 0 0.94807
 0 0.922794
 0 0.815444
 0 0.951144
 0 0.926292
 0 0.79
 0 0.926954
 0 1.01116
 0 0.852594
 0 0.726816
 0 0.926382
 0 1.10857
 0 0.84079
 0 0.998852
 0 0.90347
 0 0.983608
 0 0.879004
 0 1.00063
 0 0.928542
 0 0.807668
 0 0.928944
 0 0.705458
 0 0.84048
