535 1 0 0 1
 0 0.448928
 0 0.268384
 0 0.408011
 0 0.370014
 0 0.210343
 0 0.467423
 0 0.641721
 0 0.501131
 0 0.386954
 0 0.28205
 0 0.404791
 0 0.430064
 0 0.425285
 0 0.322292
 0 0.640117
 0 0.541956
 0 0.314213
 0 0.502366
 0 0.554963
 0 0.5762
 0 0.571312
 0 0.353232
 0 0.3993
 0 0.517043
 0 0.448596
 0 0.495892
 0 0.414947
 0 0.567594
 0 0.482632
 0 0.350592
 0 0.526174
 0 0.561765
 0 0.484714
 0 0.391879
 0 0.198279
 0 0.396653
 0 0.594652
 0 0.437348
 0 0.516737
 0 0.488477
 0 0.259801
 0 0.451392
 0 0.530276
 0 0.467406
 0 0.48825
 0 0.556217
 0 0.312751
 0 0.561791
 0 0.444617
 0 0.440021
 0 0.420363
 0 0.628368
 0 0.449638
 0 0.356244
 0 0.195997
 0 0.380021
 0 0.395034
 0 0.549211
 0 0.364945
 0 0.440143
 0 0.249702
 0 0.524105
 0 0.513529
 0 0.579274
 0 0.616164
 0 0.487934
 0 0.390383
 0 0.526087
 0 0.636207
 0 0.45803
 0 0.399112
 0 0.500445
 0 0.251691
 0 0.574963
 0 0.611549
 0 0.443244
 0 0.370083
 0 0.328813
 0 0.45478
 0 0.371497
 0 0.433568
 0 0.623754
 0 0.635986
 0 0.537167
 0 0.53078
 0 0.278596
 0 0.451532
 0 0.600176
 0 0.669772
 0 0.521298
 0 0.468792
 0 0.490843
 0 0.468621
 0 0.60843
 0 0.493156
 0 0.442288
 0 0.327417
 0 0.468999
 0 0.506444
 0 0.547081
 0 0.436911
 0 0.499434
 0 0.617704
 0 0.403879
 0 0.257543
 0 0.409021
 0 0.451411
 0 0.627582
 0 0.477664
 0 0.464834
 0 0.460344
 0 0.576736
 0 0.229959
 0 0.45955
 0 0.398555
 0 0.341175
 0 0.408333
 0 0.4853
 0 0.583135
 0 0.47852
 0 0.367264
 0 0.397694
 0 0.634756
 0 0.424665
 0 0.387219
 0 0.457703
 0 0.549918
 0 0.391438
 0 0.385624
 0 0.416174
 0 0.477511
 0 0.325938
 0 0.526317
 0 0.49413
 0 0.407601
 0 0.399764
 0 0.489225
 0 0.395938
 0 0.542165
 0 0.285823
 0 0.550955
 0 0.291793
 0 0.41924
 0 0.314049
 0 0.431028
 0 0.401151
 0 0.310496
 0 0.370702
 0 0.311898
 0 0.497117
 0 0.530442
 0 0.42463
 0 0.566953
 0 0.433625
 0 0.536096
 0 0.427461
 0 0.515356
 0 0.428483
 0 0.686624
 0 0.405044
 0 0.396347
 0 0.391156
 0 0.41365
 0 0.447361
 0 0.429748
 0 0.477046
 0 0.443305
 0 0.565148
 0 0.527751
 0 0.487611
 0 0.466049
 0 0.402996
 0 0.382684
 0 0.504892
 0 0.360038
 0 0.504694
 0 0.464737
 0 0.384873
 0 0.612422
 0 0.441205
 0 0.376497
 0 0.543606
 0 0.559051
 0 0.376217
 0 0.524695
 0 0.429169
 0 0.522689
 0 0.362023
 0 0.474437
 0 0.364207
 0 0.374036
 0 0.267763
 0 0.626851
 0 0.359145
 0 0.62231
 0 0.540122
 0 0.354949
 0 0.402243
 0 0.591516
 0 0.626805
 0 0.634131
 0 0.421266
 0 0.399178
 0 0.441649
 0 0.589871
 0 0.331416
 0 0.489437
 0 0.541751
 0 0.324716
 0 0.35483
 0 0.477884
 0 0.505981
 0 0.555638
 0 0.337445
 0 0.571205
 0 0.568095
 0 0.398281
 0 0.46154
 0 0.419851
 0 0.506022
 0 0.218131
 0 0.52855
 0 0.602423
 0 0.548634
 0 0.209791
 0 0.553743
 0 0.342349
 0 0.310124
 0 0.278708
 0 0.286011
 0 0.424199
 0 0.4733
 0 0.400695
 0 0.504663
 0 0.448787
 0 0.53373
 0 0.336284
 0 0.464084
 0 0.42957
 0 0.543074
 0 0.320434
 0 0.401863
 0 0.302386
 0 0.390028
 0 0.502991
 0 0.565323
 0 0.475237
 0 0.501636
 0 0.541907
 0 0.405944
 0 0.521188
 0 0.539576
 0 0.431217
 0 0.286278
 0 0.473129
 0 0.493458
 0 0.370595
 0 0.455906
 0 0.642225
 0 0.413402
 0 0.51238
 0 0.396084
 0 0.569914
 0 0.411072
 0 0.377375
 0 0.372527
 0 0.503805
 0 0.524027
 0 0.507655
 0 0.281292
 0 0.427834
 0 0.498579
 0 0.499686
 0 0.505458
 0 0.431854
 0 0.220355
 0 0.596382
 0 0.37363
 0 0.463087
 0 0.522236
 0 0.462147
 0 0.448062
 0 0.300993
 0 0.57397
 0 0.510136
 0 0.40709
 0 0.530238
 0 0.412341
 0 0.531063
 0 0.605951
 0 0.456454
 0 0.253088
 0 0.588154
 0 0.6427
 0 0.3973
 0 0.631462
 0 0.404446
 0 0.571524
 0 0.539012
 0 0.46747
 0 0.483897
 0 0.295119
 0 0.553972
 0 0.305735
 0 0.583672
 0 0.514359
 0 0.295868
 0 0.39887
 0 0.503179
 0 0.459168
 0 0.472988
 0 0.547944
 0 0.487125
 0 0.544006
 0 0.391104
 0 0.499304
 0 0.495695
 0 0.511314
 0 0.3995
 0 0.564562
 0 0.378749
 0 0.569007
 0 0.438165
 0 0.435129
 0 0.412395
 0 0.318808
 0 0.42945
 0 0.553448
 0 0.504888
 0 0.550395
 0 0.667066
 0 0.705571
 0 0.570427
 0 0.458426
 0 0.390829
 0 0.393929
 0 0.411422
 0 0.559428
 0 0.510459
 0 0.559169
 0 0.468814
 0 0.604903
 0 0.479144
 0 0.46661
 0 0.505721
 0 0.448363
 0 0.279911
 0 0.376131
 0 0.164122
 0 0.33214
 0 0.444609
 0 0.446295
 0 0.382648
 0 0.338795
 0 0.544734
 0 0.499696
 0 0.594867
 0 0.676537
 0 0.554313
 0 0.513882
 0 0.496877
 0 0.44766
 0 0.472478
 0 0.567605
 0 0.29357
 0 0.42917
 0 0.190628
 0 0.328889
 0 0.592017
 0 0.281625
 0 0.408109
 0 0.464008
 0 0.514306
 0 0.445424
 0 0.608522
 0 0.275034
 0 0.357554
 0 0.549862
 0 0.418004
 0 0.435528
 0 0.529613
 0 0.502081
 0 0.419996
 0 0.434188
 0 0.522121
 0 0.229234
 0 0.480659
 0 0.427903
 0 0.662225
 0 0.39078
 0 0.390371
 0 0.344656
 0 0.399834
 0 0.434184
 0 0.385966
 0 0.412455
 0 0.431701
 0 0.538989
 0 0.395612
 0 0.687805
 0 0.492395
 0 0.575632
 0 0.473314
 0 0.551632
 0 0.523947
 0 0.433096
 0 0.319201
 0 0.426615
 0 0.361997
 0 0.614286
 0 0.467371
 0 0.354514
 0 0.504695
 0 0.666924
 0 0.408856
 0 0.518688
 0 0.59545
 0 0.499966
 0 0.4416
 0 0.436122
 0 0.483608
 0 0.473953
 0 0.376111
 0 0.515247
 0 0.495509
 0 0.356195
 0 0.575086
 0 0.498257
 0 0.415905
 0 0.676595
 0 0.253324
 0 0.292372
 0 0.414697
 0 0.80581
 0 0.425863
 0 0.734794
 0 0.474711
 0 0.623569
 0 0.468553
 0 0.491246
 0 0.5222
 0 0.397591
 0 0.536393
 0 0.41643
 0 0.386403
 0 0.435897
 0 0.479482
 0 0.397395
 0 0.604711
 0 0.679077
 0 0.653443
 0 0.425159
 0 0.372724
 0 0.564079
 0 0.507226
 0 0.724743
 0 0.408852
 0 0.475745
 0 0.53953
 0 0.604555
 0 0.446108
 0 0.436024
 0 0.59538
 0 0.317172
 0 0.48803
 0 0.503199
 0 0.53916
 0 0.570846
 0 0.673653
 0 0.381223
 0 0.544666
 0 0.363813
 0 0.517852
 0 0.514583
 0 0.759122
 0 0.47931
 0 0.518985
 0 0.55238
 0 0.414798
 0 0.435137
 0 0.500943
 0 0.442932
 0 0.505848
 0 0.411098
 0 0.390591
 0 0.581377
 0 0.429505
 0 0.506854
 0 0.320997
 0 0.402179
 0 0.576131
 0 0.588883
 0 0.541781
 0 0.428013
 0 0.575787
 0 0.406406
 0 0.397116
 0 0.442534
 0 0.432245
 0 0.479235
 0 0.41798
 0 0.396044
 0 0.432365
 0 0.528829
 0 0.52565
 0 0.54688
 0 0.629129
 0 0.378276
 0 0.382047
 0 0.531461
 0 0.588897
 0 0.573722
 0 0.478751
 0 0.468845
 0 0.481091
 0 0.413872
 0 0.468412
 0 0.377234
 0 0.378096
 0 0.495209
 0 0.290851
 0 0.260994
 0 0.382588
 0 0.518127
 0 0.389593
 0 0.491716
 0 0.456505
 0 0.656132
 0 0.45411
 0 0.291208
 0 0.287131
 0 0.369902
 0 0.508169
 0 0.251329
 0 0.738375
