535 1 0 0 1
 0 0.403054
 0 0.449948
 0 0.443963
 0 0.465557
 0 0.527931
 0 0.423385
 0 0.514922
 0 0.539887
 0 0.463561
 0 0.387585
 0 0.534561
 0 0.428505
 0 0.500641
 0 0.466533
 0 0.512778
 0 0.478035
 0 0.449295
 0 0.492883
 0 0.493188
 0 0.43474
 0 0.490629
 0 0.448743
 0 0.390112
 0 0.45192
 0 0.4581
 0 0.407885
 0 0.422466
 0 0.381794
 0 0.48398
 0 0.503789
 0 0.48904
 0 0.523607
 0 0.538263
 0 0.44651
 0 0.443037
 0 0.473319
 0 0.461505
 0 0.441096
 0 0.492118
 0 0.484845
 0 0.440385
 0 0.451433
 0 0.410903
 0 0.515534
 0 0.457125
 0 0.433468
 0 0.371906
 0 0.481846
 0 0.436705
 0 0.491357
 0 0.459676
 0 0.450891
 0 0.514618
 0 0.49755
 0 0.447301
 0 0.469265
 0 0.526483
 0 0.485144
 0 0.378788
 0 0.417972
 0 0.481167
 0 0.450359
 0 0.455455
 0 0.462584
 0 0.460525
 0 0.393378
 0 0.394179
 0 0.533292
 0 0.554625
 0 0.482265
 0 0.443747
 0 0.510087
 0 0.485264
 0 0.492648
 0 0.43066
 0 0.378952
 0 0.405977
 0 0.370329
 0 0.488569
 0 0.519404
 0 0.457239
 0 0.477737
 0 0.492191
 0 0.447815
 0 0.431817
 0 0.439423
 0 0.356559
 0 0.490277
 0 0.406726
 0 0.441051
 0 0.456702
 0 0.471032
 0 0.3957
 0 0.438209
 0 0.481478
 0 0.408283
 0 0.432037
 0 0.61524
 0 0.555344
 0 0.480729
 0 0.431545
 0 0.467609
 0 0.394999
 0 0.530437
 0 0.409383
 0 0.474838
 0 0.449575
 0 0.406276
 0 0.523316
 0 0.596786
 0 0.444587
 0 0.396492
 0 0.40219
 0 0.404196
 0 0.473914
 0 0.443245
 0 0.414756
 0 0.434863
 0 0.524375
 0 0.562304
 0 0.445829
 0 0.468867
 0 0.453149
 0 0.450044
 0 0.440108
 0 0.457067
 0 0.478964
 0 0.416644
 0 0.582846
 0 0.450148
 0 0.474289
 0 0.560101
 0 0.499222
 0 0.410214
 0 0.480944
 0 0.513121
 0 0.468359
 0 0.462576
 0 0.43567
 0 0.474234
 0 0.493561
 0 0.464861
 0 0.454192
 0 0.451852
 0 0.446774
 0 0.481976
 0 0.363283
 0 0.497261
 0 0.412435
 0 0.529295
 0 0.530723
 0 0.446859
 0 0.429606
 0 0.454572
 0 0.44456
 0 0.50164
 0 0.508192
 0 0.469096
 0 0.435834
 0 0.48497
 0 0.468604
 0 0.377026
 0 0.367863
 0 0.380472
 0 0.468446
 0 0.381867
 0 0.381613
 0 0.410411
 0 0.468287
 0 0.42029
 0 0.398695
 0 0.534026
 0 0.40314
 0 0.404366
 0 0.381641
 0 0.363104
 0 0.534302
 0 0.391079
 0 0.444349
 0 0.522456
 0 0.483751
 0 0.510077
 0 0.496616
 0 0.527891
 0 0.501018
 0 0.407227
 0 0.493939
 0 0.429769
 0 0.455085
 0 0.44036
 0 0.470032
 0 0.391099
 0 0.537416
 0 0.430237
 0 0.504946
 0 0.426453
 0 0.464086
 0 0.462668
 0 0.518399
 0 0.489453
 0 0.534873
 0 0.458208
 0 0.383016
 0 0.522564
 0 0.456406
 0 0.438392
 0 0.47387
 0 0.522521
 0 0.358965
 0 0.456483
 0 0.4864
 0 0.434532
 0 0.420477
 0 0.484498
 0 0.470485
 0 0.43402
 0 0.464163
 0 0.44365
 0 0.375379
 0 0.506012
 0 0.497499
 0 0.50855
 0 0.481013
 0 0.552101
 0 0.492856
 0 0.471081
 0 0.429239
 0 0.443111
 0 0.432024
 0 0.429384
 0 0.450234
 0 0.403518
 0 0.480096
 0 0.551777
 0 0.493767
 0 0.437844
 0 0.384442
 0 0.524649
 0 0.408634
 0 0.496573
 0 0.460303
 0 0.493981
 0 0.491377
 0 0.47569
 0 0.521499
 0 0.537492
 0 0.427404
 0 0.467418
 0 0.512168
 0 0.441897
 0 0.46595
 0 0.430693
 0 0.454441
 0 0.436827
 0 0.533709
 0 0.553319
 0 0.471876
 0 0.403541
 0 0.506232
 0 0.520822
 0 0.526184
 0 0.424339
 0 0.460425
 0 0.458657
 0 0.4363
 0 0.537021
 0 0.461035
 0 0.548279
 0 0.464391
 0 0.52083
 0 0.53713
 0 0.477143
 0 0.408199
 0 0.50822
 0 0.449122
 0 0.442503
 0 0.434313
 0 0.547285
 0 0.487765
 0 0.470269
 0 0.523698
 0 0.431364
 0 0.517936
 0 0.453977
 0 0.472609
 0 0.470391
 0 0.419594
 0 0.393707
 0 0.430055
 0 0.484944
 0 0.525487
 0 0.507987
 0 0.432577
 0 0.559159
 0 0.534104
 0 0.519228
 0 0.436031
 0 0.508646
 0 0.396058
 0 0.460417
 0 0.412492
 0 0.374161
 0 0.452584
 0 0.289409
 0 0.505047
 0 0.446604
 0 0.449807
 0 0.497416
 0 0.508626
 0 0.503256
 0 0.402582
 0 0.469558
 0 0.493181
 0 0.438457
 0 0.39981
 0 0.551095
 0 0.427667
 0 0.387337
 0 0.404485
 0 0.432665
 0 0.442043
 0 0.454961
 0 0.426493
 0 0.49716
 0 0.376866
 0 0.480108
 0 0.464652
 0 0.479883
 0 0.418007
 0 0.491244
 0 0.516682
 0 0.493672
 0 0.384799
 0 0.458636
 0 0.458818
 0 0.457266
 0 0.460607
 0 0.408996
 0 0.451807
 0 0.433214
 0 0.420512
 0 0.476768
 0 0.544139
 0 0.561995
 0 0.423387
 0 0.399604
 0 0.524941
 0 0.374789
 0 0.395177
 0 0.449114
 0 0.470804
 0 0.534805
 0 0.461518
 0 0.477313
 0 0.423089
 0 0.390109
 0 0.413361
 0 0.455186
 0 0.435304
 0 0.444689
 0 0.424108
 0 0.501694
 0 0.434843
 0 0.511614
 0 0.428267
 0 0.491965
 0 0.389932
 0 0.512267
 0 0.541043
 0 0.493658
 0 0.54966
 0 0.432884
 0 0.504035
 0 0.413818
 0 0.560489
 0 0.42846
 0 0.516934
 0 0.382165
 0 0.416975
 0 0.44946
 0 0.424423
 0 0.403395
 0 0.431722
 0 0.479032
 0 0.530499
 0 0.395407
 0 0.480048
 0 0.45898
 0 0.533616
 0 0.545504
 0 0.377203
 0 0.431979
 0 0.433312
 0 0.564986
 0 0.422186
 0 0.477917
 0 0.401426
 0 0.471488
 0 0.435428
 0 0.544353
 0 0.52135
 0 0.454011
 0 0.433491
 0 0.468073
 0 0.501035
 0 0.396214
 0 0.470354
 0 0.537305
 0 0.522604
 0 0.491165
 0 0.477169
 0 0.3732
 0 0.462231
 0 0.4713
 0 0.426493
 0 0.505174
 0 0.564116
 0 0.429877
 0 0.499368
 0 0.432291
 0 0.412232
 0 0.461094
 0 0.45462
 0 0.443389
 0 0.443201
 0 0.47227
 0 0.44251
 0 0.408185
 0 0.418287
 0 0.50135
 0 0.474558
 0 0.403136
 0 0.390122
 0 0.516958
 0 0.485132
 0 0.533645
 0 0.41051
 0 0.469153
 0 0.388983
 0 0.510754
 0 0.533369
 0 0.487106
 0 0.499702
 0 0.352146
 0 0.476123
 0 0.531015
 0 0.556909
 0 0.457915
 0 0.470486
 0 0.491256
 0 0.46587
 0 0.467073
 0 0.41695
 0 0.498152
 0 0.443876
 0 0.423425
 0 0.428902
 0 0.540829
 0 0.468881
 0 0.489467
 0 0.46712
 0 0.451469
 0 0.461139
 0 0.447598
 0 0.517908
 0 0.400594
 0 0.50184
 0 0.431158
 0 0.456259
 0 0.523183
 0 0.490953
 0 0.462766
 0 0.368632
 0 0.506294
 0 0.610963
 0 0.500234
 0 0.455762
 0 0.535911
 0 0.469726
 0 0.415425
 0 0.433116
 0 0.470031
 0 0.462364
 0 0.401065
 0 0.447605
 0 0.479842
 0 0.502168
 0 0.436123
 0 0.467266
 0 0.47163
 0 0.421735
 0 0.463409
 0 0.427602
 0 0.419888
 0 0.42791
 0 0.504931
 0 0.425538
 0 0.392443
 0 0.425934
 0 0.372041
 0 0.42713
 0 0.555352
 0 0.5468
 0 0.560404
 0 0.499254
 0 0.481714
 0 0.47494
 0 0.418899
 0 0.439532
 0 0.56812
 0 0.582619
 0 0.550758
 0 0.443985
 0 0.481173
 0 0.412226
 0 0.571406
 0 0.560617
 0 0.476512
 0 0.464556
 0 0.466212
 0 0.375661
 0 0.520018
 0 0.349419
 0 0.476649
 0 0.365594
 0 0.475289
 0 0.419094
 0 0.490195
 0 0.45736
 0 0.495258
 0 0.479657
 0 0.461549
 0 0.511024
 0 0.44313
 0 0.513402
