535 1 0 0 1
 0 0.828445
 0 0.848224
 0 0.738233
 0 0.971007
 0 0.979613
 0 0.887696
 0 0.911768
 0 0.988388
 0 0.893251
 0 0.917991
 0 0.911986
 0 0.834089
 0 0.970863
 0 0.999613
 0 1.049
 0 0.779028
 0 0.785219
 0 0.940607
 0 1.07851
 0 0.837546
 0 0.995874
 0 1.0199
 0 1.07164
 0 0.915657
 0 0.753416
 0 0.886739
 0 0.949645
 0 0.856034
 0 1.00826
 0 0.869648
 0 1.1596
 0 0.934585
 0 0.992136
 0 1.00292
 0 0.939417
 0 1.03681
 0 1.00658
 0 0.887815
 0 0.954538
 0 0.846192
 0 0.882155
 0 0.82141
 0 0.901601
 0 0.950937
 0 0.877885
 0 0.816772
 0 0.817208
 0 0.896926
 0 0.801908
 0 1.07941
 0 0.890887
 0 0.982452
 0 0.960714
 0 1.07663
 0 0.779266
 0 0.826785
 0 0.824433
 0 0.896298
 0 0.73075
 0 0.78073
 0 0.856438
 0 1.009
 0 0.870157
 0 0.995874
 0 0.937293
 0 0.91074
 0 0.891333
 0 0.921085
 0 0.862264
 0 0.893865
 0 1.10969
 0 1.05585
 0 0.871427
 0 0.946614
 0 0.86652
 0 0.874961
 0 0.8793
 0 0.843115
 0 0.954588
 0 0.993614
 0 0.807128
 0 0.867859
 0 1.03477
 0 0.872536
 0 0.966031
 0 0.861357
 0 0.876265
 0 0.882876
 0 0.920618
 0 0.877975
 0 0.825978
 0 0.820736
 0 0.713459
 0 0.899446
 0 0.956343
 0 0.960355
 0 1.0075
 0 0.941968
 0 0.970231
 0 0.820748
 0 0.752105
 0 0.924911
 0 0.959769
 0 0.983978
 0 1.01357
 0 0.833766
 0 0.824552
 0 0.972571
 0 0.990426
 0 1.1086
 0 0.848157
 0 0.966786
 0 0.998995
 0 0.741391
 0 0.885958
 0 0.802413
 0 0.903687
 0 0.898867
 0 0.900844
 0 0.999207
 0 0.826135
 0 0.963602
 0 1.06185
 0 0.866799
 0 0.819724
 0 0.980689
 0 1.08738
 0 0.95202
 0 0.862237
 0 0.848862
 0 1.00448
 0 1.03971
 0 0.954505
 0 1.00874
 0 0.950707
 0 0.973518
 0 0.879948
 0 0.820633
 0 0.897257
 0 0.853226
 0 0.888237
 0 0.827973
 0 0.795043
 0 0.95562
 0 0.961871
 0 0.8885
 0 0.92357
 0 0.963434
 0 0.941095
 0 0.999593
 0 1.07361
 0 0.786881
 0 0.874682
 0 0.904864
 0 0.956266
 0 0.805125
 0 1.00773
 0 0.76228
 0 0.854966
 0 0.893857
 0 0.934696
 0 0.803996
 0 0.741674
 0 0.755316
 0 1.12116
 0 0.850067
 0 0.876481
 0 0.947547
 0 0.82543
 0 0.8044
 0 0.773689
 0 0.932907
 0 0.870516
 0 0.924857
 0 0.88643
 0 0.764039
 0 0.979758
 0 0.829176
 0 0.965429
 0 0.982308
 0 0.926316
 0 1.01537
 0 0.846966
 0 0.919469
 0 1.00936
 0 0.852674
 0 0.900119
 0 0.871379
 0 0.947208
 0 0.9582
 0 0.870484
 0 0.925103
 0 0.896052
 0 0.92582
 0 1.09605
 0 0.904795
 0 0.93869
 0 0.859386
 0 0.82141
 0 0.854383
 0 1.0828
 0 0.928043
 0 0.834824
 0 0.878916
 0 1.09715
 0 0.973357
 0 0.954063
 0 0.950022
 0 0.899648
 0 0.916412
 0 0.870706
 0 0.835428
 0 1.01722
 0 1.006
 0 0.816758
 0 1.01761
 0 0.854429
 0 0.778263
 0 0.866722
 0 0.82705
 0 0.863138
 0 0.956777
 0 0.884926
 0 0.881439
 0 0.816711
 0 1.01702
 0 0.931657
 0 0.945037
 0 0.840007
 0 0.803863
 0 0.938452
 0 0.814571
 0 0.789597
 0 0.938202
 0 0.81976
 0 0.825269
 0 0.909036
 0 0.826709
 0 0.844432
 0 0.91326
 0 0.866286
 0 0.800703
 0 0.904739
 0 0.903368
 0 0.969934
 0 0.942378
 0 0.814341
 0 0.734217
 0 1.02147
 0 0.910762
 0 0.958671
 0 0.808162
 0 0.912503
 0 0.909585
 0 0.964648
 0 1.00757
 0 0.85478
 0 0.842215
 0 1.13584
 0 0.937289
 0 1.03063
 0 0.924043
 0 0.827314
 0 0.852341
 0 0.74381
 0 0.934476
 0 0.946965
 0 0.921608
 0 1.04038
 0 0.8524
 0 0.91617
 0 0.855243
 0 0.818618
 0 1.03401
 0 0.800769
 0 0.826483
 0 1.04573
 0 0.822555
 0 1.00195
 0 0.968682
 0 1.00456
 0 0.928633
 0 0.96151
 0 0.904246
 0 0.964559
 0 0.9579
 0 0.980943
 0 0.803962
 0 0.832373
 0 1.10485
 0 0.948645
 0 0.833047
 0 0.839101
 0 0.979913
 0 0.931195
 0 1.03335
 0 0.915643
 0 0.946828
 0 0.824358
 0 1.10854
 0 0.984877
 0 0.792351
 0 0.858562
 0 0.935407
 0 1.01017
 0 1.04397
 0 0.869299
 0 0.867837
 0 1.06507
 0 0.889053
 0 0.938593
 0 0.840611
 0 0.89246
 0 0.959866
 0 0.813226
 0 0.995773
 0 0.857605
 0 0.80463
 0 0.868422
 0 0.981616
 0 0.999211
 0 0.765671
 0 0.741734
 0 0.868378
 0 0.827734
 0 0.976269
 0 0.822662
 0 0.88158
 0 0.865662
 0 0.879149
 0 0.995407
 0 0.924277
 0 0.89164
 0 0.85163
 0 0.905597
 0 0.955301
 0 0.836435
 0 0.871603
 0 1.06378
 0 0.850895
 0 0.960268
 0 1.06787
 0 0.985016
 0 0.882573
 0 0.929838
 0 0.856436
 0 0.926932
 0 0.708661
 0 0.81951
 0 0.886531
 0 0.817559
 0 0.92251
 0 0.851269
 0 0.947474
 0 0.963008
 0 0.89478
 0 0.852723
 0 1.06783
 0 0.883599
 0 0.882533
 0 0.884603
 0 0.939318
 0 0.99967
 0 1.03663
 0 0.836544
 0 0.846742
 0 0.884817
 0 0.936134
 0 0.904335
 0 0.864788
 0 0.759738
 0 0.813008
 0 1.01609
 0 1.05952
 0 1.01654
 0 0.725706
 0 0.837043
 0 0.762276
 0 0.788781
 0 0.868414
 0 0.771294
 0 0.927368
 0 0.785873
 0 0.973139
 0 0.821273
 0 0.973274
 0 0.870718
 0 0.917357
 0 1.01796
 0 0.888841
 0 0.998365
 0 0.861789
 0 0.675079
 0 1.04186
 0 0.795826
 0 1.00215
 0 0.978706
 0 0.943989
 0 0.743045
 0 0.938654
 0 1.01108
 0 0.891656
 0 0.824922
 0 0.972067
 0 0.953883
 0 0.882303
 0 0.964927
 0 0.943975
 0 1.05917
 0 0.823857
 0 0.898758
 0 0.799909
 0 0.838368
 0 0.922324
 0 0.861601
 0 0.975516
 0 0.971556
 0 0.897134
 0 1.03509
 0 0.872033
 0 1.02665
 0 0.937275
 0 0.873592
 0 0.821681
 0 0.967418
 0 0.813646
 0 0.8378
 0 0.801464
 0 0.894659
 0 0.899759
 0 0.889128
 0 0.93131
 0 1.06794
 0 0.858641
 0 1.03455
 0 1.01899
 0 0.840868
 0 0.992831
 0 0.990666
 0 0.917611
 0 1.05623
 0 1.00469
 0 1.03921
 0 0.720876
 0 0.926252
 0 0.941616
 0 0.939605
 0 0.982464
 0 0.915578
 0 0.998121
 0 0.941424
 0 0.902633
 0 0.857119
 0 1.03334
 0 0.995248
 0 0.968305
 0 0.947914
 0 0.968093
 0 0.946911
 0 1.00854
 0 0.812679
 0 1.06928
 0 0.928081
 0 0.844767
 0 0.844529
 0 0.793013
 0 0.827603
 0 0.841885
 0 0.825441
 0 0.93555
 0 1.00261
 0 1.06778
 0 0.88834
 0 0.952141
 0 1.08333
 0 0.845865
 0 0.954483
 0 0.955042
 0 0.91645
 0 0.756683
 0 0.904545
 0 1.03462
 0 0.820027
 0 0.914851
 0 0.873971
 0 0.776405
 0 0.990704
 0 0.848955
 0 0.766081
 0 0.924776
 0 0.770614
 0 0.790655
 0 0.952357
 0 0.974003
 0 0.904571
 0 0.915691
 0 0.826087
 0 0.897922
 0 0.943292
 0 0.773332
 0 0.860576
 0 0.939746
 0 0.990702
 0 0.941778
 0 0.969092
 0 0.802247
 0 1.07088
 0 0.691501
 0 0.971863
 0 0.951593
 0 0.983007
 0 0.880588
 0 0.859637
 0 0.874579
 0 0.923815
 0 0.955052
 0 1.09677
 0 1.05803
 0 0.914631
 0 0.805066
 0 0.774658
 0 0.895426
 0 0.890931
 0 0.860838
 0 0.774844
 0 1.09008
 0 0.836595
 0 0.909892
 0 0.735804
 0 0.935399
 0 0.884316
 0 0.958972
 0 1.01286
 0 0.936449
 0 1.05703
