535 1 0 0 1
 0 0.388227
 0 0.473659
 0 0.473332
 0 0.465636
 0 0.460507
 0 0.370739
 0 0.411881
 0 0.441263
 0 0.383866
 0 0.404248
 0 0.405401
 0 0.437335
 0 0.490715
 0 0.53922
 0 0.437967
 0 0.370128
 0 0.459589
 0 0.390884
 0 0.402757
 0 0.418235
 0 0.461206
 0 0.438468
 0 0.46087
 0 0.471631
 0 0.505068
 0 0.471574
 0 0.35586
 0 0.483503
 0 0.484438
 0 0.399722
 0 0.549811
 0 0.435082
 0 0.434148
 0 0.395033
 0 0.392975
 0 0.45079
 0 0.468349
 0 0.390638
 0 0.431778
 0 0.417293
 0 0.475915
 0 0.360144
 0 0.3759
 0 0.557156
 0 0.454353
 0 0.448716
 0 0.431595
 0 0.469875
 0 0.441358
 0 0.475098
 0 0.433827
 0 0.473868
 0 0.426671
 0 0.467239
 0 0.465003
 0 0.404609
 0 0.458563
 0 0.483653
 0 0.373628
 0 0.383013
 0 0.410436
 0 0.398442
 0 0.485648
 0 0.435995
 0 0.375426
 0 0.414102
 0 0.387686
 0 0.422415
 0 0.423476
 0 0.420074
 0 0.435494
 0 0.483903
 0 0.512504
 0 0.445548
 0 0.461733
 0 0.358896
 0 0.38625
 0 0.402582
 0 0.355893
 0 0.434106
 0 0.418143
 0 0.382105
 0 0.419362
 0 0.423434
 0 0.363979
 0 0.460173
 0 0.366765
 0 0.421396
 0 0.415673
 0 0.432172
 0 0.388488
 0 0.419468
 0 0.429106
 0 0.443668
 0 0.363588
 0 0.419729
 0 0.410764
 0 0.486247
 0 0.490452
 0 0.408941
 0 0.400724
 0 0.464054
 0 0.395076
 0 0.494649
 0 0.479403
 0 0.459282
 0 0.448617
 0 0.416369
 0 0.468688
 0 0.476182
 0 0.417169
 0 0.443252
 0 0.427444
 0 0.339977
 0 0.34939
 0 0.478944
 0 0.377347
 0 0.323409
 0 0.560802
 0 0.523502
 0 0.430352
 0 0.467616
 0 0.473929
 0 0.449295
 0 0.373888
 0 0.408776
 0 0.45899
 0 0.411756
 0 0.50817
 0 0.430516
 0 0.426712
 0 0.460538
 0 0.42529
 0 0.46916
 0 0.441724
 0 0.440314
 0 0.44304
 0 0.434766
 0 0.455894
 0 0.429327
 0 0.476354
 0 0.429248
 0 0.408029
 0 0.374672
 0 0.424315
 0 0.452083
 0 0.469814
 0 0.396602
 0 0.421399
 0 0.42094
 0 0.534961
 0 0.462784
 0 0.401624
 0 0.461123
 0 0.540706
 0 0.486001
 0 0.405244
 0 0.463318
 0 0.436254
 0 0.450132
 0 0.44756
 0 0.398733
 0 0.433964
 0 0.406259
 0 0.413733
 0 0.344539
 0 0.367575
 0 0.291122
 0 0.420038
 0 0.399464
 0 0.455709
 0 0.393501
 0 0.336158
 0 0.522864
 0 0.372497
 0 0.399165
 0 0.452046
 0 0.435469
 0 0.436914
 0 0.450722
 0 0.464764
 0 0.455088
 0 0.457452
 0 0.422066
 0 0.50535
 0 0.436194
 0 0.461311
 0 0.421647
 0 0.427356
 0 0.510486
 0 0.451787
 0 0.392626
 0 0.490103
 0 0.483007
 0 0.452921
 0 0.447914
 0 0.547225
 0 0.445745
 0 0.45914
 0 0.458658
 0 0.500074
 0 0.417109
 0 0.432966
 0 0.438998
 0 0.434848
 0 0.36983
 0 0.428633
 0 0.428493
 0 0.453819
 0 0.415335
 0 0.392859
 0 0.458851
 0 0.375846
 0 0.458919
 0 0.356191
 0 0.489513
 0 0.39113
 0 0.470434
 0 0.430943
 0 0.453684
 0 0.433894
 0 0.496876
 0 0.319758
 0 0.461406
 0 0.426351
 0 0.444212
 0 0.47163
 0 0.433497
 0 0.444654
 0 0.440494
 0 0.446597
 0 0.383941
 0 0.44702
 0 0.507817
 0 0.374712
 0 0.380378
 0 0.401094
 0 0.452537
 0 0.408053
 0 0.451771
 0 0.481955
 0 0.441257
 0 0.458288
 0 0.434413
 0 0.439372
 0 0.437983
 0 0.454289
 0 0.387063
 0 0.426822
 0 0.475022
 0 0.393609
 0 0.514343
 0 0.425265
 0 0.483
 0 0.494109
 0 0.516708
 0 0.431672
 0 0.458944
 0 0.509149
 0 0.414668
 0 0.480007
 0 0.420889
 0 0.391559
 0 0.460774
 0 0.403043
 0 0.419912
 0 0.49961
 0 0.472047
 0 0.427364
 0 0.488047
 0 0.427497
 0 0.414459
 0 0.376004
 0 0.396844
 0 0.467311
 0 0.410994
 0 0.425058
 0 0.435948
 0 0.460413
 0 0.390698
 0 0.486385
 0 0.498219
 0 0.420426
 0 0.457715
 0 0.395604
 0 0.434515
 0 0.484481
 0 0.372201
 0 0.426194
 0 0.435384
 0 0.437371
 0 0.470862
 0 0.424344
 0 0.412158
 0 0.447917
 0 0.390515
 0 0.423831
 0 0.411598
 0 0.406838
 0 0.482474
 0 0.45066
 0 0.404316
 0 0.442466
 0 0.410408
 0 0.440908
 0 0.461778
 0 0.404877
 0 0.401143
 0 0.438711
 0 0.497827
 0 0.384917
 0 0.417304
 0 0.407945
 0 0.353298
 0 0.476747
 0 0.477317
 0 0.398868
 0 0.419786
 0 0.442293
 0 0.424206
 0 0.444248
 0 0.487247
 0 0.417868
 0 0.455439
 0 0.436068
 0 0.501932
 0 0.446201
 0 0.461981
 0 0.427537
 0 0.415659
 0 0.425396
 0 0.363986
 0 0.410462
 0 0.446124
 0 0.39715
 0 0.515423
 0 0.459669
 0 0.414017
 0 0.509794
 0 0.408728
 0 0.393229
 0 0.545922
 0 0.485597
 0 0.410088
 0 0.404937
 0 0.471344
 0 0.400465
 0 0.450635
 0 0.459092
 0 0.38033
 0 0.40857
 0 0.416425
 0 0.375203
 0 0.526998
 0 0.353258
 0 0.38984
 0 0.36863
 0 0.508269
 0 0.450029
 0 0.451241
 0 0.439362
 0 0.41214
 0 0.466673
 0 0.493732
 0 0.416198
 0 0.383148
 0 0.480668
 0 0.436543
 0 0.402966
 0 0.462785
 0 0.404192
 0 0.373106
 0 0.430422
 0 0.446148
 0 0.450093
 0 0.317079
 0 0.507172
 0 0.367349
 0 0.475516
 0 0.354077
 0 0.439402
 0 0.379316
 0 0.505535
 0 0.491723
 0 0.423867
 0 0.39367
 0 0.45791
 0 0.393146
 0 0.376455
 0 0.483153
 0 0.401846
 0 0.390545
 0 0.45972
 0 0.455234
 0 0.401748
 0 0.52943
 0 0.407102
 0 0.481858
 0 0.412674
 0 0.45561
 0 0.426191
 0 0.452099
 0 0.438845
 0 0.465526
 0 0.464362
 0 0.441473
 0 0.446507
 0 0.452103
 0 0.548017
 0 0.482697
 0 0.381817
 0 0.374191
 0 0.389569
 0 0.451827
 0 0.558093
 0 0.485344
 0 0.407216
 0 0.4051
 0 0.476696
 0 0.387565
 0 0.438919
 0 0.395316
 0 0.379009
 0 0.414514
 0 0.410647
 0 0.407298
 0 0.399947
 0 0.42892
 0 0.419739
 0 0.384233
 0 0.436221
 0 0.404767
 0 0.44315
 0 0.43932
 0 0.452243
 0 0.391278
 0 0.429516
 0 0.454068
 0 0.484352
 0 0.47435
 0 0.444651
 0 0.442436
 0 0.494881
 0 0.365395
 0 0.38773
 0 0.44207
 0 0.425863
 0 0.442387
 0 0.441577
 0 0.426416
 0 0.372646
 0 0.448545
 0 0.383272
 0 0.405984
 0 0.430629
 0 0.449415
 0 0.483376
 0 0.492408
 0 0.467203
 0 0.430727
 0 0.419002
 0 0.487327
 0 0.469187
 0 0.447536
 0 0.464695
 0 0.385836
 0 0.446392
 0 0.454077
 0 0.451785
 0 0.418353
 0 0.386849
 0 0.420402
 0 0.442418
 0 0.424417
 0 0.476535
 0 0.408109
 0 0.443531
 0 0.428872
 0 0.442531
 0 0.471199
 0 0.41418
 0 0.427524
 0 0.45998
 0 0.415213
 0 0.435117
 0 0.350998
 0 0.44595
 0 0.388989
 0 0.438001
 0 0.439574
 0 0.352433
 0 0.482248
 0 0.457529
 0 0.37837
 0 0.33289
 0 0.376362
 0 0.413583
 0 0.445713
 0 0.471989
 0 0.418547
 0 0.39531
 0 0.547048
 0 0.446948
 0 0.410463
 0 0.43716
 0 0.482352
 0 0.490483
 0 0.463869
 0 0.491007
 0 0.467206
 0 0.509413
 0 0.407187
 0 0.378732
 0 0.436394
 0 0.500016
 0 0.460594
 0 0.481645
 0 0.49548
 0 0.478991
 0 0.391698
 0 0.389569
 0 0.469524
 0 0.40594
 0 0.400746
 0 0.420984
 0 0.456846
 0 0.434261
 0 0.494545
 0 0.406238
 0 0.48621
 0 0.390648
 0 0.4486
 0 0.416253
 0 0.449782
 0 0.386708
