535 1 0 0 1
 0 0.737668
 0 0.900952
 0 0.765367
 0 0.902942
 0 0.98203
 0 0.834944
 0 0.780689
 0 0.650625
 0 0.862983
 0 0.785341
 0 0.891143
 0 0.848299
 0 0.991337
 0 1.06322
 0 0.948626
 0 0.798786
 0 0.985738
 0 1.06139
 0 1.03258
 0 0.760914
 0 0.866526
 0 0.92508
 0 0.692852
 0 0.927333
 0 0.872379
 0 1.00281
 0 0.904702
 0 1.19118
 0 0.94084
 0 0.831478
 0 1.11233
 0 0.764929
 0 0.745144
 0 0.869276
 0 0.896615
 0 0.84906
 0 1.28576
 0 0.950121
 0 0.869529
 0 0.875763
 0 1.06562
 0 0.756093
 0 0.869889
 0 1.34135
 0 0.934041
 0 0.895442
 0 0.712846
 0 0.740017
 0 0.858882
 0 0.721396
 0 0.814003
 0 1.04582
 0 1.25429
 0 0.968031
 0 1.12227
 0 0.732043
 0 0.949496
 0 1.09549
 0 0.932942
 0 0.958248
 0 0.858104
 0 0.699498
 0 0.859571
 0 0.880859
 0 0.73774
 0 0.965513
 0 0.697338
 0 0.899314
 0 0.817743
 0 1.06645
 0 0.992754
 0 1.35505
 0 0.91042
 0 1.09739
 0 0.727268
 0 0.832376
 0 1.06685
 0 0.741559
 0 0.759664
 0 0.782504
 0 0.566506
 0 0.821204
 0 0.833029
 0 0.880443
 0 0.810137
 0 0.892839
 0 0.840025
 0 1.17911
 0 1.14911
 0 1.09056
 0 0.880628
 0 0.823825
 0 0.789176
 0 1.01432
 0 0.679797
 0 0.770273
 0 1.02819
 0 0.971003
 0 0.886362
 0 0.950493
 0 0.818557
 0 0.792192
 0 0.822086
 0 0.994018
 0 0.811749
 0 0.631322
 0 0.678718
 0 0.788798
 0 0.845513
 0 1.05447
 0 0.867344
 0 0.882996
 0 0.645241
 0 0.817321
 0 0.826733
 0 0.647737
 0 0.772843
 0 0.61051
 0 0.862173
 0 0.933607
 0 0.97284
 0 1.15636
 0 0.903135
 0 0.810866
 0 1.18909
 0 1.06054
 0 0.860065
 0 0.943346
 0 0.795269
 0 0.96074
 0 1.14212
 0 0.782538
 0 0.712672
 0 0.741532
 0 0.92715
 0 1.01997
 0 0.759326
 0 0.744169
 0 0.683105
 0 0.784465
 0 0.878116
 0 0.996361
 0 0.877447
 0 0.641637
 0 0.921266
 0 0.922172
 0 0.890994
 0 1.01173
 0 0.813929
 0 0.961666
 0 1.23397
 0 0.834854
 0 1.06552
 0 0.925229
 0 1.03669
 0 0.742218
 0 0.849269
 0 0.976144
 0 0.989215
 0 0.922506
 0 0.880678
 0 0.712394
 0 0.687675
 0 0.858534
 0 1.03196
 0 0.714245
 0 0.890677
 0 0.815221
 0 0.868001
 0 0.613801
 0 0.981671
 0 1.08897
 0 0.825286
 0 0.847264
 0 0.922671
 0 0.858281
 0 0.862141
 0 0.925213
 0 0.784272
 0 1.17271
 0 0.736888
 0 0.953063
 0 0.944184
 0 0.923792
 0 0.787699
 0 0.839685
 0 0.763559
 0 0.928356
 0 0.644158
 0 0.954098
 0 0.991329
 0 0.566074
 0 0.925587
 0 0.768685
 0 0.782009
 0 0.858439
 0 1.1164
 0 1.07342
 0 1.03598
 0 0.950063
 0 0.949554
 0 1.01179
 0 1.00143
 0 0.884726
 0 1.16908
 0 0.778848
 0 1.0515
 0 1.20469
 0 0.933678
 0 1.06517
 0 0.948226
 0 0.992573
 0 0.907966
 0 0.99273
 0 0.976723
 0 0.956602
 0 0.75467
 0 0.961051
 0 0.626858
 0 1.03725
 0 0.830943
 0 0.776822
 0 0.937793
 0 0.915699
 0 0.863206
 0 0.869276
 0 0.828817
 0 0.771314
 0 0.718184
 0 0.75006
 0 0.990769
 0 0.750544
 0 1.24309
 0 0.961823
 0 0.880383
 0 0.829641
 0 0.610532
 0 0.950046
 0 0.822944
 0 0.913446
 0 0.709858
 0 0.954275
 0 0.881305
 0 1.21064
 0 1.00954
 0 0.826701
 0 0.836644
 0 0.863267
 0 0.951441
 0 0.907453
 0 0.821186
 0 0.997334
 0 0.9188
 0 0.877379
 0 1.14492
 0 1.05754
 0 0.820428
 0 0.955428
 0 1.21178
 0 0.711731
 0 0.932034
 0 1.01058
 0 1.04788
 0 0.924307
 0 1.1112
 0 0.93628
 0 0.907359
 0 0.860045
 0 0.896151
 0 0.808609
 0 1.03662
 0 0.939056
 0 0.910209
 0 1.04724
 0 0.721295
 0 0.881048
 0 0.840453
 0 0.836683
 0 1.21386
 0 0.792048
 0 1.05603
 0 1.07509
 0 0.829205
 0 0.867734
 0 1.01033
 0 0.79087
 0 0.964217
 0 0.788054
 0 1.23304
 0 1.01115
 0 1.14414
 0 1.40437
 0 0.966341
 0 0.808284
 0 1.05103
 0 0.735795
 0 0.945818
 0 1.12446
 0 1.01081
 0 0.873237
 0 1.13862
 0 0.887929
 0 1.12435
 0 1.07753
 0 0.900122
 0 1.05477
 0 0.852153
 0 1.01346
 0 0.9055
 0 1.07044
 0 1.04579
 0 0.876975
 0 0.940503
 0 0.846391
 0 1.0306
 0 1.02684
 0 0.806628
 0 0.949068
 0 0.918046
 0 0.873357
 0 0.897174
 0 1.06168
 0 0.754601
 0 0.790699
 0 0.843065
 0 1.01477
 0 0.873723
 0 1.13423
 0 0.797498
 0 0.961906
 0 0.79701
 0 0.838319
 0 0.843932
 0 0.939238
 0 0.921461
 0 0.937036
 0 1.16166
 0 1.19006
 0 0.870706
 0 0.684994
 0 0.855228
 0 1.15401
 0 0.718281
 0 0.955879
 0 0.846221
 0 0.978855
 0 0.947784
 0 0.778734
 0 0.718574
 0 0.766911
 0 0.903301
 0 0.91264
 0 1.01336
 0 0.909491
 0 1.04206
 0 0.810396
 0 0.676801
 0 0.956421
 0 0.978733
 0 0.821926
 0 0.857828
 0 0.771778
 0 1.1106
 0 1.07091
 0 0.88224
 0 0.823628
 0 0.821202
 0 0.858303
 0 1.01884
 0 1.07894
 0 0.84658
 0 0.882718
 0 0.761563
 0 0.711172
 0 1.02184
 0 0.623331
 0 0.892777
 0 0.774469
 0 0.699052
 0 0.676308
 0 0.754804
 0 0.783101
 0 0.988494
 0 0.704952
 0 1.04471
 0 1.05574
 0 0.940478
 0 0.916183
 0 1.20272
 0 1.12969
 0 0.957362
 0 0.971542
 0 0.813063
 0 1.10315
 0 0.905203
 0 0.979547
 0 0.867706
 0 0.929156
 0 0.802769
 0 0.939486
 0 1.14283
 0 0.777841
 0 0.912114
 0 1.05982
 0 1.03311
 0 0.896907
 0 1.00109
 0 0.859766
 0 0.802138
 0 0.858297
 0 0.691938
 0 0.760815
 0 0.794421
 0 0.655076
 0 1.03375
 0 1.09013
 0 0.849195
 0 0.685519
 0 1.03344
 0 0.84728
 0 1.08437
 0 0.789262
 0 0.783623
 0 1.1023
 0 0.999591
 0 0.87557
 0 0.911282
 0 1.06426
 0 0.808911
 0 0.939534
 0 0.966429
 0 0.906766
 0 0.718544
 0 0.947151
 0 1.06998
 0 0.898118
 0 1.06226
 0 0.997535
 0 0.856928
 0 0.85072
 0 0.967187
 0 0.777888
 0 0.878277
 0 0.631481
 0 1.01722
 0 1.03703
 0 0.888798
 0 0.940231
 0 0.885248
 0 1.01418
 0 0.795217
 0 0.884366
 0 1.0038
 0 0.86817
 0 0.972376
 0 1.03767
 0 1.14793
 0 1.1003
 0 0.94043
 0 0.912765
 0 0.814624
 0 1.05671
 0 1.14306
 0 0.819532
 0 1.00112
 0 0.913746
 0 1.24051
 0 1.0325
 0 0.799357
 0 1.11917
 0 0.817074
 0 0.983244
 0 0.851331
 0 0.814313
 0 0.834528
 0 1.12163
 0 0.945963
 0 1.04112
 0 0.914529
 0 0.835489
 0 0.813497
 0 0.851166
 0 0.848508
 0 0.834886
 0 0.95087
 0 1.05099
 0 0.776887
 0 0.846337
 0 0.842059
 0 1.16479
 0 0.87924
 0 0.874388
 0 0.804594
 0 0.880484
 0 0.776951
 0 0.664928
 0 0.783488
 0 0.787803
 0 0.834146
 0 0.809114
 0 0.889451
 0 0.892662
 0 0.978512
 0 0.920362
 0 0.963986
 0 0.733446
 0 0.970169
 0 0.98572
 0 1.01302
 0 1.00778
 0 1.02528
 0 1.08672
 0 0.906193
 0 0.893301
 0 0.817193
 0 0.922524
 0 0.838769
 0 0.991645
 0 0.889843
 0 0.721922
 0 0.866735
 0 0.869714
 0 0.826582
 0 0.963168
 0 0.775438
 0 0.86059
 0 0.737322
 0 0.92964
 0 0.958706
 0 0.898257
 0 0.793573
 0 0.944962
 0 1.03187
 0 0.763496
 0 0.80587
