535 1 0 0 1
 0 0.393336
 0 0.507465
 0 0.43659
 0 0.483212
 0 0.455714
 0 0.361476
 0 0.563557
 0 0.443689
 0 0.38976
 0 0.418224
 0 0.402005
 0 0.416749
 0 0.499439
 0 0.625655
 0 0.551698
 0 0.456134
 0 0.531664
 0 0.415282
 0 0.550968
 0 0.45032
 0 0.37368
 0 0.573125
 0 0.45476
 0 0.446181
 0 0.49584
 0 0.528614
 0 0.385641
 0 0.451921
 0 0.593053
 0 0.464075
 0 0.557559
 0 0.5484
 0 0.473545
 0 0.507422
 0 0.481524
 0 0.465554
 0 0.573936
 0 0.533094
 0 0.455563
 0 0.551002
 0 0.406909
 0 0.408104
 0 0.439135
 0 0.448088
 0 0.368865
 0 0.414726
 0 0.529881
 0 0.465059
 0 0.389961
 0 0.493584
 0 0.47376
 0 0.522711
 0 0.384062
 0 0.507492
 0 0.460103
 0 0.501954
 0 0.306928
 0 0.529749
 0 0.494428
 0 0.530646
 0 0.513708
 0 0.495451
 0 0.387764
 0 0.497154
 0 0.368155
 0 0.398628
 0 0.309207
 0 0.445157
 0 0.530064
 0 0.376295
 0 0.473632
 0 0.499968
 0 0.530225
 0 0.513176
 0 0.271495
 0 0.411604
 0 0.49355
 0 0.41221
 0 0.39313
 0 0.448174
 0 0.370093
 0 0.509276
 0 0.514855
 0 0.449616
 0 0.557672
 0 0.4011
 0 0.433814
 0 0.435655
 0 0.497275
 0 0.433737
 0 0.294832
 0 0.496909
 0 0.379
 0 0.371584
 0 0.458822
 0 0.525779
 0 0.442987
 0 0.42621
 0 0.503144
 0 0.395062
 0 0.456444
 0 0.545658
 0 0.468437
 0 0.565792
 0 0.400012
 0 0.357065
 0 0.500283
 0 0.419284
 0 0.458049
 0 0.534648
 0 0.42844
 0 0.513807
 0 0.337862
 0 0.451915
 0 0.378751
 0 0.465171
 0 0.430046
 0 0.443061
 0 0.48306
 0 0.48199
 0 0.388161
 0 0.415367
 0 0.552717
 0 0.541424
 0 0.275366
 0 0.638991
 0 0.515235
 0 0.453547
 0 0.399985
 0 0.451614
 0 0.44135
 0 0.463926
 0 0.592054
 0 0.533037
 0 0.459924
 0 0.507381
 0 0.423211
 0 0.480768
 0 0.45469
 0 0.514589
 0 0.535318
 0 0.465287
 0 0.387419
 0 0.694462
 0 0.468709
 0 0.445969
 0 0.536783
 0 0.509362
 0 0.572718
 0 0.472346
 0 0.451845
 0 0.62557
 0 0.459417
 0 0.572525
 0 0.402114
 0 0.531968
 0 0.595231
 0 0.435329
 0 0.429231
 0 0.468258
 0 0.470075
 0 0.434333
 0 0.470842
 0 0.643897
 0 0.611525
 0 0.548285
 0 0.414752
 0 0.379629
 0 0.38283
 0 0.421227
 0 0.420957
 0 0.506258
 0 0.490999
 0 0.541602
 0 0.419832
 0 0.577958
 0 0.458351
 0 0.420657
 0 0.33161
 0 0.496156
 0 0.49178
 0 0.598571
 0 0.443313
 0 0.618164
 0 0.440024
 0 0.418689
 0 0.424047
 0 0.475903
 0 0.440556
 0 0.432479
 0 0.463828
 0 0.617288
 0 0.548739
 0 0.418877
 0 0.555342
 0 0.469354
 0 0.489929
 0 0.461518
 0 0.480436
 0 0.577018
 0 0.442645
 0 0.494416
 0 0.508889
 0 0.49724
 0 0.481921
 0 0.531967
 0 0.409883
 0 0.483981
 0 0.508873
 0 0.447272
 0 0.522465
 0 0.492861
 0 0.559805
 0 0.521467
 0 0.404209
 0 0.496869
 0 0.573658
 0 0.516522
 0 0.456917
 0 0.581826
 0 0.51281
 0 0.523078
 0 0.431466
 0 0.476129
 0 0.505926
 0 0.327923
 0 0.481226
 0 0.441868
 0 0.604791
 0 0.441435
 0 0.494862
 0 0.463582
 0 0.484272
 0 0.523183
 0 0.40785
 0 0.50497
 0 0.44833
 0 0.580802
 0 0.542479
 0 0.506297
 0 0.438634
 0 0.381529
 0 0.549006
 0 0.435399
 0 0.48422
 0 0.417858
 0 0.485734
 0 0.439342
 0 0.447108
 0 0.540749
 0 0.496529
 0 0.579359
 0 0.483048
 0 0.486124
 0 0.545536
 0 0.469938
 0 0.502468
 0 0.57914
 0 0.491002
 0 0.506644
 0 0.543312
 0 0.396729
 0 0.407672
 0 0.485095
 0 0.338562
 0 0.519664
 0 0.464904
 0 0.511209
 0 0.43075
 0 0.465452
 0 0.444069
 0 0.56791
 0 0.436056
 0 0.485959
 0 0.429151
 0 0.535225
 0 0.450098
 0 0.462029
 0 0.423313
 0 0.477623
 0 0.490985
 0 0.529276
 0 0.492532
 0 0.561694
 0 0.438561
 0 0.482382
 0 0.428166
 0 0.360162
 0 0.571515
 0 0.380682
 0 0.431805
 0 0.481341
 0 0.524226
 0 0.509168
 0 0.475952
 0 0.469683
 0 0.541608
 0 0.448702
 0 0.464223
 0 0.507142
 0 0.459776
 0 0.471382
 0 0.551847
 0 0.444113
 0 0.488343
 0 0.578989
 0 0.497635
 0 0.574339
 0 0.523484
 0 0.438282
 0 0.524581
 0 0.560823
 0 0.430738
 0 0.522401
 0 0.470486
 0 0.552391
 0 0.538385
 0 0.56761
 0 0.365497
 0 0.526459
 0 0.575291
 0 0.532986
 0 0.505309
 0 0.571614
 0 0.456149
 0 0.480827
 0 0.539775
 0 0.442432
 0 0.428396
 0 0.375075
 0 0.517637
 0 0.458233
 0 0.440343
 0 0.490071
 0 0.575549
 0 0.525583
 0 0.323147
 0 0.506738
 0 0.426263
 0 0.459013
 0 0.429257
 0 0.507668
 0 0.541293
 0 0.419463
 0 0.40528
 0 0.478083
 0 0.443696
 0 0.496185
 0 0.492377
 0 0.401508
 0 0.515427
 0 0.624465
 0 0.599547
 0 0.365021
 0 0.497684
 0 0.429105
 0 0.480056
 0 0.58281
 0 0.471966
 0 0.370374
 0 0.311859
 0 0.454318
 0 0.461397
 0 0.5098
 0 0.404464
 0 0.564276
 0 0.508328
 0 0.461798
 0 0.512565
 0 0.574514
 0 0.410375
 0 0.415869
 0 0.3828
 0 0.498628
 0 0.458985
 0 0.498837
 0 0.522477
 0 0.456527
 0 0.417219
 0 0.452514
 0 0.440413
 0 0.489377
 0 0.388103
 0 0.463667
 0 0.477711
 0 0.429059
 0 0.515464
 0 0.367108
 0 0.454635
 0 0.471979
 0 0.549515
 0 0.404595
 0 0.392573
 0 0.535624
 0 0.528719
 0 0.466234
 0 0.605368
 0 0.500944
 0 0.563897
 0 0.446565
 0 0.540673
 0 0.594005
 0 0.610786
 0 0.470591
 0 0.47875
 0 0.460424
 0 0.507562
 0 0.433659
 0 0.465364
 0 0.506774
 0 0.368524
 0 0.554212
 0 0.364476
 0 0.564312
 0 0.621652
 0 0.497462
 0 0.457707
 0 0.475597
 0 0.457048
 0 0.504833
 0 0.489624
 0 0.514827
 0 0.474172
 0 0.541864
 0 0.53272
 0 0.468937
 0 0.458722
 0 0.546003
 0 0.388822
 0 0.491089
 0 0.515083
 0 0.4638
 0 0.52163
 0 0.430639
 0 0.427157
 0 0.532881
 0 0.41778
 0 0.474973
 0 0.488501
 0 0.503462
 0 0.532499
 0 0.489885
 0 0.383317
 0 0.387799
 0 0.443918
 0 0.580156
 0 0.419868
 0 0.473271
 0 0.450593
 0 0.488497
 0 0.46768
 0 0.563619
 0 0.496823
 0 0.549371
 0 0.64484
 0 0.527268
 0 0.47362
 0 0.512014
 0 0.464223
 0 0.611504
 0 0.474323
 0 0.515039
 0 0.453047
 0 0.44091
 0 0.442369
 0 0.541717
 0 0.431936
 0 0.413253
 0 0.419826
 0 0.436522
 0 0.630309
 0 0.448782
 0 0.426912
 0 0.544192
 0 0.396735
 0 0.513484
 0 0.554258
 0 0.519031
 0 0.433506
 0 0.397198
 0 0.408047
 0 0.528683
 0 0.547862
 0 0.491162
 0 0.499925
 0 0.460818
 0 0.543868
 0 0.41247
 0 0.522101
 0 0.319419
 0 0.508074
 0 0.514497
 0 0.449537
 0 0.486769
 0 0.448668
 0 0.497703
 0 0.511997
 0 0.468567
 0 0.475789
 0 0.381763
 0 0.471802
 0 0.557392
 0 0.56948
 0 0.371662
 0 0.58064
 0 0.593076
 0 0.516755
 0 0.544181
 0 0.426015
 0 0.473502
 0 0.616268
 0 0.567881
 0 0.466824
 0 0.480343
 0 0.55121
 0 0.448461
 0 0.514561
 0 0.475726
 0 0.534794
 0 0.433933
 0 0.518831
 0 0.458222
 0 0.423851
 0 0.436042
 0 0.430887
 0 0.427413
 0 0.331378
 0 0.585808
 0 0.516756
 0 0.53579
 0 0.396445
 0 0.419667
 0 0.592361
 0 0.45445
 0 0.476703
