535 1 0 0 1
 0 0.87338
 0 0.743112
 0 0.917878
 0 0.948972
 0 0.94791
 0 1.04927
 0 0.932102
 0 0.915704
 0 1.01604
 0 0.900736
 0 0.92122
 0 1.02387
 0 1.09729
 0 0.904162
 0 0.939534
 0 0.852228
 0 0.978582
 0 0.913784
 0 0.996124
 0 1.07184
 0 1.07769
 0 0.850542
 0 1.17099
 0 0.967104
 0 1.01743
 0 0.950292
 0 1.00358
 0 1.05142
 0 1.0784
 0 1.07391
 0 0.935642
 0 1.0559
 0 0.98147
 0 0.819208
 0 1.02125
 0 1.00676
 0 1.03952
 0 0.988022
 0 0.960752
 0 1.09932
 0 1.05507
 0 0.99788
 0 1.08469
 0 0.8205
 0 0.871394
 0 0.8981
 0 0.956092
 0 1.02827
 0 0.882166
 0 1.06422
 0 1.0677
 0 1.08999
 0 0.921558
 0 0.93672
 0 0.994002
 0 1.03097
 0 0.788354
 0 0.787494
 0 0.921104
 0 0.920158
 0 0.949854
 0 0.944478
 0 1.05758
 0 0.95083
 0 1.00922
 0 1.0717
 0 0.88286
 0 0.831794
 0 1.02501
 0 0.898482
 0 1.06206
 0 1.00903
 0 1.00674
 0 0.979684
 0 0.877768
 0 1.01597
 0 1.07372
 0 1.04013
 0 0.932926
 0 1.01895
 0 0.992256
 0 0.950956
 0 0.880202
 0 0.961376
 0 0.978572
 0 0.938422
 0 0.819048
 0 0.785778
 0 1.04673
 0 1.06407
 0 1.09808
 0 1.13208
 0 0.940308
 0 1.04361
 0 1.10924
 0 0.974212
 0 1.00591
 0 1.11169
 0 0.98668
 0 0.942602
 0 0.974448
 0 1.01356
 0 0.751024
 0 1.03253
 0 0.911722
 0 1.02525
 0 0.913426
 0 0.96171
 0 0.954856
 0 0.941904
 0 0.87957
 0 0.97764
 0 1.01661
 0 0.954684
 0 0.661512
 0 1.03068
 0 0.933962
 0 1.06427
 0 1.00041
 0 0.78174
 0 0.870074
 0 1.01437
 0 1.02623
 0 0.925348
 0 0.826862
 0 0.99127
 0 1.10066
 0 1.02958
 0 0.731066
 0 0.911858
 0 0.855568
 0 0.990458
 0 0.934024
 0 0.942614
 0 0.88724
 0 0.863626
 0 0.945302
 0 1.15551
 0 0.987288
 0 0.90044
 0 1.10354
 0 0.919882
 0 0.909374
 0 0.94579
 0 1.07012
 0 0.865114
 0 0.80891
 0 1.02035
 0 0.982716
 0 0.951838
 0 1.12192
 0 1.04186
 0 0.913698
 0 0.975798
 0 1.02014
 0 1.10761
 0 0.997326
 0 1.03726
 0 0.838374
 0 1.09781
 0 0.864502
 0 1.04182
 0 0.901924
 0 0.97596
 0 1.07478
 0 0.963838
 0 0.805094
 0 0.91907
 0 0.95673
 0 0.992412
 0 1.04162
 0 1.07786
 0 0.880032
 0 1.06962
 0 0.938106
 0 1.00155
 0 0.99871
 0 0.997188
 0 0.799274
 0 1.03435
 0 0.90681
 0 1.1821
 0 1.03839
 0 0.985832
 0 0.981546
 0 0.819738
 0 0.977864
 0 0.972556
 0 1.04055
 0 0.937692
 0 0.71783
 0 0.964722
 0 1.03348
 0 0.96944
 0 0.996374
 0 1.10172
 0 0.846978
 0 0.967388
 0 0.983
 0 1.09504
 0 0.842708
 0 1.07247
 0 0.82521
 0 0.906022
 0 1.10366
 0 0.931518
 0 1.19101
 0 0.958654
 0 0.90611
 0 0.98942
 0 0.978364
 0 1.02771
 0 1.01547
 0 1.04972
 0 0.952576
 0 1.03308
 0 1.1542
 0 0.818494
 0 0.941232
 0 1.15764
 0 1.06013
 0 0.984696
 0 1.06556
 0 1.08312
 0 0.755768
 0 0.847922
 0 0.988376
 0 0.837544
 0 0.968596
 0 0.896262
 0 1.04914
 0 1.03504
 0 0.944398
 0 0.939838
 0 0.937466
 0 0.918146
 0 0.914338
 0 0.968456
 0 0.829688
 0 0.827936
 0 0.963862
 0 0.985878
 0 1.00828
 0 0.960164
 0 1.12784
 0 0.955748
 0 0.978526
 0 0.850406
 0 1.02269
 0 0.965532
 0 1.00566
 0 1.05558
 0 1.13522
 0 1.10222
 0 0.942684
 0 0.934122
 0 1.00563
 0 0.88009
 0 1.14529
 0 0.908296
 0 1.04069
 0 0.863302
 0 1.05383
 0 0.756216
 0 1.11106
 0 0.912306
 0 0.844932
 0 0.892582
 0 1.0738
 0 1.04196
 0 0.80833
 0 0.974216
 0 0.918564
 0 0.892202
 0 0.92053
 0 0.990148
 0 0.688558
 0 0.762044
 0 0.965874
 0 1.10842
 0 0.970202
 0 0.814686
 0 0.962734
 0 1.05403
 0 1.03552
 0 1.0613
 0 0.925908
 0 0.902852
 0 1.0229
 0 0.7487
 0 0.902368
 0 0.87289
 0 0.874636
 0 0.980808
 0 0.996594
 0 0.999854
 0 1.06385
 0 0.954672
 0 1.04057
 0 0.96358
 0 1.0989
 0 1.06887
 0 0.88907
 0 1.1096
 0 1.01461
 0 0.857922
 0 1.07075
 0 0.992492
 0 0.940768
 0 1.15458
 0 0.891874
 0 1.05021
 0 0.82683
 0 0.971862
 0 1.04251
 0 1.1307
 0 1.02375
 0 1.02849
 0 1.02911
 0 1.07433
 0 0.865304
 0 1.05145
 0 0.94055
 0 0.856066
 0 0.94185
 0 0.908228
 0 0.948388
 0 1.05854
 0 0.921846
 0 0.91568
 0 0.999988
 0 0.940208
 0 0.990504
 0 1.06592
 0 0.95862
 0 0.912236
 0 0.927238
 0 0.888432
 0 0.977182
 0 0.979132
 0 0.990508
 0 0.952966
 0 1.00368
 0 0.861252
 0 1.01916
 0 0.98305
 0 0.832688
 0 0.737592
 0 0.883318
 0 1.06514
 0 0.851666
 0 1.01806
 0 0.91441
 0 0.88013
 0 0.988882
 0 0.955992
 0 1.00207
 0 0.934948
 0 0.882462
 0 0.919778
 0 0.849816
 0 0.964842
 0 1.12929
 0 0.92984
 0 0.845032
 0 0.823414
 0 0.97821
 0 0.80768
 0 0.895706
 0 1.09739
 0 0.995024
 0 0.895684
 0 1.02237
 0 0.904144
 0 0.955068
 0 0.96833
 0 1.03898
 0 0.838732
 0 1.0677
 0 0.946322
 0 0.954646
 0 1.0028
 0 0.968256
 0 1.05987
 0 0.816422
 0 0.867056
 0 1.22283
 0 0.961434
 0 0.843546
 0 0.930944
 0 1.00422
 0 1.17083
 0 0.987572
 0 1.06605
 0 0.92022
 0 0.989022
 0 0.99956
 0 0.93217
 0 0.907316
 0 0.88559
 0 0.94464
 0 0.971012
 0 1.05609
 0 1.09249
 0 1.00534
 0 0.970914
 0 1.01854
 0 1.02925
 0 1.16772
 0 0.909996
 0 0.959576
 0 0.87603
 0 0.939248
 0 1.03277
 0 1.05079
 0 0.800412
 0 0.920318
 0 0.954112
 0 1.00734
 0 0.93634
 0 0.986366
 0 0.98888
 0 0.911538
 0 0.893154
 0 0.974932
 0 0.988074
 0 1.00386
 0 1.05161
 0 1.06146
 0 1.00863
 0 0.930186
 0 1.01997
 0 0.973352
 0 0.975406
 0 1.01939
 0 0.902048
 0 0.853046
 0 0.85516
 0 0.948602
 0 0.860662
 0 1.15497
 0 1.0252
 0 0.868344
 0 0.947422
 0 0.939502
 0 1.08976
 0 0.970888
 0 0.871224
 0 1.05026
 0 0.884436
 0 0.973242
 0 1.08652
 0 1.05432
 0 1.12269
 0 0.82339
 0 1.05648
 0 1.02167
 0 0.998892
 0 0.93176
 0 0.918182
 0 0.921076
 0 1.10083
 0 0.989508
 0 0.95072
 0 1.01845
 0 1.04524
 0 0.925622
 0 1.01089
 0 0.930684
 0 0.98376
 0 1.03773
 0 0.989866
 0 0.87707
 0 1.05331
 0 0.960298
 0 1.06229
 0 1.04172
 0 1.01712
 0 1.02364
 0 0.9474
 0 1.02289
 0 1.04185
 0 0.987196
 0 1.04128
 0 1.03824
 0 1.03328
 0 0.974284
 0 0.85206
 0 0.967854
 0 0.974604
 0 1.01181
 0 1.11589
 0 1.0035
 0 0.793916
 0 0.914664
 0 0.952986
 0 0.919732
 0 0.999722
 0 1.02815
 0 0.9835
 0 0.97679
 0 0.92835
 0 0.96725
 0 1.08824
 0 0.97537
 0 0.940188
 0 0.931206
 0 1.09632
 0 0.993704
 0 0.997018
 0 1.09545
 0 0.930146
 0 0.943614
 0 0.818484
 0 0.977998
 0 1.17899
 0 0.940608
 0 1.07159
 0 1.00411
 0 0.956462
 0 0.90764
 0 0.909156
 0 1.01239
 0 1.05795
 0 0.948344
 0 1.08646
 0 1.03377
 0 0.79162
 0 1.03593
 0 1.04213
 0 0.929138
 0 0.804344
 0 0.935928
 0 0.995072
 0 0.999394
