535 1 0 0 1
 0 0.824634
 0 0.816801
 0 0.913787
 0 0.725328
 0 0.821426
 0 0.812641
 0 0.911652
 0 0.815729
 0 0.852679
 0 0.875398
 0 0.704252
 0 0.899498
 0 0.86256
 0 0.98375
 0 0.957453
 0 0.793739
 0 0.86588
 0 0.880008
 0 1.01333
 0 0.815649
 0 0.929599
 0 0.80924
 0 0.872599
 0 0.8462
 0 0.869201
 0 0.816303
 0 0.790651
 0 0.934849
 0 0.904463
 0 0.854979
 0 0.917225
 0 0.795522
 0 0.871241
 0 0.949838
 0 0.787148
 0 0.855828
 0 0.945635
 0 0.913323
 0 0.879613
 0 0.925607
 0 0.681149
 0 0.703265
 0 0.667768
 0 0.835485
 0 0.872637
 0 0.781127
 0 0.931824
 0 0.780973
 0 0.731955
 0 0.839809
 0 0.857609
 0 0.891999
 0 0.921728
 0 0.873749
 0 0.758743
 0 0.736309
 0 0.721865
 0 0.872794
 0 0.767858
 0 0.866517
 0 0.813266
 0 0.899197
 0 0.791352
 0 0.864538
 0 0.838003
 0 0.923959
 0 0.73886
 0 0.862773
 0 0.963124
 0 1.0899
 0 0.893925
 0 0.858867
 0 0.875823
 0 0.931087
 0 0.818004
 0 0.741439
 0 0.769142
 0 0.675407
 0 0.839345
 0 0.946251
 0 0.809313
 0 0.830879
 0 0.836633
 0 0.853783
 0 0.939903
 0 0.845915
 0 0.870321
 0 0.811678
 0 0.797212
 0 0.733767
 0 0.872941
 0 0.863319
 0 0.726374
 0 0.846754
 0 0.886839
 0 0.933159
 0 0.797955
 0 0.967665
 0 1.11338
 0 0.880737
 0 0.811941
 0 0.795828
 0 0.86146
 0 0.890833
 0 0.782524
 0 0.808963
 0 0.920474
 0 0.998448
 0 0.884745
 0 0.873824
 0 0.796355
 0 0.889711
 0 0.804778
 0 0.780425
 0 0.768202
 0 0.76603
 0 0.858816
 0 0.740187
 0 0.93422
 0 0.878958
 0 0.841057
 0 0.835412
 0 0.849414
 0 0.843255
 0 0.829363
 0 0.910028
 0 0.914491
 0 0.843735
 0 1.01033
 0 0.86165
 0 0.940809
 0 0.853103
 0 0.880476
 0 0.711318
 0 0.875351
 0 0.850739
 0 0.840601
 0 0.79712
 0 0.779949
 0 0.754031
 0 0.985297
 0 0.796703
 0 0.907994
 0 0.839164
 0 0.795948
 0 0.809651
 0 0.868528
 0 0.854815
 0 0.874304
 0 0.852805
 0 1.03012
 0 0.927226
 0 0.824956
 0 0.832998
 0 0.860675
 0 0.936434
 0 0.918778
 0 0.810471
 0 0.912574
 0 0.781496
 0 0.835577
 0 0.728192
 0 0.742823
 0 0.784185
 0 0.962141
 0 0.827522
 0 0.755582
 0 0.892406
 0 0.819971
 0 0.87462
 0 0.903292
 0 0.960598
 0 0.723759
 0 0.869881
 0 0.768151
 0 0.817958
 0 0.956981
 0 0.697897
 0 0.902502
 0 0.92944
 0 0.758411
 0 1.00609
 0 0.91821
 0 1.02905
 0 0.854857
 0 0.701761
 0 0.926084
 0 0.811953
 0 0.849278
 0 0.82683
 0 0.860585
 0 0.857029
 0 0.93125
 0 0.922776
 0 0.970655
 0 0.969902
 0 0.802248
 0 0.873525
 0 0.91484
 0 0.956968
 0 0.887965
 0 0.816286
 0 0.988183
 0 0.888205
 0 0.902657
 0 0.782351
 0 0.667139
 0 0.937381
 0 0.733053
 0 0.929919
 0 0.834635
 0 0.714452
 0 0.863032
 0 0.806874
 0 0.793751
 0 0.915092
 0 0.79836
 0 0.783065
 0 0.909743
 0 0.961137
 0 0.907634
 0 1.01597
 0 0.873417
 0 0.919102
 0 0.739735
 0 0.876208
 0 0.972165
 0 0.680728
 0 0.810414
 0 0.728693
 0 0.980867
 0 0.732051
 0 0.733963
 0 0.929375
 0 0.872033
 0 0.869818
 0 0.736824
 0 0.985757
 0 0.873305
 0 0.939398
 0 0.70377
 0 0.713257
 0 0.818059
 0 0.895881
 0 0.890576
 0 0.868432
 0 0.720392
 0 0.788595
 0 0.900471
 0 0.799756
 0 0.770807
 0 0.806121
 0 0.880122
 0 0.951432
 0 0.860512
 0 1.06364
 0 0.861678
 0 0.942005
 0 1.02644
 0 0.871894
 0 0.932776
 0 0.857151
 0 0.78069
 0 0.828115
 0 0.815448
 0 0.867986
 0 0.851539
 0 0.92002
 0 0.869429
 0 0.710324
 0 0.846068
 0 0.82877
 0 0.72902
 0 1.00072
 0 0.860025
 0 0.797407
 0 0.809512
 0 0.762309
 0 0.880307
 0 0.822434
 0 0.946736
 0 0.788874
 0 0.803157
 0 0.717823
 0 0.807033
 0 0.841903
 0 0.788942
 0 0.721405
 0 0.854338
 0 0.878323
 0 0.780922
 0 0.876106
 0 0.875257
 0 0.831433
 0 0.817461
 0 0.986896
 0 0.990318
 0 0.884378
 0 0.856777
 0 0.889868
 0 0.939333
 0 0.808698
 0 0.820695
 0 0.77625
 0 0.858263
 0 0.806298
 0 0.819895
 0 0.991094
 0 0.948676
 0 0.840049
 0 0.860608
 0 0.884344
 0 0.728725
 0 0.870637
 0 0.91484
 0 0.991389
 0 0.788899
 0 0.911461
 0 0.715248
 0 0.934494
 0 0.918585
 0 0.682061
 0 0.913111
 0 0.869723
 0 0.916653
 0 0.957194
 0 0.976454
 0 0.864121
 0 0.814408
 0 0.90316
 0 0.916203
 0 0.929845
 0 0.782304
 0 0.726338
 0 0.969896
 0 0.886334
 0 0.774683
 0 0.785204
 0 0.941411
 0 0.77427
 0 0.778147
 0 0.920616
 0 0.809052
 0 0.864994
 0 0.907559
 0 0.729641
 0 0.91638
 0 0.805572
 0 0.801545
 0 0.849296
 0 0.866633
 0 0.953569
 0 0.8783
 0 1.0292
 0 0.866887
 0 0.630492
 0 0.633995
 0 0.937558
 0 0.989699
 0 0.816168
 0 0.729138
 0 0.951766
 0 0.931761
 0 0.761283
 0 0.770213
 0 0.776753
 0 0.737209
 0 0.854833
 0 0.955749
 0 0.950255
 0 0.845879
 0 0.702772
 0 0.865755
 0 0.815997
 0 0.934649
 0 0.681253
 0 0.807188
 0 0.823572
 0 0.695154
 0 0.912008
 0 0.836065
 0 0.809388
 0 0.655569
 0 0.937371
 0 0.872104
 0 0.768361
 0 0.983005
 0 0.931793
 0 0.83953
 0 0.810974
 0 0.850607
 0 0.688117
 0 0.879143
 0 0.886752
 0 0.831237
 0 0.983157
 0 0.935628
 0 0.934834
 0 0.883904
 0 1.00071
 0 0.821972
 0 0.925316
 0 0.878127
 0 0.847959
 0 0.961587
 0 0.793874
 0 0.910528
 0 0.924303
 0 0.973202
 0 0.816372
 0 0.748889
 0 0.830018
 0 0.810597
 0 0.849178
 0 0.871925
 0 0.913635
 0 0.859865
 0 0.838807
 0 0.74243
 0 0.78096
 0 0.896884
 0 0.805716
 0 0.881221
 0 0.729716
 0 0.858187
 0 0.704983
 0 0.938213
 0 0.750757
 0 0.841958
 0 0.829479
 0 0.803337
 0 0.707216
 0 0.762769
 0 0.943276
 0 0.809374
 0 0.874724
 0 0.82785
 0 0.73586
 0 0.82981
 0 0.976924
 0 0.796314
 0 0.80752
 0 0.958886
 0 0.776476
 0 0.886092
 0 1.00925
 0 0.838828
 0 0.767259
 0 0.918597
 0 0.932937
 0 0.90891
 0 0.907634
 0 0.795091
 0 0.898908
 0 1.00418
 0 0.887063
 0 0.755521
 0 0.932585
 0 0.774703
 0 0.8611
 0 0.966069
 0 0.973057
 0 0.74288
 0 0.716054
 0 0.919108
 0 0.816103
 0 0.807035
 0 0.970682
 0 0.895875
 0 0.887334
 0 0.934938
 0 0.701291
 0 0.87908
 0 0.779997
 0 0.931714
 0 0.757409
 0 0.932023
 0 0.853176
 0 0.824919
 0 0.894389
 0 0.839235
 0 0.818285
 0 0.89364
 0 0.766441
 0 0.818941
 0 0.887468
 0 0.797548
 0 0.832969
 0 0.974303
 0 0.8197
 0 0.767147
 0 0.875709
 0 0.90526
 0 0.78117
 0 0.875835
 0 0.930344
 0 0.799032
 0 0.85696
 0 0.837185
 0 0.781156
 0 0.641441
 0 0.935119
 0 0.785039
 0 0.815745
 0 0.963574
 0 0.909535
 0 0.914418
 0 0.812401
 0 1.01327
 0 0.875267
 0 0.920498
 0 0.967691
 0 0.762217
 0 0.828532
 0 0.896302
 0 0.834856
 0 1.04275
 0 0.956846
 0 0.828841
 0 0.926776
 0 0.763433
 0 0.850581
 0 0.944395
 0 0.810746
 0 0.690378
 0 0.900931
 0 0.834366
 0 0.869161
 0 0.727514
 0 0.887519
 0 0.756033
 0 0.872361
 0 0.96314
 0 0.807241
 0 0.932483
