535 1 0 0 1
 0 0.89986
 0 0.94541
 0 0.72992
 0 0.769994
 0 0.904294
 0 0.740994
 0 0.842794
 0 0.830764
 0 1.02085
 0 0.86268
 0 0.800878
 0 0.776038
 0 0.838384
 0 1.07679
 0 0.829212
 0 0.860794
 0 0.88556
 0 0.756952
 0 1.06566
 0 0.79372
 0 0.90271
 0 0.822738
 0 0.773208
 0 0.991302
 0 1.05288
 0 0.946542
 0 0.834544
 0 1.13123
 0 0.957052
 0 0.859312
 0 0.999864
 0 0.927188
 0 0.793334
 0 0.764348
 0 0.798834
 0 0.774278
 0 0.978368
 0 0.929932
 0 0.887058
 0 0.829498
 0 0.809432
 0 0.716602
 0 0.835438
 0 1.17454
 0 0.955082
 0 0.997906
 0 0.89497
 0 1.02778
 0 0.825148
 0 0.954996
 0 0.919762
 0 1.0624
 0 0.960792
 0 0.81441
 0 0.819518
 0 0.801994
 0 0.899714
 0 0.934514
 0 0.804044
 0 0.797174
 0 0.862658
 0 0.731422
 0 0.956732
 0 0.939508
 0 1.03602
 0 0.817108
 0 0.93491
 0 0.804716
 0 0.819858
 0 0.963054
 0 0.876028
 0 1.07675
 0 1.00848
 0 0.824292
 0 0.69082
 0 0.693188
 0 0.923412
 0 0.704248
 0 0.844764
 0 0.759564
 0 0.746006
 0 0.661226
 0 1.02197
 0 0.95612
 0 0.79043
 0 0.773972
 0 0.835882
 0 0.854486
 0 0.845288
 0 0.881354
 0 0.860862
 0 0.843238
 0 0.73887
 0 0.948498
 0 0.685756
 0 0.87938
 0 0.92443
 0 0.945874
 0 0.988024
 0 0.73893
 0 0.732662
 0 1.04778
 0 0.898582
 0 0.947626
 0 0.759322
 0 0.978684
 0 0.849532
 0 0.762554
 0 0.922114
 0 0.817196
 0 0.677766
 0 0.93187
 0 0.868156
 0 0.543494
 0 0.664084
 0 0.870332
 0 0.7807
 0 0.690794
 0 0.995748
 0 0.900178
 0 0.952856
 0 0.899976
 0 0.861406
 0 0.957786
 0 0.711794
 0 0.839524
 0 1.16574
 0 0.855894
 0 0.838794
 0 0.873924
 0 0.854388
 0 0.887914
 0 0.814996
 0 0.841912
 0 0.907254
 0 0.822312
 0 0.660692
 0 0.8632
 0 0.85085
 0 0.853768
 0 0.847606
 0 0.982024
 0 0.932188
 0 0.761452
 0 0.8517
 0 0.864388
 0 0.89477
 0 0.919618
 0 0.73735
 0 0.750402
 0 1.18252
 0 0.902636
 0 0.820582
 0 0.958496
 0 0.936376
 0 0.947442
 0 0.804058
 0 0.873896
 0 0.8613
 0 0.765466
 0 1.03464
 0 0.815832
 0 0.926316
 0 0.95583
 0 0.934134
 0 0.759164
 0 0.761106
 0 0.646464
 0 0.771814
 0 0.701614
 0 0.92673
 0 0.846428
 0 0.900628
 0 1.01161
 0 0.666014
 0 0.905776
 0 0.964612
 0 0.84918
 0 0.841828
 0 0.87129
 0 0.837182
 0 0.962198
 0 0.826818
 0 0.856024
 0 0.887736
 0 0.83898
 0 0.985962
 0 0.769958
 0 0.736018
 0 0.88105
 0 0.89456
 0 0.665748
 0 0.885684
 0 0.97263
 0 0.92871
 0 0.87079
 0 0.989614
 0 0.866304
 0 0.856566
 0 0.88608
 0 1.00877
 0 0.86435
 0 1.02138
 0 1.03686
 0 0.985596
 0 0.88688
 0 0.799352
 0 0.905946
 0 0.787996
 0 0.851022
 0 0.663296
 0 0.865364
 0 0.729376
 0 0.850288
 0 0.9469
 0 0.898034
 0 0.940618
 0 0.756462
 0 0.753126
 0 0.917258
 0 0.981624
 0 0.949186
 0 0.755654
 0 0.938112
 0 0.742014
 0 0.959238
 0 0.856834
 0 0.798208
 0 0.950936
 0 0.722134
 0 0.938542
 0 0.756224
 0 0.862126
 0 0.903124
 0 0.764896
 0 0.888016
 0 0.854308
 0 0.91196
 0 0.75135
 0 0.945012
 0 0.851066
 0 0.926606
 0 0.883768
 0 0.981414
 0 1.01145
 0 0.913142
 0 0.813566
 0 0.929866
 0 0.787456
 0 0.990542
 0 0.965692
 0 0.944038
 0 0.848184
 0 0.999896
 0 1.02338
 0 0.921046
 0 0.862364
 0 0.888282
 0 1.00068
 0 0.926248
 0 0.87447
 0 0.978984
 0 0.799036
 0 0.872774
 0 0.784692
 0 0.829
 0 0.88144
 0 0.841168
 0 0.882018
 0 0.90648
 0 0.897552
 0 0.976716
 0 0.744332
 0 0.9724
 0 0.942048
 0 0.716814
 0 0.730324
 0 0.843488
 0 0.785992
 0 0.736786
 0 0.791734
 0 1.03014
 0 1.04671
 0 0.911528
 0 0.942472
 0 0.984368
 0 0.921952
 0 0.81365
 0 0.828884
 0 0.888738
 0 0.851714
 0 0.9805
 0 0.81134
 0 0.72795
 0 0.956414
 0 0.668798
 0 0.85665
 0 0.897038
 0 0.839732
 0 0.876528
 0 0.8784
 0 0.742428
 0 0.826354
 0 0.798942
 0 0.82033
 0 0.884614
 0 1.00292
 0 0.941204
 0 0.87981
 0 1.07159
 0 0.885674
 0 0.853076
 0 0.757456
 0 0.82432
 0 0.7714
 0 1.03582
 0 0.756086
 0 0.83794
 0 0.774124
 0 0.784394
 0 0.80387
 0 0.886662
 0 0.862464
 0 1.02599
 0 0.869868
 0 0.820014
 0 0.760752
 0 0.857102
 0 0.970154
 0 0.787216
 0 0.912946
 0 0.924424
 0 0.823708
 0 0.894368
 0 0.804898
 0 0.88654
 0 0.976332
 0 0.823332
 0 0.999898
 0 0.957702
 0 0.925894
 0 1.05351
 0 0.920842
 0 0.739734
 0 0.885308
 0 0.870186
 0 0.84399
 0 0.738408
 0 0.905086
 0 0.893324
 0 0.686728
 0 0.972644
 0 0.796332
 0 0.879848
 0 0.893712
 0 0.83135
 0 0.74461
 0 1.0341
 0 0.950564
 0 0.908796
 0 0.883088
 0 0.816366
 0 0.681886
 0 0.982696
 0 0.752032
 0 0.90987
 0 0.944822
 0 0.86154
 0 0.921146
 0 0.911912
 0 0.883086
 0 0.612322
 0 0.761508
 0 0.784012
 0 0.85077
 0 0.649886
 0 0.959326
 0 0.733056
 0 0.729456
 0 0.853472
 0 0.959782
 0 0.788304
 0 0.93564
 0 1.04322
 0 0.9902
 0 0.877374
 0 0.777264
 0 0.951634
 0 0.877256
 0 0.997738
 0 1.01286
 0 0.70093
 0 0.823478
 0 0.930204
 0 0.796358
 0 0.943044
 0 0.965474
 0 0.86474
 0 0.971398
 0 1.05075
 0 1.00506
 0 0.862632
 0 0.9771
 0 0.864856
 0 0.738424
 0 0.805052
 0 0.890836
 0 0.823964
 0 1.11482
 0 0.928332
 0 0.738154
 0 0.920828
 0 0.954028
 0 0.700414
 0 0.90547
 0 0.842378
 0 0.900324
 0 0.824638
 0 0.864666
 0 0.85212
 0 0.831176
 0 0.945828
 0 0.921388
 0 0.872084
 0 0.830382
 0 0.624738
 0 0.916716
 0 0.873264
 0 0.937214
 0 0.810028
 0 0.92967
 0 0.709586
 0 0.770888
 0 0.946494
 0 0.869654
 0 0.70031
 0 0.882152
 0 0.847036
 0 0.873476
 0 1.04079
 0 0.935732
 0 0.845606
 0 0.847038
 0 0.847354
 0 0.914668
 0 1.03371
 0 0.786604
 0 1.02353
 0 0.942054
 0 0.937624
 0 0.819136
 0 0.920318
 0 0.807662
 0 0.821716
 0 0.757112
 0 0.980222
 0 0.94611
 0 0.793334
 0 0.836624
 0 1.0396
 0 0.980704
 0 0.884096
 0 0.942588
 0 0.956364
 0 0.931812
 0 0.808004
 0 1.02445
 0 0.943824
 0 0.908852
 0 0.830544
 0 0.750342
 0 0.920182
 0 0.879368
 0 0.957382
 0 1.03535
 0 0.7334
 0 0.896764
 0 0.865642
 0 0.900744
 0 0.98918
 0 0.867574
 0 0.837498
 0 0.862178
 0 0.889346
 0 0.855862
 0 0.7892
 0 0.873566
 0 0.794522
 0 0.76325
 0 0.901088
 0 0.701604
 0 0.757158
 0 0.990404
 0 0.755836
 0 0.918864
 0 0.831928
 0 0.869502
 0 0.948086
 0 0.910204
 0 0.785718
 0 0.885544
 0 0.975246
 0 0.805978
 0 0.821778
 0 0.818648
 0 0.859598
 0 1.0103
 0 0.90102
 0 0.894016
 0 0.940564
 0 0.847196
 0 0.776566
 0 0.844856
 0 1.01562
 0 1.02713
 0 0.853378
 0 0.889256
 0 1.03251
 0 0.90341
 0 0.79717
 0 0.81182
 0 0.866486
 0 0.910212
 0 0.838814
 0 0.781142
 0 1.00192
 0 0.825788
 0 0.86592
 0 0.892662
 0 0.892098
 0 0.85198
 0 0.946258
 0 0.847438
 0 0.948624
 0 0.781898
