535 1 0 0 1
 0 0.454302
 0 0.379648
 0 0.398307
 0 0.411416
 0 0.528011
 0 0.421597
 0 0.440928
 0 0.319373
 0 0.488148
 0 0.387266
 0 0.285027
 0 0.353232
 0 0.505323
 0 0.515096
 0 0.390059
 0 0.39889
 0 0.315767
 0 0.367054
 0 0.440801
 0 0.420777
 0 0.414114
 0 0.318966
 0 0.370984
 0 0.425306
 0 0.445799
 0 0.358518
 0 0.411248
 0 0.459757
 0 0.459872
 0 0.368525
 0 0.491309
 0 0.435565
 0 0.424173
 0 0.43093
 0 0.42605
 0 0.391981
 0 0.495918
 0 0.486036
 0 0.352689
 0 0.356054
 0 0.319047
 0 0.357249
 0 0.375176
 0 0.489395
 0 0.431297
 0 0.383578
 0 0.318046
 0 0.387972
 0 0.314023
 0 0.460505
 0 0.41066
 0 0.498536
 0 0.407067
 0 0.490021
 0 0.371241
 0 0.330106
 0 0.295275
 0 0.407097
 0 0.374629
 0 0.392796
 0 0.282764
 0 0.376006
 0 0.402489
 0 0.415839
 0 0.413078
 0 0.505328
 0 0.357283
 0 0.430071
 0 0.375613
 0 0.424132
 0 0.35628
 0 0.401691
 0 0.339993
 0 0.34888
 0 0.422306
 0 0.317873
 0 0.392683
 0 0.376867
 0 0.372549
 0 0.448297
 0 0.40055
 0 0.464611
 0 0.352673
 0 0.440536
 0 0.4312
 0 0.379834
 0 0.489329
 0 0.38417
 0 0.289801
 0 0.319454
 0 0.318401
 0 0.430601
 0 0.489097
 0 0.381053
 0 0.395551
 0 0.443337
 0 0.384561
 0 0.423273
 0 0.357053
 0 0.354527
 0 0.324828
 0 0.432704
 0 0.407867
 0 0.400088
 0 0.374685
 0 0.39178
 0 0.398073
 0 0.482526
 0 0.50627
 0 0.431589
 0 0.299825
 0 0.42321
 0 0.28041
 0 0.333804
 0 0.411371
 0 0.357118
 0 0.409983
 0 0.307327
 0 0.472966
 0 0.449735
 0 0.355563
 0 0.453992
 0 0.504664
 0 0.358174
 0 0.308156
 0 0.470387
 0 0.415813
 0 0.308304
 0 0.381904
 0 0.434438
 0 0.469502
 0 0.387216
 0 0.43476
 0 0.444014
 0 0.310145
 0 0.397286
 0 0.337508
 0 0.424211
 0 0.516214
 0 0.388543
 0 0.402118
 0 0.388368
 0 0.355035
 0 0.331767
 0 0.316396
 0 0.352773
 0 0.311216
 0 0.434992
 0 0.331593
 0 0.405164
 0 0.452347
 0 0.399984
 0 0.302465
 0 0.387496
 0 0.354972
 0 0.413312
 0 0.4585
 0 0.370611
 0 0.416122
 0 0.493227
 0 0.456744
 0 0.401528
 0 0.388842
 0 0.294522
 0 0.422031
 0 0.32194
 0 0.276533
 0 0.464287
 0 0.475493
 0 0.380386
 0 0.296559
 0 0.455497
 0 0.464422
 0 0.383958
 0 0.276273
 0 0.421029
 0 0.460305
 0 0.288669
 0 0.361937
 0 0.459431
 0 0.317821
 0 0.472993
 0 0.418084
 0 0.410758
 0 0.420595
 0 0.316337
 0 0.31188
 0 0.275612
 0 0.415233
 0 0.335955
 0 0.399121
 0 0.250439
 0 0.373681
 0 0.412514
 0 0.362017
 0 0.433789
 0 0.419978
 0 0.377235
 0 0.43004
 0 0.428303
 0 0.482694
 0 0.407574
 0 0.379535
 0 0.392699
 0 0.454964
 0 0.346481
 0 0.386644
 0 0.397727
 0 0.325226
 0 0.450757
 0 0.433266
 0 0.404948
 0 0.342901
 0 0.507294
 0 0.398614
 0 0.341931
 0 0.378593
 0 0.316638
 0 0.415219
 0 0.348786
 0 0.365788
 0 0.480522
 0 0.372043
 0 0.366894
 0 0.448023
 0 0.470059
 0 0.440901
 0 0.379307
 0 0.318575
 0 0.381619
 0 0.40199
 0 0.371032
 0 0.285688
 0 0.395956
 0 0.368536
 0 0.376867
 0 0.352249
 0 0.467899
 0 0.432823
 0 0.511092
 0 0.426676
 0 0.333913
 0 0.481646
 0 0.308087
 0 0.47676
 0 0.392785
 0 0.365872
 0 0.427574
 0 0.465344
 0 0.392633
 0 0.465935
 0 0.247249
 0 0.232883
 0 0.378047
 0 0.345889
 0 0.501332
 0 0.485291
 0 0.396406
 0 0.398967
 0 0.454269
 0 0.442787
 0 0.441248
 0 0.367594
 0 0.291696
 0 0.425722
 0 0.432112
 0 0.45073
 0 0.443797
 0 0.362273
 0 0.388204
 0 0.437747
 0 0.402014
 0 0.50875
 0 0.463357
 0 0.474806
 0 0.344333
 0 0.407171
 0 0.319277
 0 0.384069
 0 0.361144
 0 0.465275
 0 0.395302
 0 0.42648
 0 0.414159
 0 0.432989
 0 0.337863
 0 0.302279
 0 0.386479
 0 0.380014
 0 0.441412
 0 0.434809
 0 0.433384
 0 0.315431
 0 0.41079
 0 0.410832
 0 0.463638
 0 0.388197
 0 0.47881
 0 0.376063
 0 0.296695
 0 0.393519
 0 0.386181
 0 0.36683
 0 0.316322
 0 0.330284
 0 0.453993
 0 0.322005
 0 0.412074
 0 0.441693
 0 0.335875
 0 0.319045
 0 0.400369
 0 0.541049
 0 0.39162
 0 0.388335
 0 0.37633
 0 0.33331
 0 0.398717
 0 0.3328
 0 0.382343
 0 0.475832
 0 0.304995
 0 0.456066
 0 0.335068
 0 0.399312
 0 0.394445
 0 0.350168
 0 0.407058
 0 0.309609
 0 0.411504
 0 0.480232
 0 0.467682
 0 0.380769
 0 0.394289
 0 0.438361
 0 0.411859
 0 0.416671
 0 0.399141
 0 0.496022
 0 0.396824
 0 0.426853
 0 0.365977
 0 0.458438
 0 0.403181
 0 0.426797
 0 0.303216
 0 0.355882
 0 0.363292
 0 0.300291
 0 0.417186
 0 0.32621
 0 0.419239
 0 0.398381
 0 0.449773
 0 0.409983
 0 0.314287
 0 0.316135
 0 0.431989
 0 0.422063
 0 0.360676
 0 0.34806
 0 0.355937
 0 0.41158
 0 0.378063
 0 0.354018
 0 0.370705
 0 0.340425
 0 0.394664
 0 0.364341
 0 0.459343
 0 0.371634
 0 0.330269
 0 0.334881
 0 0.38919
 0 0.466118
 0 0.399049
 0 0.384314
 0 0.188561
 0 0.346301
 0 0.350057
 0 0.327625
 0 0.49947
 0 0.394786
 0 0.348304
 0 0.371816
 0 0.42003
 0 0.260425
 0 0.433433
 0 0.464867
 0 0.418329
 0 0.323853
 0 0.3574
 0 0.271843
 0 0.499002
 0 0.426053
 0 0.410978
 0 0.423923
 0 0.418257
 0 0.461702
 0 0.427558
 0 0.468244
 0 0.408912
 0 0.355957
 0 0.378904
 0 0.444479
 0 0.382733
 0 0.382335
 0 0.561417
 0 0.358554
 0 0.443241
 0 0.431927
 0 0.353346
 0 0.453913
 0 0.49091
 0 0.367058
 0 0.452051
 0 0.495686
 0 0.465603
 0 0.415582
 0 0.461374
 0 0.34996
 0 0.455812
 0 0.403206
 0 0.354662
 0 0.454603
 0 0.326756
 0 0.429325
 0 0.416284
 0 0.421494
 0 0.497749
 0 0.306872
 0 0.402096
 0 0.354721
 0 0.460954
 0 0.302346
 0 0.320925
 0 0.416402
 0 0.506755
 0 0.359316
 0 0.409989
 0 0.403343
 0 0.369986
 0 0.439815
 0 0.310202
 0 0.393367
 0 0.355673
 0 0.383573
 0 0.390577
 0 0.467268
 0 0.420781
 0 0.347674
 0 0.48507
 0 0.412104
 0 0.505645
 0 0.468206
 0 0.4145
 0 0.436104
 0 0.379896
 0 0.475797
 0 0.421197
 0 0.376962
 0 0.406418
 0 0.322252
 0 0.463123
 0 0.351501
 0 0.442382
 0 0.388037
 0 0.405124
 0 0.534619
 0 0.509683
 0 0.448143
 0 0.339609
 0 0.390684
 0 0.457709
 0 0.369498
 0 0.415921
 0 0.421059
 0 0.398541
 0 0.451221
 0 0.423253
 0 0.3901
 0 0.451686
 0 0.415227
 0 0.384618
 0 0.450744
 0 0.351402
 0 0.412361
 0 0.361942
 0 0.376098
 0 0.400098
 0 0.437162
 0 0.332089
 0 0.374447
 0 0.422455
 0 0.467085
 0 0.515724
 0 0.394061
 0 0.339506
 0 0.335935
 0 0.282051
 0 0.422014
 0 0.510794
 0 0.356603
 0 0.386656
 0 0.420318
 0 0.457669
 0 0.533491
 0 0.351108
 0 0.31568
 0 0.507423
 0 0.416577
 0 0.43694
 0 0.303084
 0 0.432593
 0 0.37044
 0 0.458113
 0 0.509501
 0 0.411086
 0 0.287325
 0 0.327656
 0 0.322892
 0 0.327174
 0 0.337488
 0 0.37832
 0 0.387319
 0 0.446641
 0 0.296699
 0 0.359012
 0 0.388956
 0 0.351089
 0 0.317904
 0 0.358805
 0 0.541257
 0 0.42678
 0 0.401466
