535 1 0 0 1
 0 0.86126
 0 0.672264
 0 0.593804
 0 0.795386
 0 0.842736
 0 0.908624
 0 1.05143
 0 0.964904
 0 1.0054
 0 0.867172
 0 0.810774
 0 0.775652
 0 0.658736
 0 1.13305
 0 0.827798
 0 1.1435
 0 0.618004
 0 0.984094
 0 1.12222
 0 0.906286
 0 0.95032
 0 0.746798
 0 0.812312
 0 0.968844
 0 0.79278
 0 0.620226
 0 0.616922
 0 0.722958
 0 0.743456
 0 0.617002
 0 1.29663
 0 0.801858
 0 0.769028
 0 0.649414
 0 0.906124
 0 0.898144
 0 1.04458
 0 0.896402
 0 0.776434
 0 0.90932
 0 0.902932
 0 0.801778
 0 0.821162
 0 0.838566
 0 0.749396
 0 0.579558
 0 0.4786
 0 0.531958
 0 0.712322
 0 1.16946
 0 0.886134
 0 0.841104
 0 0.818298
 0 0.674648
 0 0.57845
 0 0.773136
 0 0.871816
 0 0.877598
 0 0.839972
 0 1.0179
 0 0.835332
 0 0.89636
 0 1.02359
 0 1.0094
 0 0.887788
 0 0.86123
 0 0.857074
 0 1.22717
 0 1.16
 0 0.722348
 0 0.579122
 0 0.951624
 0 0.656886
 0 0.832436
 0 0.773938
 0 0.801118
 0 0.923856
 0 0.914654
 0 0.903148
 0 0.94013
 0 0.945386
 0 0.771244
 0 0.993364
 0 1.20976
 0 1.1094
 0 0.394046
 0 1.23927
 0 0.923586
 0 0.984206
 0 0.720092
 0 0.999924
 0 1.01963
 0 0.964834
 0 0.85582
 0 0.95628
 0 0.742718
 0 0.868754
 0 0.752368
 0 1.24635
 0 0.722286
 0 0.892066
 0 0.78236
 0 0.998042
 0 1.14669
 0 0.614668
 0 0.947748
 0 0.599568
 0 0.996126
 0 0.718336
 0 1.12445
 0 0.580694
 0 1.01081
 0 0.54959
 0 0.611452
 0 0.642064
 0 0.763794
 0 0.99668
 0 0.574994
 0 0.599758
 0 0.529286
 0 0.95118
 0 0.553896
 0 1.18443
 0 0.864334
 0 0.548168
 0 0.960502
 0 0.762692
 0 0.82121
 0 1.0891
 0 1.20929
 0 0.991656
 0 1.05258
 0 1.0433
 0 0.845656
 0 0.933014
 0 0.996726
 0 0.775312
 0 0.984584
 0 0.792326
 0 0.446408
 0 0.64595
 0 0.814662
 0 1.05648
 0 0.951738
 0 0.740524
 0 0.783996
 0 0.835958
 0 1.09203
 0 0.946044
 0 0.753196
 0 1.20199
 0 0.812452
 0 0.841886
 0 0.617916
 0 0.80757
 0 0.835262
 0 0.761264
 0 0.743868
 0 0.526678
 0 0.927258
 0 0.571512
 0 0.77879
 0 0.892472
 0 0.703488
 0 1.03439
 0 0.79877
 0 0.85291
 0 0.8236
 0 1.00992
 0 0.996672
 0 0.696118
 0 0.75298
 0 1.06907
 0 1.04228
 0 0.73255
 0 0.911808
 0 0.849816
 0 0.694986
 0 0.959832
 0 0.863132
 0 0.954418
 0 0.683728
 0 0.540736
 0 1.02829
 0 0.779874
 0 0.888884
 0 0.925954
 0 0.70951
 0 0.865804
 0 0.742826
 0 0.835738
 0 0.621952
 0 1.07797
 0 0.803774
 0 0.91652
 0 1.0286
 0 0.593498
 0 0.787586
 0 0.723642
 0 0.852876
 0 0.774522
 0 0.790694
 0 1.05834
 0 0.857692
 0 1.23468
 0 0.546636
 0 0.768904
 0 0.857894
 0 0.716004
 0 0.715084
 0 0.924522
 0 0.958792
 0 0.812268
 0 0.93761
 0 0.87785
 0 1.16594
 0 0.534404
 0 0.500712
 0 0.87876
 0 0.715678
 0 0.828698
 0 1.02786
 0 1.05363
 0 0.863244
 0 0.931862
 0 1.0067
 0 1.15618
 0 0.85851
 0 0.578184
 0 0.550072
 0 0.817452
 0 0.657418
 0 0.693552
 0 1.14159
 0 0.962556
 0 0.587036
 0 0.733566
 0 0.901598
 0 1.02634
 0 0.9171
 0 0.707116
 0 0.859726
 0 0.936264
 0 0.753112
 0 0.96832
 0 0.607374
 0 0.891388
 0 0.83601
 0 1.12435
 0 0.765998
 0 0.99243
 0 0.889706
 0 0.886538
 0 0.844232
 0 0.937964
 0 1.0163
 0 0.685564
 0 0.967482
 0 0.990836
 0 0.943656
 0 0.913368
 0 0.968772
 0 0.459936
 0 0.786576
 0 0.772334
 0 0.750304
 0 1.01275
 0 0.933544
 0 0.899764
 0 0.987894
 0 1.24868
 0 0.724734
 0 1.00945
 0 0.847094
 0 0.901284
 0 0.546116
 0 0.927066
 0 0.58853
 0 0.816486
 0 0.673204
 0 0.939272
 0 0.961668
 0 0.973378
 0 0.775016
 0 0.764098
 0 0.724046
 0 0.749508
 0 0.556958
 0 0.848626
 0 0.999614
 0 0.736494
 0 0.814348
 0 0.842208
 0 0.973312
 0 0.571418
 0 1.24067
 0 1.04344
 0 0.948928
 0 1.12664
 0 0.672126
 0 1.17185
 0 0.803206
 0 0.931652
 0 0.549212
 0 0.656554
 0 1.01996
 0 1.12548
 0 0.927346
 0 0.696646
 0 0.658994
 0 0.800784
 0 0.957102
 0 1.09063
 0 0.98924
 0 0.750874
 0 0.78307
 0 0.991256
 0 0.652058
 0 0.812072
 0 0.932326
 0 1.02302
 0 1.01345
 0 0.6567
 0 0.890918
 0 0.833926
 0 0.745782
 0 0.858466
 0 1.03463
 0 0.60718
 0 0.891284
 0 0.968898
 0 0.952304
 0 0.910506
 0 0.910048
 0 1.04209
 0 1.17826
 0 1.19701
 0 0.75477
 0 1.09221
 0 0.516802
 0 0.627272
 0 0.9471
 0 0.917524
 0 0.79035
 0 0.758524
 0 0.975536
 0 1.10081
 0 0.67762
 0 0.76692
 0 0.87613
 0 0.931916
 0 0.447492
 0 0.949614
 0 1.09031
 0 1.31668
 0 0.569092
 0 0.860376
 0 1.11741
 0 0.64671
 0 0.665236
 0 0.64294
 0 0.966732
 0 1.20609
 0 0.984344
 0 0.605224
 0 0.724992
 0 0.73005
 0 1.25807
 0 0.850914
 0 0.954062
 0 0.73529
 0 0.94071
 0 0.638734
 0 0.798008
 0 0.888876
 0 0.863318
 0 0.59526
 0 0.647538
 0 0.490624
 0 0.869644
 0 0.877714
 0 1.34858
 0 0.628864
 0 0.981682
 0 1.09328
 0 0.998378
 0 0.33725
 0 1.05223
 0 0.935712
 0 1.01345
 0 0.550846
 0 1.05532
 0 0.415864
 0 0.875628
 0 0.705104
 0 0.859306
 0 0.7802
 0 0.85174
 0 0.960538
 0 0.776866
 0 0.872328
 0 0.913556
 0 0.487984
 0 0.850964
 0 0.620072
 0 0.714348
 0 1.12046
 0 0.99607
 0 0.984068
 0 0.920492
 0 0.67366
 0 0.672736
 0 0.779408
 0 1.40257
 0 1.02669
 0 0.800458
 0 0.903968
 0 1.02234
 0 0.934106
 0 0.426226
 0 0.6174
 0 0.856596
 0 0.965944
 0 0.891004
 0 1.12216
 0 0.954324
 0 0.849332
 0 1.20813
 0 0.667376
 0 1.11405
 0 0.7515
 0 0.843984
 0 0.941686
 0 1.21372
 0 0.805956
 0 0.92013
 0 0.645942
 0 0.995534
 0 0.78922
 0 1.08991
 0 1.03468
 0 0.990928
 0 1.02163
 0 0.743274
 0 0.63377
 0 1.2657
 0 1.13039
 0 0.733438
 0 0.918864
 0 1.11694
 0 0.971008
 0 0.915594
 0 0.930422
 0 1.08726
 0 0.83214
 0 0.826478
 0 1.1255
 0 1.02084
 0 1.46927
 0 1.07448
 0 0.850164
 0 0.76819
 0 0.781768
 0 0.653408
 0 0.84688
 0 0.71531
 0 0.579862
 0 1.11453
 0 0.925712
 0 0.95586
 0 1.06569
 0 0.675234
 0 1.0148
 0 1.0741
 0 0.91975
 0 1.06184
 0 0.885658
 0 0.627936
 0 1.07534
 0 1.27782
 0 0.552054
 0 1.03009
 0 0.929892
 0 0.579206
 0 0.825328
 0 0.684384
 0 0.923202
 0 1.05562
 0 0.81912
 0 1.16919
 0 1.00892
 0 0.844458
 0 1.09887
 0 0.80211
 0 0.995746
 0 0.960216
 0 0.9477
 0 0.72233
 0 0.825754
 0 0.497356
 0 0.790358
 0 1.08538
 0 0.762044
 0 0.933568
 0 1.2485
 0 0.93668
 0 0.927188
 0 0.820706
 0 0.970494
 0 1.2254
 0 0.601866
 0 0.787164
 0 0.891744
 0 0.701884
 0 0.892066
 0 1.02484
 0 0.995332
 0 0.92962
 0 0.533172
 0 0.872994
 0 0.697276
 0 0.944382
 0 0.951752
 0 0.64868
 0 0.92768
 0 0.939222
 0 0.554722
 0 1.13507
 0 0.787136
 0 0.615714
 0 0.674858
 0 0.952572
 0 1.08922
 0 0.482606
 0 0.862012
