535 1 0 0 1
 0 0.345034
 0 0.338475
 0 0.343925
 0 0.392188
 0 0.36822
 0 0.339941
 0 0.293255
 0 0.356943
 0 0.376652
 0 0.320617
 0 0.356002
 0 0.341858
 0 0.36606
 0 0.346692
 0 0.357469
 0 0.393625
 0 0.379945
 0 0.331353
 0 0.367391
 0 0.340568
 0 0.373769
 0 0.349919
 0 0.367838
 0 0.356862
 0 0.406298
 0 0.363369
 0 0.370347
 0 0.403907
 0 0.396096
 0 0.392506
 0 0.327737
 0 0.407454
 0 0.365793
 0 0.332413
 0 0.391245
 0 0.394072
 0 0.409457
 0 0.403542
 0 0.350696
 0 0.367576
 0 0.389194
 0 0.310111
 0 0.400175
 0 0.366962
 0 0.326129
 0 0.379016
 0 0.355147
 0 0.410016
 0 0.345225
 0 0.391604
 0 0.384421
 0 0.399449
 0 0.358568
 0 0.374681
 0 0.383704
 0 0.350857
 0 0.370783
 0 0.342463
 0 0.323888
 0 0.350185
 0 0.352047
 0 0.344235
 0 0.371241
 0 0.379953
 0 0.357248
 0 0.377858
 0 0.322556
 0 0.378115
 0 0.431545
 0 0.311853
 0 0.349943
 0 0.402548
 0 0.361953
 0 0.390358
 0 0.340319
 0 0.376964
 0 0.358577
 0 0.425895
 0 0.355539
 0 0.406558
 0 0.36172
 0 0.357207
 0 0.340052
 0 0.363401
 0 0.350542
 0 0.322134
 0 0.350007
 0 0.333756
 0 0.34061
 0 0.387399
 0 0.388879
 0 0.387424
 0 0.339399
 0 0.399659
 0 0.361795
 0 0.373068
 0 0.361025
 0 0.345618
 0 0.378317
 0 0.387135
 0 0.393072
 0 0.396512
 0 0.368084
 0 0.405288
 0 0.391054
 0 0.39782
 0 0.364555
 0 0.376078
 0 0.342625
 0 0.395688
 0 0.384499
 0 0.367467
 0 0.390909
 0 0.378167
 0 0.369638
 0 0.371433
 0 0.38852
 0 0.304823
 0 0.353851
 0 0.35445
 0 0.391117
 0 0.344921
 0 0.387472
 0 0.363928
 0 0.341826
 0 0.354878
 0 0.379195
 0 0.358433
 0 0.365951
 0 0.34889
 0 0.399304
 0 0.385258
 0 0.377018
 0 0.384526
 0 0.415148
 0 0.355805
 0 0.346252
 0 0.422541
 0 0.374065
 0 0.337505
 0 0.372105
 0 0.377737
 0 0.369229
 0 0.364267
 0 0.370381
 0 0.335989
 0 0.334648
 0 0.406175
 0 0.405265
 0 0.355762
 0 0.388782
 0 0.378386
 0 0.362145
 0 0.399743
 0 0.430329
 0 0.389513
 0 0.380384
 0 0.357701
 0 0.336571
 0 0.393073
 0 0.431043
 0 0.395365
 0 0.344072
 0 0.362185
 0 0.374673
 0 0.364424
 0 0.302518
 0 0.363417
 0 0.349741
 0 0.383189
 0 0.358954
 0 0.37801
 0 0.382866
 0 0.372665
 0 0.302039
 0 0.376143
 0 0.417617
 0 0.371889
 0 0.368932
 0 0.377475
 0 0.36532
 0 0.430278
 0 0.382489
 0 0.383722
 0 0.357833
 0 0.346477
 0 0.37436
 0 0.326415
 0 0.367977
 0 0.358363
 0 0.324763
 0 0.368592
 0 0.358561
 0 0.394393
 0 0.330159
 0 0.410906
 0 0.339871
 0 0.367482
 0 0.368022
 0 0.363801
 0 0.360355
 0 0.322361
 0 0.319214
 0 0.376903
 0 0.354352
 0 0.300567
 0 0.38602
 0 0.361759
 0 0.351073
 0 0.403031
 0 0.359363
 0 0.371252
 0 0.340941
 0 0.337651
 0 0.360136
 0 0.350687
 0 0.422365
 0 0.331667
 0 0.378835
 0 0.371567
 0 0.369086
 0 0.369835
 0 0.319704
 0 0.391889
 0 0.327802
 0 0.411587
 0 0.32264
 0 0.366354
 0 0.352948
 0 0.382398
 0 0.368005
 0 0.417208
 0 0.394982
 0 0.343501
 0 0.34638
 0 0.375745
 0 0.398279
 0 0.403575
 0 0.305033
 0 0.377885
 0 0.327655
 0 0.362427
 0 0.358764
 0 0.386391
 0 0.360087
 0 0.347406
 0 0.388434
 0 0.334401
 0 0.421334
 0 0.410792
 0 0.369406
 0 0.380861
 0 0.373179
 0 0.38324
 0 0.349987
 0 0.354079
 0 0.387124
 0 0.385315
 0 0.383072
 0 0.346109
 0 0.40569
 0 0.355196
 0 0.366289
 0 0.321667
 0 0.334402
 0 0.341376
 0 0.345459
 0 0.336293
 0 0.40471
 0 0.410601
 0 0.345101
 0 0.360306
 0 0.369123
 0 0.373308
 0 0.39345
 0 0.357608
 0 0.352393
 0 0.324148
 0 0.353794
 0 0.387128
 0 0.407427
 0 0.359612
 0 0.333729
 0 0.353002
 0 0.376528
 0 0.341424
 0 0.363346
 0 0.334319
 0 0.390523
 0 0.315534
 0 0.367779
 0 0.39488
 0 0.375618
 0 0.353419
 0 0.375875
 0 0.398924
 0 0.355303
 0 0.37231
 0 0.383982
 0 0.381004
 0 0.348937
 0 0.332888
 0 0.356662
 0 0.36047
 0 0.331078
 0 0.370004
 0 0.413907
 0 0.372623
 0 0.390024
 0 0.424239
 0 0.358137
 0 0.386235
 0 0.334715
 0 0.359364
 0 0.3752
 0 0.374289
 0 0.366719
 0 0.338489
 0 0.377184
 0 0.359105
 0 0.368222
 0 0.363185
 0 0.390709
 0 0.380541
 0 0.378285
 0 0.378532
 0 0.36144
 0 0.374128
 0 0.338038
 0 0.348289
 0 0.370984
 0 0.390165
 0 0.354824
 0 0.378933
 0 0.374178
 0 0.369906
 0 0.412109
 0 0.359537
 0 0.386242
 0 0.356468
 0 0.344149
 0 0.338194
 0 0.341088
 0 0.336687
 0 0.369501
 0 0.325796
 0 0.430422
 0 0.323199
 0 0.378241
 0 0.377489
 0 0.360545
 0 0.364426
 0 0.327117
 0 0.364499
 0 0.367156
 0 0.345199
 0 0.292531
 0 0.368212
 0 0.411955
 0 0.358858
 0 0.308282
 0 0.389372
 0 0.401888
 0 0.393557
 0 0.325613
 0 0.347573
 0 0.411655
 0 0.351515
 0 0.392452
 0 0.399105
 0 0.348071
 0 0.36842
 0 0.36301
 0 0.367726
 0 0.428
 0 0.3257
 0 0.35357
 0 0.371424
 0 0.373351
 0 0.369823
 0 0.375797
 0 0.356261
 0 0.399142
 0 0.334086
 0 0.324642
 0 0.400193
 0 0.413084
 0 0.354996
 0 0.385372
 0 0.354053
 0 0.383219
 0 0.386943
 0 0.361506
 0 0.416421
 0 0.342077
 0 0.408331
 0 0.325733
 0 0.392117
 0 0.375273
 0 0.359371
 0 0.352206
 0 0.352617
 0 0.408923
 0 0.409866
 0 0.398937
 0 0.413649
 0 0.372078
 0 0.404512
 0 0.390816
 0 0.337567
 0 0.357461
 0 0.344528
 0 0.358193
 0 0.355054
 0 0.399717
 0 0.341619
 0 0.349298
 0 0.391967
 0 0.367863
 0 0.333285
 0 0.328938
 0 0.352953
 0 0.340365
 0 0.38343
 0 0.355514
 0 0.400381
 0 0.394383
 0 0.402145
 0 0.408095
 0 0.351821
 0 0.338949
 0 0.36589
 0 0.311389
 0 0.389818
 0 0.352341
 0 0.364288
 0 0.377494
 0 0.384495
 0 0.409324
 0 0.370881
 0 0.382569
 0 0.375369
 0 0.343673
 0 0.363738
 0 0.355621
 0 0.424394
 0 0.363593
 0 0.403399
 0 0.369148
 0 0.342307
 0 0.396034
 0 0.402029
 0 0.367815
 0 0.37151
 0 0.361799
 0 0.378255
 0 0.351334
 0 0.384153
 0 0.351924
 0 0.384061
 0 0.361882
 0 0.35141
 0 0.395335
 0 0.337106
 0 0.345852
 0 0.356454
 0 0.306212
 0 0.34925
 0 0.320712
 0 0.367461
 0 0.372555
 0 0.40579
 0 0.344476
 0 0.35805
 0 0.351442
 0 0.364597
 0 0.322336
 0 0.374412
 0 0.375967
 0 0.361787
 0 0.327808
 0 0.384024
 0 0.350659
 0 0.350576
 0 0.416629
 0 0.430487
 0 0.354757
 0 0.346114
 0 0.339853
 0 0.388901
 0 0.3215
 0 0.408802
 0 0.363798
 0 0.363966
 0 0.351502
 0 0.412109
 0 0.339801
 0 0.370121
 0 0.364619
 0 0.34214
 0 0.38745
 0 0.402729
 0 0.313712
 0 0.405049
 0 0.38716
 0 0.346623
 0 0.410079
 0 0.391347
 0 0.347824
 0 0.338547
 0 0.365084
 0 0.349338
 0 0.383899
 0 0.361906
 0 0.356473
 0 0.431984
 0 0.394271
 0 0.356776
 0 0.398189
 0 0.359198
 0 0.366363
 0 0.370204
 0 0.354276
 0 0.367245
 0 0.365636
 0 0.407226
 0 0.376927
 0 0.366444
 0 0.391397
 0 0.382035
 0 0.354855
 0 0.321052
 0 0.383449
 0 0.372027
 0 0.374244
