535 1 0 0 1
 0 0.581563
 0 0.50464
 0 0.291977
 0 0.421929
 0 0.34578
 0 0.472141
 0 0.497032
 0 0.47137
 0 0.461193
 0 0.567444
 0 0.438745
 0 0.425615
 0 0.186697
 0 0.789302
 0 0.610734
 0 0.639682
 0 0.359052
 0 0.396427
 0 0.463311
 0 0.400769
 0 0.317891
 0 0.327164
 0 0.486509
 0 0.518967
 0 0.338511
 0 0.274139
 0 0.388538
 0 0.570995
 0 0.262319
 0 0.242589
 0 0.619565
 0 0.450066
 0 0.514271
 0 0.312319
 0 0.416033
 0 0.420243
 0 0.561428
 0 0.371016
 0 0.400129
 0 0.381098
 0 0.504224
 0 0.519212
 0 0.414818
 0 0.374365
 0 0.293667
 0 0.249577
 0 0.316872
 0 0.331747
 0 0.38718
 0 0.709489
 0 0.325929
 0 0.3949
 0 0.328152
 0 0.420941
 0 0.416387
 0 0.535101
 0 0.249037
 0 0.478554
 0 0.594008
 0 0.648681
 0 0.282332
 0 0.622652
 0 0.725554
 0 0.566033
 0 0.509864
 0 0.469451
 0 0.502062
 0 0.607762
 0 0.42756
 0 0.284918
 0 0.514154
 0 0.508334
 0 0.211535
 0 0.5341
 0 0.389649
 0 0.552295
 0 0.407445
 0 0.651972
 0 0.479948
 0 0.506601
 0 0.393385
 0 0.433678
 0 0.530427
 0 0.594424
 0 0.540805
 0 0.334861
 0 0.606413
 0 0.416288
 0 0.349114
 0 0.384879
 0 0.426236
 0 0.346981
 0 0.665226
 0 0.476978
 0 0.53599
 0 0.225827
 0 0.48215
 0 0.401621
 0 0.56634
 0 0.25839
 0 0.460971
 0 0.279755
 0 0.271456
 0 0.515356
 0 0.38787
 0 0.40851
 0 0.365142
 0 0.390935
 0 0.395076
 0 0.449165
 0 0.340284
 0 0.493141
 0 0.317454
 0 0.418295
 0 0.23156
 0 0.448266
 0 0.498246
 0 0.378574
 0 0.317316
 0 0.315293
 0 0.274575
 0 0.105233
 0 0.526579
 0 0.530366
 0 0.267458
 0 0.324347
 0 0.661271
 0 0.630336
 0 0.490321
 0 0.452663
 0 0.393675
 0 0.45533
 0 0.40683
 0 0.603677
 0 0.279036
 0 0.429286
 0 0.308648
 0 0.391767
 0 0.309588
 0 0.278453
 0 0.225816
 0 0.387514
 0 0.316855
 0 0.463738
 0 0.451887
 0 0.426277
 0 0.423911
 0 0.72436
 0 0.424473
 0 0.537191
 0 0.63289
 0 0.373508
 0 0.45209
 0 0.372703
 0 0.533881
 0 0.503135
 0 0.282939
 0 0.29695
 0 0.290299
 0 0.332055
 0 0.287049
 0 0.55203
 0 0.361537
 0 0.406352
 0 0.633189
 0 0.204483
 0 0.490116
 0 0.488785
 0 0.559455
 0 0.468863
 0 0.604911
 0 0.55151
 0 0.653563
 0 0.507599
 0 0.551927
 0 0.34001
 0 0.631794
 0 0.291504
 0 0.407677
 0 0.41714
 0 0.401649
 0 0.285784
 0 0.415274
 0 0.530653
 0 0.438425
 0 0.503626
 0 0.52487
 0 0.419443
 0 0.479293
 0 0.549187
 0 0.400078
 0 0.426692
 0 0.464226
 0 0.570075
 0 0.278345
 0 0.431524
 0 0.29312
 0 0.223597
 0 0.439229
 0 0.546614
 0 0.0934421
 0 0.353505
 0 0.541702
 0 0.653669
 0 0.567453
 0 0.304157
 0 0.398509
 0 0.523419
 0 0.514053
 0 0.412565
 0 0.309266
 0 0.538556
 0 0.459369
 0 0.554241
 0 0.440724
 0 0.494179
 0 0.424459
 0 0.314278
 0 0.414236
 0 0.478313
 0 0.457256
 0 0.634852
 0 0.314589
 0 0.420762
 0 0.382292
 0 0.353276
 0 0.53866
 0 0.618399
 0 0.378245
 0 0.381866
 0 0.379112
 0 0.270865
 0 0.250009
 0 0.495527
 0 0.454831
 0 0.270745
 0 0.324203
 0 0.541813
 0 0.480924
 0 0.425686
 0 0.441718
 0 0.380003
 0 0.485702
 0 0.578786
 0 0.582793
 0 0.382767
 0 0.441565
 0 0.391794
 0 0.51956
 0 0.507986
 0 0.519127
 0 0.469985
 0 0.58616
 0 0.482977
 0 0.667573
 0 0.350327
 0 0.359363
 0 0.559398
 0 0.438041
 0 0.502312
 0 0.525722
 0 0.380538
 0 0.232488
 0 0.384172
 0 0.307056
 0 0.368241
 0 0.564943
 0 0.330936
 0 0.440158
 0 0.404685
 0 0.396764
 0 0.416462
 0 0.409427
 0 0.443162
 0 0.314417
 0 0.482529
 0 0.385772
 0 0.481407
 0 0.410516
 0 0.209256
 0 0.45617
 0 0.493034
 0 0.344593
 0 0.48794
 0 0.430049
 0 0.429924
 0 0.56842
 0 0.428681
 0 0.342114
 0 0.568098
 0 0.120053
 0 0.430357
 0 0.47474
 0 0.453701
 0 0.428514
 0 0.553173
 0 0.543117
 0 0.480151
 0 0.550117
 0 0.293618
 0 0.478618
 0 0.439607
 0 0.667257
 0 0.259049
 0 0.405751
 0 0.55817
 0 0.798962
 0 0.280876
 0 0.47087
 0 0.403125
 0 0.465758
 0 0.526275
 0 0.551596
 0 0.43818
 0 0.38405
 0 0.43308
 0 0.588863
 0 0.49285
 0 0.259277
 0 0.520983
 0 0.431633
 0 0.570741
 0 0.36794
 0 0.493433
 0 0.300199
 0 0.422918
 0 0.553905
 0 0.735665
 0 0.265465
 0 0.526936
 0 0.391207
 0 0.311965
 0 0.579582
 0 0.468106
 0 0.57529
 0 0.488238
 0 0.885806
 0 0.32644
 0 0.636305
 0 0.0222085
 0 0.280763
 0 0.473776
 0 0.512283
 0 0.501269
 0 0.296954
 0 0.556787
 0 0.383105
 0 0.474732
 0 0.569161
 0 0.372661
 0 0.552301
 0 0.249512
 0 0.433934
 0 0.451514
 0 0.619823
 0 0.532324
 0 0.470703
 0 0.690999
 0 0.39034
 0 0.313129
 0 0.40478
 0 0.371227
 0 0.218039
 0 0.536473
 0 0.261589
 0 0.233249
 0 0.535819
 0 0.638241
 0 0.140804
 0 0.517553
 0 0.326733
 0 0.501365
 0 0.369223
 0 0.562043
 0 0.523451
 0 0.540896
 0 0.482454
 0 0.328633
 0 0.141422
 0 0.274659
 0 0.381476
 0 0.471761
 0 0.418831
 0 0.433234
 0 0.360522
 0 0.254718
 0 0.158292
 0 0.465674
 0 0.469027
 0 0.523865
 0 0.399404
 0 0.580984
 0 0.411576
 0 0.612869
 0 0.560891
 0 0.497762
 0 0.451603
 0 0.381514
 0 0.540579
 0 0.411235
 0 0.335564
 0 0.582499
 0 0.360409
 0 0.264196
 0 0.409865
 0 0.397166
 0 0.639591
 0 0.437089
 0 0.548608
 0 0.506173
 0 0.234354
 0 0.409058
 0 0.60969
 0 0.602117
 0 0.700512
 0 0.280052
 0 0.268361
 0 0.465362
 0 0.460372
 0 0.394141
 0 0.324881
 0 0.427887
 0 0.361014
 0 0.32125
 0 0.706098
 0 0.424151
 0 0.542372
 0 0.404525
 0 0.227972
 0 0.425874
 0 0.198023
 0 0.348848
 0 0.669491
 0 0.677826
 0 0.429484
 0 0.496658
 0 0.326534
 0 0.54471
 0 0.365305
 0 0.509179
 0 0.490688
 0 0.432074
 0 0.471761
 0 0.426916
 0 0.479521
 0 0.551523
 0 0.455763
 0 0.272077
 0 0.450211
 0 0.335673
 0 0.466029
 0 0.409161
 0 0.495562
 0 0.572322
 0 0.299586
 0 0.330625
 0 0.543037
 0 0.309645
 0 0.533822
 0 0.432337
 0 0.319886
 0 0.245348
 0 0.294891
 0 0.431272
 0 0.551455
 0 0.430617
 0 0.284655
 0 0.501358
 0 0.44173
 0 0.400455
 0 0.487516
 0 0.273654
 0 0.305269
 0 0.582031
 0 0.541694
 0 0.377249
 0 0.349824
 0 0.574212
 0 0.403273
 0 0.512069
 0 0.39255
 0 0.364845
 0 0.489044
 0 0.369406
 0 0.531281
 0 0.387062
 0 0.399717
 0 0.492831
 0 0.319249
 0 0.598109
 0 0.563278
 0 0.50892
 0 0.490555
 0 0.451391
 0 0.134376
 0 0.432507
 0 0.548644
 0 0.469639
 0 0.360925
 0 0.342142
 0 0.47214
 0 0.512735
 0 0.171514
 0 0.189134
 0 0.525116
 0 0.365832
 0 0.474105
 0 0.255488
 0 0.499903
 0 0.660706
 0 0.242064
 0 0.321166
 0 0.405328
 0 0.269279
 0 0.46461
 0 0.50365
 0 0.399107
 0 0.363309
 0 0.449144
 0 0.500948
 0 0.257099
 0 0.352226
 0 0.593788
 0 0.649907
 0 0.486743
 0 0.662787
 0 0.477406
 0 0.37029
 0 0.589475
 0 0.393452
 0 0.266527
 0 0.412993
 0 0.679618
 0 0.375062
 0 0.453177
