535 1 0 0 1
 0 0.330018
 0 0.364795
 0 0.418737
 0 0.313495
 0 0.445523
 0 0.339123
 0 0.337129
 0 0.306297
 0 0.440231
 0 0.350173
 0 0.397373
 0 0.327406
 0 0.376329
 0 0.429303
 0 0.386144
 0 0.405444
 0 0.402723
 0 0.39296
 0 0.330736
 0 0.354763
 0 0.398404
 0 0.310985
 0 0.341892
 0 0.366845
 0 0.360427
 0 0.348214
 0 0.366659
 0 0.342575
 0 0.338463
 0 0.334414
 0 0.46116
 0 0.35473
 0 0.361686
 0 0.336925
 0 0.389134
 0 0.340031
 0 0.34987
 0 0.498883
 0 0.372232
 0 0.370781
 0 0.328494
 0 0.427
 0 0.356025
 0 0.347636
 0 0.427953
 0 0.321498
 0 0.267445
 0 0.356047
 0 0.3144
 0 0.42762
 0 0.447625
 0 0.407529
 0 0.434709
 0 0.333289
 0 0.300195
 0 0.334568
 0 0.349842
 0 0.360246
 0 0.335648
 0 0.310187
 0 0.343607
 0 0.418197
 0 0.341098
 0 0.416619
 0 0.38847
 0 0.458505
 0 0.376803
 0 0.464001
 0 0.455929
 0 0.376699
 0 0.322462
 0 0.400259
 0 0.333868
 0 0.432461
 0 0.353092
 0 0.394134
 0 0.35579
 0 0.354013
 0 0.424854
 0 0.410781
 0 0.421138
 0 0.444806
 0 0.429307
 0 0.413333
 0 0.364533
 0 0.328995
 0 0.433175
 0 0.413822
 0 0.345372
 0 0.388762
 0 0.359834
 0 0.412952
 0 0.351543
 0 0.378968
 0 0.418069
 0 0.368051
 0 0.277427
 0 0.4046
 0 0.379913
 0 0.359141
 0 0.385636
 0 0.437395
 0 0.395876
 0 0.431478
 0 0.277783
 0 0.411771
 0 0.270552
 0 0.382675
 0 0.495896
 0 0.373849
 0 0.298589
 0 0.395759
 0 0.279935
 0 0.267906
 0 0.329463
 0 0.414111
 0 0.397628
 0 0.244805
 0 0.474371
 0 0.335365
 0 0.333926
 0 0.314622
 0 0.396935
 0 0.38684
 0 0.2771
 0 0.424534
 0 0.360347
 0 0.327358
 0 0.384792
 0 0.37395
 0 0.438202
 0 0.42892
 0 0.385861
 0 0.345234
 0 0.333798
 0 0.427015
 0 0.392828
 0 0.377272
 0 0.489081
 0 0.339269
 0 0.409937
 0 0.373742
 0 0.422728
 0 0.397608
 0 0.297185
 0 0.389399
 0 0.282679
 0 0.432802
 0 0.405477
 0 0.374543
 0 0.407023
 0 0.334086
 0 0.306876
 0 0.395848
 0 0.42017
 0 0.362016
 0 0.412576
 0 0.379254
 0 0.378815
 0 0.488861
 0 0.41395
 0 0.328054
 0 0.421628
 0 0.347701
 0 0.430519
 0 0.33655
 0 0.302151
 0 0.426346
 0 0.490881
 0 0.337305
 0 0.313213
 0 0.436977
 0 0.376732
 0 0.448235
 0 0.277483
 0 0.316912
 0 0.4723
 0 0.264613
 0 0.393296
 0 0.436378
 0 0.410056
 0 0.388614
 0 0.352194
 0 0.426744
 0 0.391461
 0 0.386267
 0 0.361045
 0 0.352436
 0 0.373851
 0 0.322813
 0 0.412286
 0 0.395077
 0 0.431367
 0 0.364195
 0 0.391954
 0 0.397042
 0 0.375531
 0 0.379241
 0 0.357573
 0 0.417606
 0 0.537929
 0 0.399952
 0 0.360662
 0 0.372114
 0 0.367022
 0 0.32397
 0 0.330086
 0 0.336298
 0 0.285017
 0 0.430048
 0 0.487526
 0 0.389385
 0 0.358545
 0 0.415547
 0 0.376947
 0 0.289962
 0 0.35466
 0 0.299776
 0 0.359389
 0 0.293696
 0 0.394869
 0 0.441876
 0 0.462784
 0 0.401925
 0 0.38563
 0 0.369714
 0 0.444225
 0 0.391534
 0 0.274487
 0 0.367748
 0 0.419659
 0 0.358026
 0 0.397102
 0 0.381263
 0 0.366873
 0 0.34624
 0 0.272666
 0 0.404398
 0 0.478665
 0 0.433799
 0 0.35742
 0 0.303009
 0 0.435983
 0 0.350973
 0 0.400535
 0 0.318009
 0 0.420494
 0 0.434662
 0 0.443284
 0 0.382638
 0 0.405317
 0 0.321998
 0 0.312841
 0 0.344157
 0 0.287792
 0 0.464829
 0 0.377478
 0 0.377608
 0 0.405998
 0 0.407407
 0 0.363549
 0 0.388841
 0 0.350987
 0 0.312463
 0 0.353793
 0 0.381565
 0 0.397344
 0 0.479216
 0 0.465463
 0 0.413669
 0 0.521895
 0 0.385738
 0 0.445858
 0 0.427574
 0 0.460787
 0 0.366339
 0 0.399534
 0 0.335877
 0 0.402385
 0 0.331441
 0 0.433684
 0 0.416283
 0 0.31711
 0 0.347177
 0 0.389278
 0 0.331515
 0 0.251747
 0 0.252004
 0 0.333984
 0 0.375485
 0 0.389489
 0 0.392422
 0 0.407194
 0 0.403938
 0 0.382245
 0 0.449124
 0 0.34823
 0 0.422566
 0 0.452086
 0 0.35653
 0 0.395322
 0 0.338216
 0 0.304896
 0 0.334213
 0 0.330753
 0 0.419385
 0 0.431993
 0 0.433887
 0 0.468847
 0 0.305806
 0 0.379147
 0 0.304876
 0 0.438694
 0 0.461116
 0 0.378107
 0 0.346537
 0 0.280154
 0 0.337487
 0 0.28555
 0 0.385682
 0 0.441052
 0 0.39805
 0 0.399175
 0 0.358761
 0 0.4264
 0 0.382898
 0 0.271431
 0 0.276604
 0 0.231959
 0 0.386154
 0 0.539346
 0 0.52005
 0 0.284305
 0 0.397289
 0 0.43062
 0 0.395194
 0 0.405723
 0 0.374709
 0 0.433065
 0 0.312324
 0 0.331909
 0 0.41866
 0 0.383436
 0 0.328637
 0 0.372268
 0 0.330352
 0 0.3407
 0 0.370338
 0 0.33308
 0 0.2868
 0 0.37749
 0 0.343734
 0 0.324466
 0 0.421322
 0 0.436816
 0 0.332447
 0 0.333027
 0 0.448142
 0 0.398176
 0 0.277101
 0 0.327965
 0 0.378446
 0 0.45029
 0 0.435029
 0 0.260269
 0 0.356968
 0 0.332013
 0 0.389588
 0 0.413978
 0 0.460783
 0 0.319383
 0 0.375753
 0 0.403349
 0 0.403161
 0 0.346495
 0 0.383219
 0 0.382811
 0 0.316258
 0 0.29309
 0 0.364947
 0 0.329934
 0 0.432913
 0 0.307446
 0 0.320349
 0 0.371524
 0 0.41733
 0 0.23954
 0 0.339703
 0 0.501731
 0 0.459716
 0 0.335606
 0 0.368006
 0 0.284646
 0 0.464639
 0 0.342679
 0 0.418265
 0 0.412809
 0 0.428097
 0 0.423481
 0 0.352856
 0 0.437398
 0 0.399906
 0 0.30912
 0 0.42624
 0 0.362108
 0 0.255685
 0 0.386901
 0 0.475933
 0 0.329957
 0 0.37636
 0 0.297145
 0 0.333642
 0 0.3896
 0 0.570414
 0 0.43719
 0 0.260852
 0 0.474108
 0 0.414251
 0 0.373019
 0 0.384424
 0 0.375681
 0 0.415226
 0 0.425398
 0 0.296019
 0 0.409295
 0 0.340225
 0 0.331986
 0 0.406606
 0 0.346974
 0 0.44796
 0 0.258695
 0 0.415273
 0 0.326514
 0 0.54012
 0 0.371669
 0 0.401736
 0 0.344731
 0 0.423041
 0 0.394294
 0 0.461812
 0 0.404795
 0 0.339972
 0 0.422574
 0 0.354745
 0 0.287469
 0 0.426913
 0 0.368495
 0 0.40946
 0 0.468397
 0 0.430183
 0 0.472971
 0 0.423493
 0 0.378086
 0 0.401421
 0 0.492061
 0 0.391589
 0 0.361911
 0 0.465292
 0 0.50369
 0 0.470595
 0 0.349577
 0 0.407767
 0 0.395113
 0 0.386739
 0 0.31093
 0 0.436187
 0 0.379336
 0 0.367447
 0 0.480331
 0 0.434911
 0 0.436083
 0 0.415664
 0 0.374883
 0 0.481327
 0 0.409503
 0 0.279819
 0 0.3546
 0 0.334151
 0 0.441263
 0 0.490298
 0 0.409685
 0 0.437021
 0 0.395773
 0 0.410956
 0 0.424737
 0 0.323917
 0 0.387507
 0 0.385383
 0 0.237944
 0 0.393731
 0 0.371968
 0 0.41038
 0 0.322266
 0 0.364249
 0 0.38697
 0 0.46644
 0 0.433922
 0 0.357823
 0 0.291609
 0 0.27922
 0 0.334438
 0 0.445875
 0 0.350876
 0 0.376205
 0 0.445019
 0 0.38449
 0 0.452859
 0 0.331265
 0 0.364309
 0 0.43321
 0 0.416708
 0 0.36769
 0 0.288494
 0 0.435604
 0 0.43043
 0 0.468524
 0 0.44343
 0 0.441248
 0 0.312088
 0 0.327897
 0 0.320521
 0 0.358566
 0 0.413196
 0 0.326903
 0 0.347185
 0 0.405461
 0 0.303043
 0 0.444873
 0 0.369337
 0 0.312976
 0 0.272276
 0 0.464263
 0 0.427
 0 0.357672
 0 0.410688
