535 1 0 0 1
 0 0.385809
 0 0.383807
 0 0.387466
 0 0.431452
 0 0.541769
 0 0.434342
 0 0.361254
 0 0.419473
 0 0.548632
 0 0.50282
 0 0.357913
 0 0.309032
 0 0.376283
 0 0.354632
 0 0.447851
 0 0.345105
 0 0.409227
 0 0.486495
 0 0.393203
 0 0.43228
 0 0.395921
 0 0.442058
 0 0.429096
 0 0.406088
 0 0.438018
 0 0.340213
 0 0.492829
 0 0.553351
 0 0.393071
 0 0.309202
 0 0.440295
 0 0.30884
 0 0.321994
 0 0.462013
 0 0.334019
 0 0.564195
 0 0.50889
 0 0.399119
 0 0.264562
 0 0.314527
 0 0.289758
 0 0.231467
 0 0.477206
 0 0.572818
 0 0.572188
 0 0.414847
 0 0.344578
 0 0.353493
 0 0.367855
 0 0.372911
 0 0.22988
 0 0.548771
 0 0.467716
 0 0.375658
 0 0.409885
 0 0.40775
 0 0.322781
 0 0.434253
 0 0.374121
 0 0.448521
 0 0.438139
 0 0.42021
 0 0.279354
 0 0.485712
 0 0.52596
 0 0.322618
 0 0.409263
 0 0.501743
 0 0.228057
 0 0.426938
 0 0.280813
 0 0.408671
 0 0.401984
 0 0.448194
 0 0.6233
 0 0.362864
 0 0.423508
 0 0.417444
 0 0.339815
 0 0.465358
 0 0.430388
 0 0.56486
 0 0.468782
 0 0.388671
 0 0.48548
 0 0.267364
 0 0.385955
 0 0.502026
 0 0.218235
 0 0.535085
 0 0.406088
 0 0.608035
 0 0.544698
 0 0.38368
 0 0.535109
 0 0.351004
 0 0.352835
 0 0.367149
 0 0.470454
 0 0.380283
 0 0.425629
 0 0.229462
 0 0.414686
 0 0.460441
 0 0.255671
 0 0.436948
 0 0.471115
 0 0.407917
 0 0.524032
 0 0.284264
 0 0.299958
 0 0.466854
 0 0.458905
 0 0.339878
 0 0.352905
 0 0.471882
 0 0.488138
 0 0.289873
 0 0.400531
 0 0.352285
 0 0.512403
 0 0.378911
 0 0.649707
 0 0.520661
 0 0.389912
 0 0.466235
 0 0.523067
 0 0.384447
 0 0.481415
 0 0.489023
 0 0.314916
 0 0.341906
 0 0.616016
 0 0.583136
 0 0.415405
 0 0.565295
 0 0.452686
 0 0.19829
 0 0.521509
 0 0.560179
 0 0.394279
 0 0.401394
 0 0.33168
 0 0.361704
 0 0.416958
 0 0.333229
 0 0.311252
 0 0.352286
 0 0.401924
 0 0.342792
 0 0.447681
 0 0.350733
 0 0.456653
 0 0.326522
 0 0.331523
 0 0.306545
 0 0.340001
 0 0.422214
 0 0.507379
 0 0.45854
 0 0.59173
 0 0.413452
 0 0.525502
 0 0.402853
 0 0.424115
 0 0.37075
 0 0.400962
 0 0.279016
 0 0.387627
 0 0.401925
 0 0.323704
 0 0.341087
 0 0.369556
 0 0.315134
 0 0.514889
 0 0.450409
 0 0.487191
 0 0.407634
 0 0.457025
 0 0.323096
 0 0.361615
 0 0.437908
 0 0.377942
 0 0.43539
 0 0.448976
 0 0.583403
 0 0.331355
 0 0.468538
 0 0.445475
 0 0.440711
 0 0.358317
 0 0.376747
 0 0.419615
 0 0.429441
 0 0.424418
 0 0.415855
 0 0.48702
 0 0.557067
 0 0.53052
 0 0.400932
 0 0.517932
 0 0.321338
 0 0.300081
 0 0.369235
 0 0.504091
 0 0.387251
 0 0.37372
 0 0.446733
 0 0.39251
 0 0.460192
 0 0.415209
 0 0.320853
 0 0.411412
 0 0.497146
 0 0.53295
 0 0.372275
 0 0.506075
 0 0.608941
 0 0.478763
 0 0.398733
 0 0.420475
 0 0.439572
 0 0.369062
 0 0.502399
 0 0.350471
 0 0.344137
 0 0.377638
 0 0.479687
 0 0.308223
 0 0.446108
 0 0.473498
 0 0.454673
 0 0.367941
 0 0.548011
 0 0.370626
 0 0.445395
 0 0.413795
 0 0.479855
 0 0.539111
 0 0.417619
 0 0.387948
 0 0.460502
 0 0.473576
 0 0.423825
 0 0.482921
 0 0.459679
 0 0.404472
 0 0.373398
 0 0.404474
 0 0.431365
 0 0.577797
 0 0.399518
 0 0.423056
 0 0.446987
 0 0.478211
 0 0.290475
 0 0.362436
 0 0.276933
 0 0.409541
 0 0.454098
 0 0.553103
 0 0.592235
 0 0.412685
 0 0.467389
 0 0.391689
 0 0.258768
 0 0.434335
 0 0.289244
 0 0.235031
 0 0.490175
 0 0.512745
 0 0.37187
 0 0.486315
 0 0.520726
 0 0.434208
 0 0.583723
 0 0.467006
 0 0.447181
 0 0.309654
 0 0.436143
 0 0.336101
 0 0.309577
 0 0.352413
 0 0.407897
 0 0.390985
 0 0.480324
 0 0.270426
 0 0.469066
 0 0.381967
 0 0.35319
 0 0.412215
 0 0.416143
 0 0.543668
 0 0.421979
 0 0.411454
 0 0.352649
 0 0.419985
 0 0.415825
 0 0.42881
 0 0.472023
 0 0.463171
 0 0.364867
 0 0.423021
 0 0.528614
 0 0.343753
 0 0.50202
 0 0.29416
 0 0.445075
 0 0.459542
 0 0.383836
 0 0.41184
 0 0.356638
 0 0.406015
 0 0.544676
 0 0.455765
 0 0.234021
 0 0.384486
 0 0.358757
 0 0.423526
 0 0.428192
 0 0.402574
 0 0.409159
 0 0.355959
 0 0.414987
 0 0.350678
 0 0.356672
 0 0.383282
 0 0.470487
 0 0.272786
 0 0.541745
 0 0.482895
 0 0.373553
 0 0.543962
 0 0.375545
 0 0.348673
 0 0.334438
 0 0.447378
 0 0.508271
 0 0.372454
 0 0.446637
 0 0.3057
 0 0.408205
 0 0.498207
 0 0.477286
 0 0.343539
 0 0.403321
 0 0.329178
 0 0.436019
 0 0.499082
 0 0.348957
 0 0.428277
 0 0.519631
 0 0.453137
 0 0.338868
 0 0.266751
 0 0.528492
 0 0.506351
 0 0.679626
 0 0.423584
 0 0.481784
 0 0.285816
 0 0.428466
 0 0.48007
 0 0.412492
 0 0.172291
 0 0.424234
 0 0.386182
 0 0.283372
 0 0.31438
 0 0.605553
 0 0.261252
 0 0.260457
 0 0.378988
 0 0.325465
 0 0.494545
 0 0.51323
 0 0.57154
 0 0.322811
 0 0.635061
 0 0.354074
 0 0.390472
 0 0.321056
 0 0.344804
 0 0.443194
 0 0.523431
 0 0.327219
 0 0.376666
 0 0.570142
 0 0.443978
 0 0.593774
 0 0.433675
 0 0.502992
 0 0.479117
 0 0.523438
 0 0.449702
 0 0.357138
 0 0.389729
 0 0.377578
 0 0.503029
 0 0.380694
 0 0.418969
 0 0.498561
 0 0.509697
 0 0.524213
 0 0.59012
 0 0.382138
 0 0.402227
 0 0.553314
 0 0.456126
 0 0.438197
 0 0.486942
 0 0.329558
 0 0.592061
 0 0.418261
 0 0.372818
 0 0.271692
 0 0.362944
 0 0.431642
 0 0.422145
 0 0.263652
 0 0.289616
 0 0.439903
 0 0.345547
 0 0.410299
 0 0.334314
 0 0.462206
 0 0.376044
 0 0.562194
 0 0.208576
 0 0.507162
 0 0.460839
 0 0.463432
 0 0.616357
 0 0.440556
 0 0.401142
 0 0.381048
 0 0.409581
 0 0.372837
 0 0.499466
 0 0.328978
 0 0.350593
 0 0.374864
 0 0.467171
 0 0.461126
 0 0.437015
 0 0.26968
 0 0.300224
 0 0.487497
 0 0.530261
 0 0.38289
 0 0.461692
 0 0.595099
 0 0.44243
 0 0.535529
 0 0.332321
 0 0.449717
 0 0.585749
 0 0.223754
 0 0.450446
 0 0.343148
 0 0.37049
 0 0.326204
 0 0.320614
 0 0.400488
 0 0.547525
 0 0.492045
 0 0.496764
 0 0.549717
 0 0.418291
 0 0.40274
 0 0.453095
 0 0.367002
 0 0.479691
 0 0.408773
 0 0.577584
 0 0.35571
 0 0.421757
 0 0.394986
 0 0.471031
 0 0.347631
 0 0.324782
 0 0.320682
 0 0.383594
 0 0.352001
 0 0.415357
 0 0.372779
 0 0.502524
 0 0.513258
 0 0.24035
 0 0.329566
 0 0.493201
 0 0.378036
 0 0.432647
 0 0.39936
 0 0.437919
 0 0.436678
 0 0.437882
 0 0.268974
 0 0.37946
 0 0.346948
 0 0.493937
 0 0.455362
 0 0.285022
 0 0.34806
 0 0.470684
 0 0.526015
 0 0.501737
 0 0.409886
 0 0.404985
 0 0.490065
 0 0.546392
 0 0.468352
 0 0.505777
 0 0.380106
 0 0.464577
 0 0.545122
 0 0.527926
 0 0.514183
 0 0.452584
 0 0.275555
 0 0.374796
 0 0.521256
 0 0.476926
 0 0.370051
 0 0.360238
 0 0.538656
 0 0.284012
 0 0.397222
 0 0.461067
 0 0.403204
 0 0.349216
 0 0.477069
 0 0.355773
 0 0.496256
 0 0.402502
