535 1 0 0 1
 0 0.690068
 0 0.67695
 0 0.68785
 0 0.784376
 0 0.73644
 0 0.679882
 0 0.58651
 0 0.713886
 0 0.753304
 0 0.641234
 0 0.712004
 0 0.683716
 0 0.73212
 0 0.693384
 0 0.714938
 0 0.78725
 0 0.75989
 0 0.662706
 0 0.734782
 0 0.681136
 0 0.747538
 0 0.699838
 0 0.735676
 0 0.713724
 0 0.812596
 0 0.726738
 0 0.740694
 0 0.807814
 0 0.792192
 0 0.785012
 0 0.655474
 0 0.814908
 0 0.731586
 0 0.664826
 0 0.78249
 0 0.788144
 0 0.818914
 0 0.807084
 0 0.701392
 0 0.735152
 0 0.778388
 0 0.620222
 0 0.80035
 0 0.733924
 0 0.652258
 0 0.758032
 0 0.710294
 0 0.820032
 0 0.69045
 0 0.783208
 0 0.768842
 0 0.798898
 0 0.717136
 0 0.749362
 0 0.767408
 0 0.701714
 0 0.741566
 0 0.684926
 0 0.647776
 0 0.70037
 0 0.704094
 0 0.68847
 0 0.742482
 0 0.759906
 0 0.714496
 0 0.755716
 0 0.645112
 0 0.75623
 0 0.86309
 0 0.623706
 0 0.699886
 0 0.805096
 0 0.723906
 0 0.780716
 0 0.680638
 0 0.753928
 0 0.717154
 0 0.85179
 0 0.711078
 0 0.813116
 0 0.72344
 0 0.714414
 0 0.680104
 0 0.726802
 0 0.701084
 0 0.644268
 0 0.700014
 0 0.667512
 0 0.68122
 0 0.774798
 0 0.777758
 0 0.774848
 0 0.678798
 0 0.799318
 0 0.72359
 0 0.746136
 0 0.72205
 0 0.691236
 0 0.756634
 0 0.77427
 0 0.786144
 0 0.793024
 0 0.736168
 0 0.810576
 0 0.782108
 0 0.79564
 0 0.72911
 0 0.752156
 0 0.68525
 0 0.791376
 0 0.768998
 0 0.734934
 0 0.781818
 0 0.756334
 0 0.739276
 0 0.742866
 0 0.77704
 0 0.609646
 0 0.707702
 0 0.7089
 0 0.782234
 0 0.689842
 0 0.774944
 0 0.727856
 0 0.683652
 0 0.709756
 0 0.75839
 0 0.716866
 0 0.731902
 0 0.69778
 0 0.798608
 0 0.770516
 0 0.754036
 0 0.769052
 0 0.830296
 0 0.71161
 0 0.692504
 0 0.845082
 0 0.74813
 0 0.67501
 0 0.74421
 0 0.755474
 0 0.738458
 0 0.728534
 0 0.740762
 0 0.671978
 0 0.669296
 0 0.81235
 0 0.81053
 0 0.711524
 0 0.777564
 0 0.756772
 0 0.72429
 0 0.799486
 0 0.860658
 0 0.779026
 0 0.760768
 0 0.715402
 0 0.673142
 0 0.786146
 0 0.862086
 0 0.79073
 0 0.688144
 0 0.72437
 0 0.749346
 0 0.728848
 0 0.605036
 0 0.726834
 0 0.699482
 0 0.766378
 0 0.717908
 0 0.75602
 0 0.765732
 0 0.74533
 0 0.604078
 0 0.752286
 0 0.835234
 0 0.743778
 0 0.737864
 0 0.75495
 0 0.73064
 0 0.860556
 0 0.764978
 0 0.767444
 0 0.715666
 0 0.692954
 0 0.74872
 0 0.65283
 0 0.735954
 0 0.716726
 0 0.649526
 0 0.737184
 0 0.717122
 0 0.788786
 0 0.660318
 0 0.821812
 0 0.679742
 0 0.734964
 0 0.736044
 0 0.727602
 0 0.72071
 0 0.644722
 0 0.638428
 0 0.753806
 0 0.708704
 0 0.601134
 0 0.77204
 0 0.723518
 0 0.702146
 0 0.806062
 0 0.718726
 0 0.742504
 0 0.681882
 0 0.675302
 0 0.720272
 0 0.701374
 0 0.84473
 0 0.663334
 0 0.75767
 0 0.743134
 0 0.738172
 0 0.73967
 0 0.639408
 0 0.783778
 0 0.655604
 0 0.823174
 0 0.64528
 0 0.732708
 0 0.705896
 0 0.764796
 0 0.73601
 0 0.834416
 0 0.789964
 0 0.687002
 0 0.69276
 0 0.75149
 0 0.796558
 0 0.80715
 0 0.610066
 0 0.75577
 0 0.65531
 0 0.724854
 0 0.717528
 0 0.772782
 0 0.720174
 0 0.694812
 0 0.776868
 0 0.668802
 0 0.842668
 0 0.821584
 0 0.738812
 0 0.761722
 0 0.746358
 0 0.76648
 0 0.699974
 0 0.708158
 0 0.774248
 0 0.77063
 0 0.766144
 0 0.692218
 0 0.81138
 0 0.710392
 0 0.732578
 0 0.643334
 0 0.668804
 0 0.682752
 0 0.690918
 0 0.672586
 0 0.80942
 0 0.821202
 0 0.690202
 0 0.720612
 0 0.738246
 0 0.746616
 0 0.7869
 0 0.715216
 0 0.704786
 0 0.648296
 0 0.707588
 0 0.774256
 0 0.814854
 0 0.719224
 0 0.667458
 0 0.706004
 0 0.753056
 0 0.682848
 0 0.726692
 0 0.668638
 0 0.781046
 0 0.631068
 0 0.735558
 0 0.78976
 0 0.751236
 0 0.706838
 0 0.75175
 0 0.797848
 0 0.710606
 0 0.74462
 0 0.767964
 0 0.762008
 0 0.697874
 0 0.665776
 0 0.713324
 0 0.72094
 0 0.662156
 0 0.740008
 0 0.827814
 0 0.745246
 0 0.780048
 0 0.848478
 0 0.716274
 0 0.77247
 0 0.66943
 0 0.718728
 0 0.7504
 0 0.748578
 0 0.733438
 0 0.676978
 0 0.754368
 0 0.71821
 0 0.736444
 0 0.72637
 0 0.781418
 0 0.761082
 0 0.75657
 0 0.757064
 0 0.72288
 0 0.748256
 0 0.676076
 0 0.696578
 0 0.741968
 0 0.78033
 0 0.709648
 0 0.757866
 0 0.748356
 0 0.739812
 0 0.824218
 0 0.719074
 0 0.772484
 0 0.712936
 0 0.688298
 0 0.676388
 0 0.682176
 0 0.673374
 0 0.739002
 0 0.651592
 0 0.860844
 0 0.646398
 0 0.756482
 0 0.754978
 0 0.72109
 0 0.728852
 0 0.654234
 0 0.728998
 0 0.734312
 0 0.690398
 0 0.585062
 0 0.736424
 0 0.82391
 0 0.717716
 0 0.616564
 0 0.778744
 0 0.803776
 0 0.787114
 0 0.651226
 0 0.695146
 0 0.82331
 0 0.70303
 0 0.784904
 0 0.79821
 0 0.696142
 0 0.73684
 0 0.72602
 0 0.735452
 0 0.856
 0 0.6514
 0 0.70714
 0 0.742848
 0 0.746702
 0 0.739646
 0 0.751594
 0 0.712522
 0 0.798284
 0 0.668172
 0 0.649284
 0 0.800386
 0 0.826168
 0 0.709992
 0 0.770744
 0 0.708106
 0 0.766438
 0 0.773886
 0 0.723012
 0 0.832842
 0 0.684154
 0 0.816662
 0 0.651466
 0 0.784234
 0 0.750546
 0 0.718742
 0 0.704412
 0 0.705234
 0 0.817846
 0 0.819732
 0 0.797874
 0 0.827298
 0 0.744156
 0 0.809024
 0 0.781632
 0 0.675134
 0 0.714922
 0 0.689056
 0 0.716386
 0 0.710108
 0 0.799434
 0 0.683238
 0 0.698596
 0 0.783934
 0 0.735726
 0 0.66657
 0 0.657876
 0 0.705906
 0 0.68073
 0 0.76686
 0 0.711028
 0 0.800762
 0 0.788766
 0 0.80429
 0 0.81619
 0 0.703642
 0 0.677898
 0 0.73178
 0 0.622778
 0 0.779636
 0 0.704682
 0 0.728576
 0 0.754988
 0 0.76899
 0 0.818648
 0 0.741762
 0 0.765138
 0 0.750738
 0 0.687346
 0 0.727476
 0 0.711242
 0 0.848788
 0 0.727186
 0 0.806798
 0 0.738296
 0 0.684614
 0 0.792068
 0 0.804058
 0 0.73563
 0 0.74302
 0 0.723598
 0 0.75651
 0 0.702668
 0 0.768306
 0 0.703848
 0 0.768122
 0 0.723764
 0 0.70282
 0 0.79067
 0 0.674212
 0 0.691704
 0 0.712908
 0 0.612424
 0 0.6985
 0 0.641424
 0 0.734922
 0 0.74511
 0 0.81158
 0 0.688952
 0 0.7161
 0 0.702884
 0 0.729194
 0 0.644672
 0 0.748824
 0 0.751934
 0 0.723574
 0 0.655616
 0 0.768048
 0 0.701318
 0 0.701152
 0 0.833258
 0 0.860974
 0 0.709514
 0 0.692228
 0 0.679706
 0 0.777802
 0 0.643
 0 0.817604
 0 0.727596
 0 0.727932
 0 0.703004
 0 0.824218
 0 0.679602
 0 0.740242
 0 0.729238
 0 0.68428
 0 0.7749
 0 0.805458
 0 0.627424
 0 0.810098
 0 0.77432
 0 0.693246
 0 0.820158
 0 0.782694
 0 0.695648
 0 0.677094
 0 0.730168
 0 0.698676
 0 0.767798
 0 0.723812
 0 0.712946
 0 0.863968
 0 0.788542
 0 0.713552
 0 0.796378
 0 0.718396
 0 0.732726
 0 0.740408
 0 0.708552
 0 0.73449
 0 0.731272
 0 0.814452
 0 0.753854
 0 0.732888
 0 0.782794
 0 0.76407
 0 0.70971
 0 0.642104
 0 0.766898
 0 0.744054
 0 0.748488
