535 1 0 0 1
 0 -0.908604
 0 -0.759296
 0 -0.796614
 0 -0.822832
 0 -1.05602
 0 -0.843194
 0 -0.881856
 0 -0.638746
 0 -0.976296
 0 -0.774532
 0 -0.570054
 0 -0.706464
 0 -1.01065
 0 -1.03019
 0 -0.780118
 0 -0.79778
 0 -0.631534
 0 -0.734108
 0 -0.881602
 0 -0.841554
 0 -0.828228
 0 -0.637932
 0 -0.741968
 0 -0.850612
 0 -0.891598
 0 -0.717036
 0 -0.822496
 0 -0.919514
 0 -0.919744
 0 -0.73705
 0 -0.982618
 0 -0.87113
 0 -0.848346
 0 -0.86186
 0 -0.8521
 0 -0.783962
 0 -0.991836
 0 -0.972072
 0 -0.705378
 0 -0.712108
 0 -0.638094
 0 -0.714498
 0 -0.750352
 0 -0.97879
 0 -0.862594
 0 -0.767156
 0 -0.636092
 0 -0.775944
 0 -0.628046
 0 -0.92101
 0 -0.82132
 0 -0.997072
 0 -0.814134
 0 -0.980042
 0 -0.742482
 0 -0.660212
 0 -0.59055
 0 -0.814194
 0 -0.749258
 0 -0.785592
 0 -0.565528
 0 -0.752012
 0 -0.804978
 0 -0.831678
 0 -0.826156
 0 -1.01066
 0 -0.714566
 0 -0.860142
 0 -0.751226
 0 -0.848264
 0 -0.71256
 0 -0.803382
 0 -0.679986
 0 -0.69776
 0 -0.844612
 0 -0.635746
 0 -0.785366
 0 -0.753734
 0 -0.745098
 0 -0.896594
 0 -0.8011
 0 -0.929222
 0 -0.705346
 0 -0.881072
 0 -0.8624
 0 -0.759668
 0 -0.978658
 0 -0.76834
 0 -0.579602
 0 -0.638908
 0 -0.636802
 0 -0.861202
 0 -0.978194
 0 -0.762106
 0 -0.791102
 0 -0.886674
 0 -0.769122
 0 -0.846546
 0 -0.714106
 0 -0.709054
 0 -0.649656
 0 -0.865408
 0 -0.815734
 0 -0.800176
 0 -0.74937
 0 -0.78356
 0 -0.796146
 0 -0.965052
 0 -1.01254
 0 -0.863178
 0 -0.59965
 0 -0.84642
 0 -0.56082
 0 -0.667608
 0 -0.822742
 0 -0.714236
 0 -0.819966
 0 -0.614654
 0 -0.945932
 0 -0.89947
 0 -0.711126
 0 -0.907984
 0 -1.00933
 0 -0.716348
 0 -0.616312
 0 -0.940774
 0 -0.831626
 0 -0.616608
 0 -0.763808
 0 -0.868876
 0 -0.939004
 0 -0.774432
 0 -0.86952
 0 -0.888028
 0 -0.62029
 0 -0.794572
 0 -0.675016
 0 -0.848422
 0 -1.03243
 0 -0.777086
 0 -0.804236
 0 -0.776736
 0 -0.71007
 0 -0.663534
 0 -0.632792
 0 -0.705546
 0 -0.622432
 0 -0.869984
 0 -0.663186
 0 -0.810328
 0 -0.904694
 0 -0.799968
 0 -0.60493
 0 -0.774992
 0 -0.709944
 0 -0.826624
 0 -0.917
 0 -0.741222
 0 -0.832244
 0 -0.986454
 0 -0.913488
 0 -0.803056
 0 -0.777684
 0 -0.589044
 0 -0.844062
 0 -0.64388
 0 -0.553066
 0 -0.928574
 0 -0.950986
 0 -0.760772
 0 -0.593118
 0 -0.910994
 0 -0.928844
 0 -0.767916
 0 -0.552546
 0 -0.842058
 0 -0.92061
 0 -0.577338
 0 -0.723874
 0 -0.918862
 0 -0.635642
 0 -0.945986
 0 -0.836168
 0 -0.821516
 0 -0.84119
 0 -0.632674
 0 -0.62376
 0 -0.551224
 0 -0.830466
 0 -0.67191
 0 -0.798242
 0 -0.500878
 0 -0.747362
 0 -0.825028
 0 -0.724034
 0 -0.867578
 0 -0.839956
 0 -0.75447
 0 -0.86008
 0 -0.856606
 0 -0.965388
 0 -0.815148
 0 -0.75907
 0 -0.785398
 0 -0.909928
 0 -0.692962
 0 -0.773288
 0 -0.795454
 0 -0.650452
 0 -0.901514
 0 -0.866532
 0 -0.809896
 0 -0.685802
 0 -1.01459
 0 -0.797228
 0 -0.683862
 0 -0.757186
 0 -0.633276
 0 -0.830438
 0 -0.697572
 0 -0.731576
 0 -0.961044
 0 -0.744086
 0 -0.733788
 0 -0.896046
 0 -0.940118
 0 -0.881802
 0 -0.758614
 0 -0.63715
 0 -0.763238
 0 -0.80398
 0 -0.742064
 0 -0.571376
 0 -0.791912
 0 -0.737072
 0 -0.753734
 0 -0.704498
 0 -0.935798
 0 -0.865646
 0 -1.02218
 0 -0.853352
 0 -0.667826
 0 -0.963292
 0 -0.616174
 0 -0.95352
 0 -0.78557
 0 -0.731744
 0 -0.855148
 0 -0.930688
 0 -0.785266
 0 -0.93187
 0 -0.494498
 0 -0.465766
 0 -0.756094
 0 -0.691778
 0 -1.00266
 0 -0.970582
 0 -0.792812
 0 -0.797934
 0 -0.908538
 0 -0.885574
 0 -0.882496
 0 -0.735188
 0 -0.583392
 0 -0.851444
 0 -0.864224
 0 -0.90146
 0 -0.887594
 0 -0.724546
 0 -0.776408
 0 -0.875494
 0 -0.804028
 0 -1.0175
 0 -0.926714
 0 -0.949612
 0 -0.688666
 0 -0.814342
 0 -0.638554
 0 -0.768138
 0 -0.722288
 0 -0.93055
 0 -0.790604
 0 -0.85296
 0 -0.828318
 0 -0.865978
 0 -0.675726
 0 -0.604558
 0 -0.772958
 0 -0.760028
 0 -0.882824
 0 -0.869618
 0 -0.866768
 0 -0.630862
 0 -0.82158
 0 -0.821664
 0 -0.927276
 0 -0.776394
 0 -0.95762
 0 -0.752126
 0 -0.59339
 0 -0.787038
 0 -0.772362
 0 -0.73366
 0 -0.632644
 0 -0.660568
 0 -0.907986
 0 -0.64401
 0 -0.824148
 0 -0.883386
 0 -0.67175
 0 -0.63809
 0 -0.800738
 0 -1.0821
 0 -0.78324
 0 -0.77667
 0 -0.75266
 0 -0.66662
 0 -0.797434
 0 -0.6656
 0 -0.764686
 0 -0.951664
 0 -0.60999
 0 -0.912132
 0 -0.670136
 0 -0.798624
 0 -0.78889
 0 -0.700336
 0 -0.814116
 0 -0.619218
 0 -0.823008
 0 -0.960464
 0 -0.935364
 0 -0.761538
 0 -0.788578
 0 -0.876722
 0 -0.823718
 0 -0.833342
 0 -0.798282
 0 -0.992044
 0 -0.793648
 0 -0.853706
 0 -0.731954
 0 -0.916876
 0 -0.806362
 0 -0.853594
 0 -0.606432
 0 -0.711764
 0 -0.726584
 0 -0.600582
 0 -0.834372
 0 -0.65242
 0 -0.838478
 0 -0.796762
 0 -0.899546
 0 -0.819966
 0 -0.628574
 0 -0.63227
 0 -0.863978
 0 -0.844126
 0 -0.721352
 0 -0.69612
 0 -0.711874
 0 -0.82316
 0 -0.756126
 0 -0.708036
 0 -0.74141
 0 -0.68085
 0 -0.789328
 0 -0.728682
 0 -0.918686
 0 -0.743268
 0 -0.660538
 0 -0.669762
 0 -0.77838
 0 -0.932236
 0 -0.798098
 0 -0.768628
 0 -0.377122
 0 -0.692602
 0 -0.700114
 0 -0.65525
 0 -0.99894
 0 -0.789572
 0 -0.696608
 0 -0.743632
 0 -0.84006
 0 -0.52085
 0 -0.866866
 0 -0.929734
 0 -0.836658
 0 -0.647706
 0 -0.7148
 0 -0.543686
 0 -0.998004
 0 -0.852106
 0 -0.821956
 0 -0.847846
 0 -0.836514
 0 -0.923404
 0 -0.855116
 0 -0.936488
 0 -0.817824
 0 -0.711914
 0 -0.757808
 0 -0.888958
 0 -0.765466
 0 -0.76467
 0 -1.12283
 0 -0.717108
 0 -0.886482
 0 -0.863854
 0 -0.706692
 0 -0.907826
 0 -0.98182
 0 -0.734116
 0 -0.904102
 0 -0.991372
 0 -0.931206
 0 -0.831164
 0 -0.922748
 0 -0.69992
 0 -0.911624
 0 -0.806412
 0 -0.709324
 0 -0.909206
 0 -0.653512
 0 -0.85865
 0 -0.832568
 0 -0.842988
 0 -0.995498
 0 -0.613744
 0 -0.804192
 0 -0.709442
 0 -0.921908
 0 -0.604692
 0 -0.64185
 0 -0.832804
 0 -1.01351
 0 -0.718632
 0 -0.819978
 0 -0.806686
 0 -0.739972
 0 -0.87963
 0 -0.620404
 0 -0.786734
 0 -0.711346
 0 -0.767146
 0 -0.781154
 0 -0.934536
 0 -0.841562
 0 -0.695348
 0 -0.97014
 0 -0.824208
 0 -1.01129
 0 -0.936412
 0 -0.829
 0 -0.872208
 0 -0.759792
 0 -0.951594
 0 -0.842394
 0 -0.753924
 0 -0.812836
 0 -0.644504
 0 -0.926246
 0 -0.703002
 0 -0.884764
 0 -0.776074
 0 -0.810248
 0 -1.06924
 0 -1.01937
 0 -0.896286
 0 -0.679218
 0 -0.781368
 0 -0.915418
 0 -0.738996
 0 -0.831842
 0 -0.842118
 0 -0.797082
 0 -0.902442
 0 -0.846506
 0 -0.7802
 0 -0.903372
 0 -0.830454
 0 -0.769236
 0 -0.901488
 0 -0.702804
 0 -0.824722
 0 -0.723884
 0 -0.752196
 0 -0.800196
 0 -0.874324
 0 -0.664178
 0 -0.748894
 0 -0.84491
 0 -0.93417
 0 -1.03145
 0 -0.788122
 0 -0.679012
 0 -0.67187
 0 -0.564102
 0 -0.844028
 0 -1.02159
 0 -0.713206
 0 -0.773312
 0 -0.840636
 0 -0.915338
 0 -1.06698
 0 -0.702216
 0 -0.63136
 0 -1.01485
 0 -0.833154
 0 -0.87388
 0 -0.606168
 0 -0.865186
 0 -0.74088
 0 -0.916226
 0 -1.019
 0 -0.822172
 0 -0.57465
 0 -0.655312
 0 -0.645784
 0 -0.654348
 0 -0.674976
 0 -0.75664
 0 -0.774638
 0 -0.893282
 0 -0.593398
 0 -0.718024
 0 -0.777912
 0 -0.702178
 0 -0.635808
 0 -0.71761
 0 -1.08251
 0 -0.85356
 0 -0.802932
