535 1 0 0 1
 0 0.496635
 0 0.499628
 0 0.420923
 0 0.151883
 0 0.333008
 0 0.420257
 0 0.511831
 0 0.25578
 0 0.65403
 0 0.411572
 0 0.569763
 0 0.62317
 0 0.222462
 0 0.718022
 0 0.526412
 0 0.694111
 0 0.347496
 0 0.257932
 0 0.406164
 0 0.462182
 0 0.39691
 0 0.488104
 0 0.346341
 0 0.41049
 0 0.208924
 0 0.564678
 0 0.396384
 0 0.354025
 0 0.365145
 0 0.317149
 0 0.828516
 0 0.323198
 0 0.503951
 0 0.185657
 0 0.373112
 0 0.875515
 0 0.667721
 0 0.397385
 0 0.265264
 0 0.339874
 0 0.473268
 0 0.543546
 0 0.326016
 0 0.312304
 0 0.309473
 0 0.340545
 0 0.191787
 0 0.282756
 0 0.186774
 0 0.513001
 0 0.70047
 0 0.366499
 0 0.454633
 0 0.391889
 0 0.425572
 0 0.571691
 0 0.161322
 0 0.42531
 0 0.681851
 0 0.432328
 0 0.364125
 0 0.499361
 0 0.359012
 0 0.535091
 0 0.64659
 0 0.389992
 0 0.484901
 0 0.437949
 0 0.383744
 0 0.428098
 0 0.495424
 0 0.374962
 0 0.382847
 0 0.528989
 0 0.28587
 0 0.455421
 0 0.411812
 0 0.515816
 0 0.437657
 0 0.334724
 0 0.465034
 0 0.377916
 0 0.324133
 0 0.628396
 0 0.52628
 0 0.10943
 0 0.55659
 0 0.646269
 0 0.624767
 0 0.380213
 0 0.429686
 0 0.41874
 0 0.696428
 0 0.667351
 0 0.401985
 0 0.199668
 0 0.546641
 0 0.26729
 0 0.685435
 0 0.437169
 0 0.5042
 0 0.348678
 0 0.601047
 0 0.604304
 0 0.205446
 0 0.601208
 0 0.180382
 0 0.52467
 0 0.212286
 0 0.490955
 0 0.324081
 0 0.432719
 0 0.314647
 0 0.334888
 0 0.39348
 0 0.377519
 0 0.262716
 0 0.0407939
 0 0.349231
 0 0.3762
 0 0.430215
 0 0.285374
 0 0.638741
 0 0.501536
 0 0.39756
 0 0.14061
 0 0.57843
 0 0.507971
 0 0.479865
 0 0.299334
 0 0.413581
 0 0.517451
 0 0.61212
 0 0.380599
 0 0.448617
 0 0.555012
 0 0.412147
 0 0.297257
 0 0.331498
 0 0.452773
 0 0.285211
 0 0.494987
 0 0.533192
 0 0.65021
 0 0.391524
 0 0.442541
 0 0.600476
 0 0.655924
 0 0.350051
 0 0.323501
 0 0.599881
 0 0.3502
 0 0.413573
 0 0.229562
 0 0.699431
 0 0.307665
 0 0.616808
 0 0.364322
 0 0.365643
 0 0.38789
 0 0.393984
 0 0.33824
 0 0.441931
 0 0.408276
 0 0.535515
 0 0.216665
 0 0.391643
 0 0.270146
 0 0.575788
 0 0.611515
 0 0.659544
 0 0.369873
 0 0.744975
 0 0.4189
 0 0.522927
 0 0.452573
 0 0.522745
 0 0.442792
 0 0.461134
 0 0.358443
 0 0.622087
 0 0.221981
 0 0.520124
 0 0.443778
 0 0.371712
 0 0.407451
 0 0.262553
 0 0.360468
 0 0.536359
 0 0.490393
 0 0.560764
 0 0.462508
 0 0.412511
 0 0.545013
 0 0.319731
 0 0.208507
 0 0.394344
 0 0.31495
 0 0.448836
 0 0.594672
 0 0.167624
 0 0.402111
 0 0.554502
 0 0.60936
 0 0.698249
 0 0.278545
 0 0.352707
 0 0.412595
 0 0.368284
 0 0.332428
 0 0.241237
 0 0.585784
 0 0.39316
 0 0.421548
 0 0.41351
 0 0.52169
 0 0.536749
 0 0.234673
 0 0.346884
 0 0.40441
 0 0.525827
 0 0.476064
 0 0.346211
 0 0.673267
 0 0.573889
 0 0.635808
 0 0.388898
 0 0.569442
 0 0.467537
 0 0.553022
 0 0.236981
 0 0.429995
 0 0.437924
 0 0.576071
 0 0.410741
 0 0.375877
 0 0.325526
 0 0.496608
 0 0.634215
 0 0.211834
 0 0.285491
 0 0.513857
 0 0.549959
 0 0.370269
 0 0.518513
 0 0.273751
 0 0.447011
 0 0.330083
 0 0.515806
 0 0.36465
 0 0.455731
 0 0.352186
 0 0.603007
 0 0.532536
 0 0.462216
 0 0.514014
 0 0.3411
 0 0.677548
 0 0.424855
 0 0.640763
 0 0.461398
 0 0.229908
 0 0.321614
 0 0.287581
 0 0.483991
 0 0.427541
 0 0.525689
 0 0.504857
 0 0.452292
 0 0.529029
 0 0.599228
 0 0.218888
 0 0.618148
 0 0.357955
 0 0.285228
 0 0.262035
 0 0.42437
 0 0.341359
 0 0.3156
 0 0.454287
 0 0.493686
 0 0.394496
 0 0.432434
 0 0.413536
 0 0.29654
 0 0.342828
 0 0.554381
 0 0.4471
 0 0.277545
 0 0.500106
 0 0.179992
 0 0.620244
 0 0.382723
 0 0.60555
 0 0.360634
 0 0.633132
 0 0.203089
 0 0.398149
 0 0.758766
 0 0.336067
 0 0.306496
 0 0.329039
 0 0.441923
 0 0.30086
 0 0.246748
 0 0.49111
 0 0.674584
 0 0.538408
 0 0.432284
 0 0.498766
 0 0.208082
 0 0.699866
 0 0.530058
 0 0.308517
 0 0.533584
 0 0.26757
 0 0.557655
 0 0.459425
 0 0.248123
 0 0.598994
 0 0.44231
 0 0.250479
 0 0.399887
 0 0.527422
 0 0.344306
 0 0.298134
 0 0.583835
 0 0.554689
 0 0.329247
 0 0.474089
 0 0.380352
 0 0.457539
 0 0.518068
 0 0.489872
 0 0.508536
 0 0.386086
 0 0.519127
 0 0.534156
 0 0.748622
 0 0.0934035
 0 0.353394
 0 0.411175
 0 0.471038
 0 0.28573
 0 0.376849
 0 0.289596
 0 0.424408
 0 0.384867
 0 0.756896
 0 0.477182
 0 0.753569
 0 0.14579
 0 0.544934
 0 0.534881
 0 0.630002
 0 0.365632
 0 0.503823
 0 0.645652
 0 0.511657
 0 0.426337
 0 0.274176
 0 0.53486
 0 0.342995
 0 0.604883
 0 0.250536
 0 0.323528
 0 0.459647
 0 0.592734
 0 0.468099
 0 0.639078
 0 0.206242
 0 0.514021
 0 0.283062
 0 0.356069
 0 0.103247
 0 0.51087
 0 0.581299
 0 0.206429
 0 0.466098
 0 0.188657
 0 0.564504
 0 0.573063
 0 0.395537
 0 0.191238
 0 0.41942
 0 0.427675
 0 -0.00604211
 0 0.694643
 0 0.43537
 0 0.643428
 0 0.406359
 0 0.489331
 0 0.25826
 0 0.570469
 0 0.352604
 0 0.250252
 0 0.343175
 0 0.465779
 0 0.44819
 0 0.442151
 0 0.538149
 0 0.47919
 0 0.4359
 0 0.430984
 0 0.354266
 0 0.380711
 0 0.460757
 0 0.453153
 0 0.547676
 0 0.628065
 0 0.401278
 0 0.28602
 0 0.50215
 0 0.702728
 0 0.544314
 0 0.462939
 0 0.255925
 0 0.321754
 0 0.618303
 0 -0.138831
 0 0.307511
 0 0.307675
 0 0.429004
 0 0.328232
 0 0.611502
 0 0.370651
 0 0.484043
 0 0.506321
 0 0.406484
 0 0.574491
 0 0.336822
 0 0.201501
 0 0.509712
 0 0.499021
 0 0.554923
 0 0.368521
 0 0.224072
 0 0.53155
 0 0.242207
 0 0.52715
 0 0.557231
 0 0.386604
 0 0.426613
 0 0.533905
 0 0.46179
 0 0.569413
 0 0.490085
 0 0.25001
 0 0.49457
 0 0.265267
 0 0.325007
 0 0.378142
 0 0.336643
 0 0.652117
 0 0.303548
 0 0.467409
 0 0.585078
 0 0.384591
 0 0.587393
 0 0.585441
 0 0.668172
 0 0.24939
 0 0.277767
 0 0.289194
 0 0.437715
 0 0.248447
 0 0.236077
 0 0.526013
 0 0.348028
 0 0.434048
 0 0.354467
 0 0.195861
 0 0.514139
 0 0.602981
 0 0.443072
 0 0.256393
 0 0.53625
 0 0.382387
 0 0.483043
 0 0.563765
 0 0.254593
 0 0.571644
 0 0.655244
 0 0.450829
 0 0.660737
 0 0.304587
 0 0.535649
 0 0.405967
 0 0.355408
 0 0.38718
 0 0.335759
 0 0.529632
 0 0.646808
 0 0.539429
 0 0.207628
 0 0.448562
 0 0.502314
 0 0.397723
 0 0.397054
 0 0.25812
 0 0.537603
 0 0.648645
 0 0.41737
 0 0.371433
 0 0.577557
 0 0.530478
 0 0.405635
 0 0.453905
 0 0.512993
 0 0.75992
 0 0.373822
 0 0.519448
 0 0.402612
 0 0.281535
 0 0.425168
 0 0.526082
 0 0.547792
 0 0.531816
 0 0.371644
 0 0.390738
 0 0.362148
 0 0.656823
 0 0.501431
 0 0.480448
 0 0.493295
 0 0.831089
 0 0.442857
 0 0.338211
 0 0.621304
 0 0.421409
 0 0.532017
 0 0.404504
 0 0.560149
 0 0.453879
 0 0.60607
