535 1 0 0 1
 0 0.344042
 0 0.308901
 0 0.382992
 0 0.390693
 0 0.375815
 0 0.357911
 0 0.289695
 0 0.344715
 0 0.377063
 0 0.311773
 0 0.360428
 0 0.345047
 0 0.360351
 0 0.324947
 0 0.349071
 0 0.387026
 0 0.382289
 0 0.345632
 0 0.372735
 0 0.317466
 0 0.366153
 0 0.354986
 0 0.367706
 0 0.365707
 0 0.384353
 0 0.357103
 0 0.355378
 0 0.433724
 0 0.359039
 0 0.420095
 0 0.352711
 0 0.420612
 0 0.355983
 0 0.34559
 0 0.390031
 0 0.377357
 0 0.391941
 0 0.440804
 0 0.337321
 0 0.373168
 0 0.358616
 0 0.327539
 0 0.404482
 0 0.395945
 0 0.312896
 0 0.38563
 0 0.347691
 0 0.41445
 0 0.354944
 0 0.37525
 0 0.397496
 0 0.405904
 0 0.362004
 0 0.357276
 0 0.37815
 0 0.353682
 0 0.380234
 0 0.340489
 0 0.31992
 0 0.34976
 0 0.357392
 0 0.324594
 0 0.363528
 0 0.359276
 0 0.343664
 0 0.347617
 0 0.315767
 0 0.387246
 0 0.432724
 0 0.325947
 0 0.34622
 0 0.414092
 0 0.340865
 0 0.398535
 0 0.365313
 0 0.402941
 0 0.36912
 0 0.430987
 0 0.346253
 0 0.401926
 0 0.355083
 0 0.367144
 0 0.330052
 0 0.349992
 0 0.345555
 0 0.314685
 0 0.336152
 0 0.355406
 0 0.348807
 0 0.384308
 0 0.393642
 0 0.406615
 0 0.315875
 0 0.40049
 0 0.365861
 0 0.357568
 0 0.358116
 0 0.35052
 0 0.388845
 0 0.375527
 0 0.362563
 0 0.379186
 0 0.317579
 0 0.418549
 0 0.374721
 0 0.405856
 0 0.352897
 0 0.377676
 0 0.352425
 0 0.403213
 0 0.387935
 0 0.375565
 0 0.381381
 0 0.403496
 0 0.365117
 0 0.388607
 0 0.390784
 0 0.281576
 0 0.399602
 0 0.333765
 0 0.375772
 0 0.368737
 0 0.353875
 0 0.356973
 0 0.351182
 0 0.389824
 0 0.35872
 0 0.361493
 0 0.362203
 0 0.350656
 0 0.387228
 0 0.391028
 0 0.376478
 0 0.3652
 0 0.44807
 0 0.294349
 0 0.30813
 0 0.423514
 0 0.345864
 0 0.358806
 0 0.371639
 0 0.391488
 0 0.357065
 0 0.363856
 0 0.353342
 0 0.335309
 0 0.351109
 0 0.380155
 0 0.41665
 0 0.310329
 0 0.363147
 0 0.38987
 0 0.321638
 0 0.365509
 0 0.445354
 0 0.380798
 0 0.392559
 0 0.33271
 0 0.305814
 0 0.416359
 0 0.421577
 0 0.406723
 0 0.359434
 0 0.390694
 0 0.375446
 0 0.368225
 0 0.253676
 0 0.354847
 0 0.372035
 0 0.38541
 0 0.327367
 0 0.388832
 0 0.377567
 0 0.35277
 0 0.306603
 0 0.385799
 0 0.422982
 0 0.377666
 0 0.366437
 0 0.345168
 0 0.381993
 0 0.4654
 0 0.400376
 0 0.402332
 0 0.391108
 0 0.311592
 0 0.355083
 0 0.353138
 0 0.371419
 0 0.36958
 0 0.335103
 0 0.373566
 0 0.359742
 0 0.429185
 0 0.340212
 0 0.418304
 0 0.331342
 0 0.356343
 0 0.348379
 0 0.366521
 0 0.355077
 0 0.298947
 0 0.326329
 0 0.386731
 0 0.331675
 0 0.300231
 0 0.408468
 0 0.356897
 0 0.308606
 0 0.380059
 0 0.394942
 0 0.376003
 0 0.353802
 0 0.351486
 0 0.383085
 0 0.40198
 0 0.417693
 0 0.281437
 0 0.370131
 0 0.401945
 0 0.370326
 0 0.345942
 0 0.320927
 0 0.418302
 0 0.352037
 0 0.426334
 0 0.36235
 0 0.414818
 0 0.346688
 0 0.395035
 0 0.380555
 0 0.417244
 0 0.374636
 0 0.345033
 0 0.312922
 0 0.364424
 0 0.395777
 0 0.394193
 0 0.303049
 0 0.391933
 0 0.344602
 0 0.367774
 0 0.372146
 0 0.371899
 0 0.346877
 0 0.342379
 0 0.359429
 0 0.319471
 0 0.410076
 0 0.397707
 0 0.384294
 0 0.400519
 0 0.387767
 0 0.406346
 0 0.35896
 0 0.36935
 0 0.391751
 0 0.388725
 0 0.397926
 0 0.350538
 0 0.399108
 0 0.337595
 0 0.358825
 0 0.305414
 0 0.344849
 0 0.319045
 0 0.358915
 0 0.333498
 0 0.423084
 0 0.396629
 0 0.379374
 0 0.348074
 0 0.323286
 0 0.346137
 0 0.388688
 0 0.339904
 0 0.350914
 0 0.318654
 0 0.353972
 0 0.390141
 0 0.425983
 0 0.374791
 0 0.338575
 0 0.389927
 0 0.393385
 0 0.358183
 0 0.417401
 0 0.362862
 0 0.397374
 0 0.354786
 0 0.37942
 0 0.411545
 0 0.363273
 0 0.39291
 0 0.36297
 0 0.431778
 0 0.387708
 0 0.345335
 0 0.369894
 0 0.365292
 0 0.360035
 0 0.324579
 0 0.335176
 0 0.377259
 0 0.365471
 0 0.356034
 0 0.389784
 0 0.363586
 0 0.400862
 0 0.424872
 0 0.35776
 0 0.406236
 0 0.347639
 0 0.376699
 0 0.367216
 0 0.364309
 0 0.376361
 0 0.360044
 0 0.362947
 0 0.425855
 0 0.361388
 0 0.393625
 0 0.358681
 0 0.378345
 0 0.380655
 0 0.387686
 0 0.354431
 0 0.38591
 0 0.334849
 0 0.356485
 0 0.35747
 0 0.390988
 0 0.399388
 0 0.403789
 0 0.353503
 0 0.349014
 0 0.43289
 0 0.344505
 0 0.364354
 0 0.346349
 0 0.360412
 0 0.321535
 0 0.346954
 0 0.352617
 0 0.374672
 0 0.336438
 0 0.426846
 0 0.323127
 0 0.406985
 0 0.360796
 0 0.338465
 0 0.367746
 0 0.343073
 0 0.377926
 0 0.359142
 0 0.379598
 0 0.315297
 0 0.376502
 0 0.396006
 0 0.343095
 0 0.332568
 0 0.407503
 0 0.416627
 0 0.417999
 0 0.326873
 0 0.366058
 0 0.396347
 0 0.373059
 0 0.408812
 0 0.429463
 0 0.357799
 0 0.367088
 0 0.329693
 0 0.353449
 0 0.406871
 0 0.313961
 0 0.356285
 0 0.355553
 0 0.386794
 0 0.3525
 0 0.453192
 0 0.340233
 0 0.395289
 0 0.326706
 0 0.335227
 0 0.407346
 0 0.431117
 0 0.358586
 0 0.349174
 0 0.344706
 0 0.357213
 0 0.349672
 0 0.381716
 0 0.393147
 0 0.381791
 0 0.407403
 0 0.323378
 0 0.38744
 0 0.380599
 0 0.353844
 0 0.359893
 0 0.355218
 0 0.398279
 0 0.4093
 0 0.391349
 0 0.419297
 0 0.367342
 0 0.40772
 0 0.403679
 0 0.381444
 0 0.357842
 0 0.337896
 0 0.368021
 0 0.322576
 0 0.400174
 0 0.348239
 0 0.356967
 0 0.395002
 0 0.342806
 0 0.299121
 0 0.333204
 0 0.356435
 0 0.362634
 0 0.403012
 0 0.331156
 0 0.400816
 0 0.354542
 0 0.389284
 0 0.390268
 0 0.350431
 0 0.317257
 0 0.386146
 0 0.272883
 0 0.323651
 0 0.360617
 0 0.368767
 0 0.379581
 0 0.373483
 0 0.406998
 0 0.344724
 0 0.357038
 0 0.407019
 0 0.359959
 0 0.343212
 0 0.368013
 0 0.41679
 0 0.365908
 0 0.422173
 0 0.39878
 0 0.363897
 0 0.416147
 0 0.423169
 0 0.390302
 0 0.382643
 0 0.388801
 0 0.367475
 0 0.364405
 0 0.399216
 0 0.338797
 0 0.402758
 0 0.33117
 0 0.366191
 0 0.385157
 0 0.340499
 0 0.370714
 0 0.369166
 0 0.323295
 0 0.382427
 0 0.312109
 0 0.394628
 0 0.384489
 0 0.440014
 0 0.364845
 0 0.409635
 0 0.337911
 0 0.367247
 0 0.310549
 0 0.3962
 0 0.365283
 0 0.363754
 0 0.333154
 0 0.389361
 0 0.341793
 0 0.388612
 0 0.42394
 0 0.438281
 0 0.346679
 0 0.356322
 0 0.349583
 0 0.373888
 0 0.309866
 0 0.411672
 0 0.367388
 0 0.358427
 0 0.328649
 0 0.383314
 0 0.32024
 0 0.381524
 0 0.384159
 0 0.284049
 0 0.390387
 0 0.395624
 0 0.291596
 0 0.401389
 0 0.373264
 0 0.358093
 0 0.400185
 0 0.386293
 0 0.295494
 0 0.313909
 0 0.352327
 0 0.366066
 0 0.342477
 0 0.330578
 0 0.318801
 0 0.451933
 0 0.431415
 0 0.362688
 0 0.408348
 0 0.349193
 0 0.344579
 0 0.388545
 0 0.356588
 0 0.375973
 0 0.391236
 0 0.414317
 0 0.406566
 0 0.377994
 0 0.379625
 0 0.415404
 0 0.355028
 0 0.325055
 0 0.373348
 0 0.35919
 0 0.363782
