535 1 0 0 1
 0 -0.982014
 0 -0.827235
 0 -0.656485
 0 -0.834722
 0 -1.20085
 0 -0.860403
 0 -0.926849
 0 -0.788059
 0 -0.99032
 0 -0.879968
 0 -0.800141
 0 -0.617484
 0 -0.966285
 0 -0.974762
 0 -0.590984
 0 -0.648955
 0 -0.680739
 0 -0.822389
 0 -0.809954
 0 -1.06569
 0 -0.817676
 0 -0.861994
 0 -0.899989
 0 -0.836797
 0 -0.870015
 0 -0.939348
 0 -0.73155
 0 -1.05729
 0 -0.872017
 0 -0.741219
 0 -0.648101
 0 -0.6762
 0 -0.907624
 0 -0.88158
 0 -0.797484
 0 -0.797494
 0 -0.764332
 0 -1.00261
 0 -0.755118
 0 -0.63329
 0 -0.620219
 0 -0.736171
 0 -0.985768
 0 -1.0156
 0 -1.04415
 0 -0.784337
 0 -0.619545
 0 -0.770516
 0 -0.767219
 0 -0.897485
 0 -0.694351
 0 -0.935911
 0 -0.982588
 0 -1.08246
 0 -0.665405
 0 -0.849436
 0 -0.52734
 0 -0.880026
 0 -0.826372
 0 -0.867449
 0 -0.576007
 0 -0.865285
 0 -0.662989
 0 -0.774913
 0 -0.908513
 0 -1.05665
 0 -0.731137
 0 -1.07426
 0 -0.571667
 0 -0.938485
 0 -0.663393
 0 -0.823373
 0 -0.75254
 0 -0.923511
 0 -0.794119
 0 -0.654873
 0 -0.649792
 0 -0.928142
 0 -0.794002
 0 -1.11376
 0 -0.943696
 0 -0.976099
 0 -0.88172
 0 -0.717807
 0 -1.32775
 0 -0.554001
 0 -1.30588
 0 -1.08095
 0 -0.560426
 0 -0.888612
 0 -0.69472
 0 -1.12127
 0 -0.753646
 0 -0.844365
 0 -1.03967
 0 -1.0022
 0 -0.707197
 0 -1.015
 0 -0.934923
 0 -0.864349
 0 -0.930304
 0 -0.713257
 0 -1.00242
 0 -0.892853
 0 -0.529134
 0 -0.832702
 0 -0.852483
 0 -1.01633
 0 -1.2614
 0 -0.727924
 0 -0.442427
 0 -0.841961
 0 -0.645926
 0 -0.573568
 0 -0.69534
 0 -0.659599
 0 -0.995529
 0 -0.728981
 0 -1.17665
 0 -0.901681
 0 -0.759573
 0 -0.710902
 0 -0.995672
 0 -0.930183
 0 -0.524314
 0 -0.963805
 0 -0.995214
 0 -0.632606
 0 -1.10053
 0 -0.905101
 0 -1.08195
 0 -0.968507
 0 -0.859475
 0 -0.767315
 0 -0.600877
 0 -0.785458
 0 -0.807979
 0 -0.675759
 0 -0.969498
 0 -0.877404
 0 -0.849775
 0 -0.711481
 0 -0.801845
 0 -0.547291
 0 -0.678645
 0 -0.738674
 0 -0.745746
 0 -0.914067
 0 -0.891757
 0 -0.846574
 0 -0.872378
 0 -0.764845
 0 -0.565099
 0 -0.868744
 0 -0.794932
 0 -0.938921
 0 -0.832952
 0 -0.749041
 0 -1.00911
 0 -0.896939
 0 -1.16081
 0 -0.987639
 0 -0.665293
 0 -0.663219
 0 -0.714791
 0 -0.982477
 0 -0.47715
 0 -0.803966
 0 -1.11807
 0 -0.689132
 0 -0.896163
 0 -0.784023
 0 -0.72265
 0 -0.649456
 0 -0.502041
 0 -0.932351
 0 -1.02284
 0 -0.824937
 0 -0.733635
 0 -0.893596
 0 -0.648751
 0 -0.962906
 0 -0.966129
 0 -0.928773
 0 -0.850692
 0 -0.797063
 0 -0.876575
 0 -0.939165
 0 -0.862407
 0 -0.771875
 0 -0.881871
 0 -0.711459
 0 -0.999466
 0 -0.881173
 0 -0.955006
 0 -0.849639
 0 -0.911657
 0 -1.09082
 0 -0.837198
 0 -1.01941
 0 -1.11291
 0 -0.872955
 0 -0.728817
 0 -0.833964
 0 -1.18151
 0 -0.834656
 0 -0.910066
 0 -0.734483
 0 -0.667075
 0 -0.885557
 0 -0.798252
 0 -0.719517
 0 -0.86592
 0 -1.14526
 0 -1.1541
 0 -0.886871
 0 -0.877759
 0 -0.836779
 0 -0.959974
 0 -0.855129
 0 -0.919483
 0 -0.930696
 0 -0.832381
 0 -0.866772
 0 -0.650745
 0 -0.822662
 0 -0.822151
 0 -0.881163
 0 -0.751897
 0 -1.07042
 0 -0.99652
 0 -0.770444
 0 -0.501133
 0 -1.09188
 0 -0.935644
 0 -0.892483
 0 -0.794199
 0 -1.08857
 0 -0.952113
 0 -1.01048
 0 -0.618767
 0 -0.748571
 0 -1.01644
 0 -0.702684
 0 -0.975329
 0 -1.00485
 0 -0.666921
 0 -0.846681
 0 -0.652022
 0 -0.887144
 0 -0.973602
 0 -0.473268
 0 -0.861407
 0 -0.943967
 0 -1.00044
 0 -0.975095
 0 -0.956314
 0 -0.68911
 0 -0.919321
 0 -0.97646
 0 -0.925311
 0 -1.06427
 0 -0.767523
 0 -0.662201
 0 -0.768516
 0 -0.873756
 0 -0.845375
 0 -0.839046
 0 -0.737277
 0 -0.693002
 0 -1.0238
 0 -1.08153
 0 -1.09236
 0 -1.1526
 0 -0.974136
 0 -0.943433
 0 -1.14359
 0 -0.6553
 0 -0.745545
 0 -0.8256
 0 -0.831513
 0 -0.609171
 0 -0.760955
 0 -0.690943
 0 -0.835046
 0 -0.90373
 0 -0.566023
 0 -0.702329
 0 -0.933468
 0 -0.993909
 0 -1.05992
 0 -0.941033
 0 -0.803487
 0 -0.941109
 0 -0.738507
 0 -0.992264
 0 -0.971319
 0 -1.13959
 0 -0.933675
 0 -0.741728
 0 -1.08255
 0 -0.698122
 0 -0.951532
 0 -0.762027
 0 -0.853599
 0 -0.751045
 0 -0.457868
 0 -0.829536
 0 -1.09667
 0 -0.820057
 0 -0.46987
 0 -0.788471
 0 -1.13628
 0 -1.03072
 0 -0.92331
 0 -0.598522
 0 -0.902644
 0 -0.72869
 0 -0.859223
 0 -0.856102
 0 -0.901833
 0 -0.764587
 0 -0.79407
 0 -0.796347
 0 -0.736959
 0 -0.8671
 0 -0.594786
 0 -0.713828
 0 -0.398025
 0 -1.07267
 0 -1.09733
 0 -1.04326
 0 -0.835646
 0 -0.563933
 0 -0.938319
 0 -0.91435
 0 -0.865297
 0 -1.03983
 0 -0.972095
 0 -1.03604
 0 -0.922158
 0 -0.959371
 0 -0.896978
 0 -0.93603
 0 -0.826885
 0 -0.947675
 0 -0.923585
 0 -0.566089
 0 -0.741291
 0 -0.854917
 0 -0.676017
 0 -1.07263
 0 -0.841384
 0 -0.859241
 0 -1.03831
 0 -0.760086
 0 -0.87771
 0 -1.15085
 0 -0.825693
 0 -0.741316
 0 -0.555058
 0 -0.616503
 0 -0.93423
 0 -0.714649
 0 -0.418701
 0 -0.849764
 0 -0.667528
 0 -0.876318
 0 -0.738764
 0 -1.24223
 0 -0.426375
 0 -0.46949
 0 -0.564793
 0 -0.907914
 0 -1.08298
 0 -0.730069
 0 -0.809453
 0 -0.697363
 0 -0.735372
 0 -0.864628
 0 -0.684858
 0 -1.12834
 0 -0.813787
 0 -0.90799
 0 -0.871803
 0 -0.735785
 0 -0.618724
 0 -1.05597
 0 -1.24833
 0 -0.847771
 0 -0.873368
 0 -0.772378
 0 -0.794495
 0 -0.984756
 0 -1.10611
 0 -0.868629
 0 -0.575742
 0 -0.719913
 0 -0.873579
 0 -0.850173
 0 -0.781325
 0 -0.74444
 0 -0.664477
 0 -0.980566
 0 -0.886372
 0 -0.68286
 0 -0.883364
 0 -1.18309
 0 -1.02284
 0 -0.804881
 0 -0.798562
 0 -0.730349
 0 -0.990004
 0 -0.840813
 0 -0.62447
 0 -0.99188
 0 -0.891923
 0 -0.988981
 0 -0.908171
 0 -0.84418
 0 -0.650024
 0 -0.840171
 0 -1.00644
 0 -0.598621
 0 -1.04964
 0 -0.734684
 0 -0.776199
 0 -1.02491
 0 -0.844238
 0 -1.1528
 0 -0.825481
 0 -0.781052
 0 -1.07581
 0 -1.00156
 0 -0.637394
 0 -0.70966
 0 -0.767295
 0 -0.857412
 0 -0.92822
 0 -0.60774
 0 -0.56545
 0 -0.503798
 0 -1.01409
 0 -0.887374
 0 -0.926496
 0 -0.64381
 0 -0.955168
 0 -1.05488
 0 -0.966209
 0 -0.858952
 0 -0.763472
 0 -0.973875
 0 -0.760733
 0 -1.01992
 0 -0.959574
 0 -0.851902
 0 -1.05426
 0 -0.719162
 0 -0.957841
 0 -0.934897
 0 -0.627324
 0 -0.884668
 0 -0.802202
 0 -0.755894
 0 -0.889049
 0 -1.24939
 0 -0.833476
 0 -0.953068
 0 -0.870058
 0 -0.892286
 0 -0.870752
 0 -0.923238
 0 -0.860278
 0 -0.936699
 0 -0.933449
 0 -0.889034
 0 -0.806961
 0 -0.892884
 0 -0.801752
 0 -0.710662
 0 -0.637957
 0 -0.882218
 0 -0.751634
 0 -0.827908
 0 -0.755878
 0 -0.602166
 0 -0.85449
 0 -0.814452
 0 -0.540988
 0 -0.88451
 0 -1.04571
 0 -0.737509
 0 -0.688352
 0 -0.780313
 0 -1.07021
 0 -1.01204
 0 -0.900611
 0 -0.88701
 0 -0.710291
 0 -0.674262
 0 -0.960652
 0 -0.8794
 0 -0.791937
 0 -0.770321
 0 -1.01634
 0 -0.913718
 0 -0.873647
 0 -0.693758
 0 -0.573416
 0 -1.03095
 0 -0.964688
 0 -0.915389
 0 -0.901819
 0 -0.753868
 0 -0.969903
 0 -1.08023
 0 -1.00754
 0 -1.00931
 0 -0.703998
 0 -0.579706
 0 -0.757676
 0 -0.654576
 0 -0.731301
 0 -0.890139
 0 -0.784156
 0 -0.808696
 0 -0.669175
 0 -0.963389
 0 -0.961904
 0 -0.913324
 0 -0.600867
 0 -0.999255
 0 -1.11051
 0 -1.05455
 0 -0.66815
