535 1 0 0 1
 0 1.16313
 0 1.00928
 0 0.583954
 0 0.843858
 0 0.69156
 0 0.944282
 0 0.994064
 0 0.94274
 0 0.922386
 0 1.13489
 0 0.87749
 0 0.85123
 0 0.373394
 0 1.5786
 0 1.22147
 0 1.27936
 0 0.718104
 0 0.792854
 0 0.926622
 0 0.801538
 0 0.635782
 0 0.654328
 0 0.973018
 0 1.03793
 0 0.677022
 0 0.548278
 0 0.777076
 0 1.14199
 0 0.524638
 0 0.485178
 0 1.23913
 0 0.900132
 0 1.02854
 0 0.624638
 0 0.832066
 0 0.840486
 0 1.12286
 0 0.742032
 0 0.800258
 0 0.762196
 0 1.00845
 0 1.03842
 0 0.829636
 0 0.74873
 0 0.587334
 0 0.499154
 0 0.633744
 0 0.663494
 0 0.77436
 0 1.41898
 0 0.651858
 0 0.7898
 0 0.656304
 0 0.841882
 0 0.832774
 0 1.0702
 0 0.498074
 0 0.957108
 0 1.18802
 0 1.29736
 0 0.564664
 0 1.2453
 0 1.45111
 0 1.13207
 0 1.01973
 0 0.938902
 0 1.00412
 0 1.21552
 0 0.85512
 0 0.569836
 0 1.02831
 0 1.01667
 0 0.42307
 0 1.0682
 0 0.779298
 0 1.10459
 0 0.81489
 0 1.30394
 0 0.959896
 0 1.0132
 0 0.78677
 0 0.867356
 0 1.06085
 0 1.18885
 0 1.08161
 0 0.669722
 0 1.21283
 0 0.832576
 0 0.698228
 0 0.769758
 0 0.852472
 0 0.693962
 0 1.33045
 0 0.953956
 0 1.07198
 0 0.451654
 0 0.9643
 0 0.803242
 0 1.13268
 0 0.51678
 0 0.921942
 0 0.55951
 0 0.542912
 0 1.03071
 0 0.77574
 0 0.81702
 0 0.730284
 0 0.78187
 0 0.790152
 0 0.89833
 0 0.680568
 0 0.986282
 0 0.634908
 0 0.83659
 0 0.46312
 0 0.896532
 0 0.996492
 0 0.757148
 0 0.634632
 0 0.630586
 0 0.54915
 0 0.210466
 0 1.05316
 0 1.06073
 0 0.534916
 0 0.648694
 0 1.32254
 0 1.26067
 0 0.980642
 0 0.905326
 0 0.78735
 0 0.91066
 0 0.81366
 0 1.20735
 0 0.558072
 0 0.858572
 0 0.617296
 0 0.783534
 0 0.619176
 0 0.556906
 0 0.451632
 0 0.775028
 0 0.63371
 0 0.927476
 0 0.903774
 0 0.852554
 0 0.847822
 0 1.44872
 0 0.848946
 0 1.07438
 0 1.26578
 0 0.747016
 0 0.90418
 0 0.745406
 0 1.06776
 0 1.00627
 0 0.565878
 0 0.5939
 0 0.580598
 0 0.66411
 0 0.574098
 0 1.10406
 0 0.723074
 0 0.812704
 0 1.26638
 0 0.408966
 0 0.980232
 0 0.97757
 0 1.11891
 0 0.937726
 0 1.20982
 0 1.10302
 0 1.30713
 0 1.0152
 0 1.10385
 0 0.68002
 0 1.26359
 0 0.583008
 0 0.815354
 0 0.83428
 0 0.803298
 0 0.571568
 0 0.830548
 0 1.06131
 0 0.87685
 0 1.00725
 0 1.04974
 0 0.838886
 0 0.958586
 0 1.09837
 0 0.800156
 0 0.853384
 0 0.928452
 0 1.14015
 0 0.55669
 0 0.863048
 0 0.58624
 0 0.447194
 0 0.878458
 0 1.09323
 0 0.186884
 0 0.70701
 0 1.0834
 0 1.30734
 0 1.13491
 0 0.608314
 0 0.797018
 0 1.04684
 0 1.02811
 0 0.82513
 0 0.618532
 0 1.07711
 0 0.918738
 0 1.10848
 0 0.881448
 0 0.988358
 0 0.848918
 0 0.628556
 0 0.828472
 0 0.956626
 0 0.914512
 0 1.2697
 0 0.629178
 0 0.841524
 0 0.764584
 0 0.706552
 0 1.07732
 0 1.2368
 0 0.75649
 0 0.763732
 0 0.758224
 0 0.54173
 0 0.500018
 0 0.991054
 0 0.909662
 0 0.54149
 0 0.648406
 0 1.08363
 0 0.961848
 0 0.851372
 0 0.883436
 0 0.760006
 0 0.971404
 0 1.15757
 0 1.16559
 0 0.765534
 0 0.88313
 0 0.783588
 0 1.03912
 0 1.01597
 0 1.03825
 0 0.93997
 0 1.17232
 0 0.965954
 0 1.33515
 0 0.700654
 0 0.718726
 0 1.1188
 0 0.876082
 0 1.00462
 0 1.05144
 0 0.761076
 0 0.464976
 0 0.768344
 0 0.614112
 0 0.736482
 0 1.12989
 0 0.661872
 0 0.880316
 0 0.80937
 0 0.793528
 0 0.832924
 0 0.818854
 0 0.886324
 0 0.628834
 0 0.965058
 0 0.771544
 0 0.962814
 0 0.821032
 0 0.418512
 0 0.91234
 0 0.986068
 0 0.689186
 0 0.97588
 0 0.860098
 0 0.859848
 0 1.13684
 0 0.857362
 0 0.684228
 0 1.1362
 0 0.240106
 0 0.860714
 0 0.94948
 0 0.907402
 0 0.857028
 0 1.10635
 0 1.08623
 0 0.960302
 0 1.10023
 0 0.587236
 0 0.957236
 0 0.879214
 0 1.33451
 0 0.518098
 0 0.811502
 0 1.11634
 0 1.59792
 0 0.561752
 0 0.94174
 0 0.80625
 0 0.931516
 0 1.05255
 0 1.10319
 0 0.87636
 0 0.7681
 0 0.86616
 0 1.17773
 0 0.9857
 0 0.518554
 0 1.04197
 0 0.863266
 0 1.14148
 0 0.73588
 0 0.986866
 0 0.600398
 0 0.845836
 0 1.10781
 0 1.47133
 0 0.53093
 0 1.05387
 0 0.782414
 0 0.62393
 0 1.15916
 0 0.936212
 0 1.15058
 0 0.976476
 0 1.77161
 0 0.65288
 0 1.27261
 0 0.044417
 0 0.561526
 0 0.947552
 0 1.02457
 0 1.00254
 0 0.593908
 0 1.11357
 0 0.76621
 0 0.949464
 0 1.13832
 0 0.745322
 0 1.1046
 0 0.499024
 0 0.867868
 0 0.903028
 0 1.23965
 0 1.06465
 0 0.941406
 0 1.382
 0 0.78068
 0 0.626258
 0 0.80956
 0 0.742454
 0 0.436078
 0 1.07295
 0 0.523178
 0 0.466498
 0 1.07164
 0 1.27648
 0 0.281608
 0 1.03511
 0 0.653466
 0 1.00273
 0 0.738446
 0 1.12409
 0 1.0469
 0 1.08179
 0 0.964908
 0 0.657266
 0 0.282844
 0 0.549318
 0 0.762952
 0 0.943522
 0 0.837662
 0 0.866468
 0 0.721044
 0 0.509436
 0 0.316584
 0 0.931348
 0 0.938054
 0 1.04773
 0 0.798808
 0 1.16197
 0 0.823152
 0 1.22574
 0 1.12178
 0 0.995524
 0 0.903206
 0 0.763028
 0 1.08116
 0 0.82247
 0 0.671128
 0 1.165
 0 0.720818
 0 0.528392
 0 0.81973
 0 0.794332
 0 1.27918
 0 0.874178
 0 1.09722
 0 1.01235
 0 0.468708
 0 0.818116
 0 1.21938
 0 1.20423
 0 1.40102
 0 0.560104
 0 0.536722
 0 0.930724
 0 0.920744
 0 0.788282
 0 0.649762
 0 0.855774
 0 0.722028
 0 0.6425
 0 1.4122
 0 0.848302
 0 1.08474
 0 0.80905
 0 0.455944
 0 0.851748
 0 0.396046
 0 0.697696
 0 1.33898
 0 1.35565
 0 0.858968
 0 0.993316
 0 0.653068
 0 1.08942
 0 0.73061
 0 1.01836
 0 0.981376
 0 0.864148
 0 0.943522
 0 0.853832
 0 0.959042
 0 1.10305
 0 0.911526
 0 0.544154
 0 0.900422
 0 0.671346
 0 0.932058
 0 0.818322
 0 0.991124
 0 1.14464
 0 0.599172
 0 0.66125
 0 1.08607
 0 0.61929
 0 1.06764
 0 0.864674
 0 0.639772
 0 0.490696
 0 0.589782
 0 0.862544
 0 1.10291
 0 0.861234
 0 0.56931
 0 1.00272
 0 0.88346
 0 0.80091
 0 0.975032
 0 0.547308
 0 0.610538
 0 1.16406
 0 1.08339
 0 0.754498
 0 0.699648
 0 1.14842
 0 0.806546
 0 1.02414
 0 0.7851
 0 0.72969
 0 0.978088
 0 0.738812
 0 1.06256
 0 0.774124
 0 0.799434
 0 0.985662
 0 0.638498
 0 1.19622
 0 1.12656
 0 1.01784
 0 0.98111
 0 0.902782
 0 0.268752
 0 0.865014
 0 1.09729
 0 0.939278
 0 0.72185
 0 0.684284
 0 0.94428
 0 1.02547
 0 0.343028
 0 0.378268
 0 1.05023
 0 0.731664
 0 0.94821
 0 0.510976
 0 0.999806
 0 1.32141
 0 0.484128
 0 0.642332
 0 0.810656
 0 0.538558
 0 0.92922
 0 1.0073
 0 0.798214
 0 0.726618
 0 0.898288
 0 1.0019
 0 0.514198
 0 0.704452
 0 1.18758
 0 1.29981
 0 0.973486
 0 1.32557
 0 0.954812
 0 0.74058
 0 1.17895
 0 0.786904
 0 0.533054
 0 0.825986
 0 1.35924
 0 0.750124
 0 0.906354
