535 1 0 0 1
 0 0.478327
 0 0.402936
 0 0.319766
 0 0.406583
 0 0.584918
 0 0.419092
 0 0.451457
 0 0.383854
 0 0.482373
 0 0.428622
 0 0.389739
 0 0.300769
 0 0.470666
 0 0.474795
 0 0.287861
 0 0.316098
 0 0.33158
 0 0.400576
 0 0.394519
 0 0.519085
 0 0.39828
 0 0.419867
 0 0.438374
 0 0.407594
 0 0.423774
 0 0.457545
 0 0.356329
 0 0.514992
 0 0.424749
 0 0.361039
 0 0.315682
 0 0.329369
 0 0.442093
 0 0.429407
 0 0.388445
 0 0.38845
 0 0.372297
 0 0.488357
 0 0.367809
 0 0.308468
 0 0.302101
 0 0.35858
 0 0.480156
 0 0.494687
 0 0.508591
 0 0.382041
 0 0.301773
 0 0.375309
 0 0.373703
 0 0.437154
 0 0.33821
 0 0.455871
 0 0.478607
 0 0.527252
 0 0.324111
 0 0.41375
 0 0.256861
 0 0.42865
 0 0.402516
 0 0.422524
 0 0.280566
 0 0.42147
 0 0.322934
 0 0.377451
 0 0.442526
 0 0.514682
 0 0.356128
 0 0.523259
 0 0.278452
 0 0.457125
 0 0.323131
 0 0.401055
 0 0.366553
 0 0.449831
 0 0.386806
 0 0.318981
 0 0.316506
 0 0.452087
 0 0.386749
 0 0.542497
 0 0.459663
 0 0.475446
 0 0.429475
 0 0.349635
 0 0.64673
 0 0.269847
 0 0.63608
 0 0.52652
 0 0.272977
 0 0.432832
 0 0.33839
 0 0.546158
 0 0.367092
 0 0.41128
 0 0.506409
 0 0.488161
 0 0.344467
 0 0.494393
 0 0.45539
 0 0.421014
 0 0.45314
 0 0.347419
 0 0.488268
 0 0.434898
 0 0.257735
 0 0.405599
 0 0.415234
 0 0.495041
 0 0.614414
 0 0.354563
 0 0.215501
 0 0.410109
 0 0.314623
 0 0.279378
 0 0.338692
 0 0.321283
 0 0.48491
 0 0.355078
 0 0.573134
 0 0.439198
 0 0.369979
 0 0.346272
 0 0.48498
 0 0.453081
 0 0.255387
 0 0.469458
 0 0.484757
 0 0.308135
 0 0.536053
 0 0.440864
 0 0.527007
 0 0.471748
 0 0.41864
 0 0.37375
 0 0.29268
 0 0.382587
 0 0.393557
 0 0.329154
 0 0.472231
 0 0.427373
 0 0.413915
 0 0.346554
 0 0.390569
 0 0.266579
 0 0.33056
 0 0.359799
 0 0.363244
 0 0.445231
 0 0.434364
 0 0.412356
 0 0.424925
 0 0.372547
 0 0.275253
 0 0.423155
 0 0.387202
 0 0.457337
 0 0.405721
 0 0.364849
 0 0.491523
 0 0.436888
 0 0.565416
 0 0.481067
 0 0.324056
 0 0.323046
 0 0.348166
 0 0.478553
 0 0.232414
 0 0.391602
 0 0.5446
 0 0.335668
 0 0.43651
 0 0.381888
 0 0.351994
 0 0.316342
 0 0.244538
 0 0.454137
 0 0.498214
 0 0.401817
 0 0.357345
 0 0.43526
 0 0.315999
 0 0.46902
 0 0.47059
 0 0.452394
 0 0.414362
 0 0.38824
 0 0.426969
 0 0.457456
 0 0.420068
 0 0.375971
 0 0.429549
 0 0.346543
 0 0.486828
 0 0.429209
 0 0.465172
 0 0.413849
 0 0.444057
 0 0.531324
 0 0.407789
 0 0.49654
 0 0.542086
 0 0.425206
 0 0.354998
 0 0.406214
 0 0.5755
 0 0.406551
 0 0.443282
 0 0.357758
 0 0.324924
 0 0.431344
 0 0.388819
 0 0.350468
 0 0.421779
 0 0.557844
 0 0.562149
 0 0.431984
 0 0.427546
 0 0.407585
 0 0.467592
 0 0.416523
 0 0.447869
 0 0.453331
 0 0.405443
 0 0.422194
 0 0.31697
 0 0.400709
 0 0.40046
 0 0.429204
 0 0.36624
 0 0.521387
 0 0.485393
 0 0.375274
 0 0.244096
 0 0.53184
 0 0.455741
 0 0.434718
 0 0.386845
 0 0.53023
 0 0.463763
 0 0.492194
 0 0.301394
 0 0.36462
 0 0.495096
 0 0.342269
 0 0.475071
 0 0.489448
 0 0.324849
 0 0.412408
 0 0.317592
 0 0.432117
 0 0.47423
 0 0.230523
 0 0.419581
 0 0.459795
 0 0.487302
 0 0.474957
 0 0.465809
 0 0.335657
 0 0.44779
 0 0.475622
 0 0.450708
 0 0.518394
 0 0.373851
 0 0.32255
 0 0.374335
 0 0.425596
 0 0.411772
 0 0.408689
 0 0.359119
 0 0.337553
 0 0.498679
 0 0.526799
 0 0.532076
 0 0.56142
 0 0.47449
 0 0.459535
 0 0.557028
 0 0.319189
 0 0.363146
 0 0.40214
 0 0.40502
 0 0.29672
 0 0.370652
 0 0.33655
 0 0.406741
 0 0.440196
 0 0.275703
 0 0.342096
 0 0.454681
 0 0.484121
 0 0.516275
 0 0.458366
 0 0.391369
 0 0.458403
 0 0.359718
 0 0.48332
 0 0.473118
 0 0.555082
 0 0.454782
 0 0.361287
 0 0.527299
 0 0.340047
 0 0.46348
 0 0.371174
 0 0.415778
 0 0.365825
 0 0.223022
 0 0.404057
 0 0.534176
 0 0.39944
 0 0.228868
 0 0.384055
 0 0.553466
 0 0.50205
 0 0.449733
 0 0.291533
 0 0.439667
 0 0.354936
 0 0.418517
 0 0.416997
 0 0.439272
 0 0.372421
 0 0.386782
 0 0.387891
 0 0.358964
 0 0.422354
 0 0.289713
 0 0.347697
 0 0.193873
 0 0.522483
 0 0.534494
 0 0.508158
 0 0.407033
 0 0.274685
 0 0.457044
 0 0.445369
 0 0.421476
 0 0.50649
 0 0.473496
 0 0.504641
 0 0.449172
 0 0.467298
 0 0.436907
 0 0.455929
 0 0.402766
 0 0.461601
 0 0.449867
 0 0.275735
 0 0.361074
 0 0.41642
 0 0.32928
 0 0.522467
 0 0.409828
 0 0.418526
 0 0.505748
 0 0.370229
 0 0.427522
 0 0.560564
 0 0.402185
 0 0.361086
 0 0.270362
 0 0.300291
 0 0.455052
 0 0.348097
 0 0.203944
 0 0.41391
 0 0.325145
 0 0.426844
 0 0.359843
 0 0.605076
 0 0.207682
 0 0.228683
 0 0.275104
 0 0.442234
 0 0.527505
 0 0.355608
 0 0.394275
 0 0.339677
 0 0.358191
 0 0.42115
 0 0.333586
 0 0.5496
 0 0.396386
 0 0.442271
 0 0.424645
 0 0.358392
 0 0.301373
 0 0.514352
 0 0.608046
 0 0.412939
 0 0.425407
 0 0.376216
 0 0.386989
 0 0.479663
 0 0.538772
 0 0.423099
 0 0.280437
 0 0.350661
 0 0.42551
 0 0.414109
 0 0.380574
 0 0.362608
 0 0.323659
 0 0.477622
 0 0.431741
 0 0.332613
 0 0.430276
 0 0.576267
 0 0.498211
 0 0.392048
 0 0.38897
 0 0.355744
 0 0.482219
 0 0.40955
 0 0.304172
 0 0.483133
 0 0.434445
 0 0.481721
 0 0.442359
 0 0.41119
 0 0.316619
 0 0.409237
 0 0.490223
 0 0.291581
 0 0.511266
 0 0.357856
 0 0.378077
 0 0.499222
 0 0.411218
 0 0.561515
 0 0.402082
 0 0.380441
 0 0.524013
 0 0.487849
 0 0.310467
 0 0.345667
 0 0.37374
 0 0.417635
 0 0.452125
 0 0.296023
 0 0.275424
 0 0.245394
 0 0.493949
 0 0.432229
 0 0.451285
 0 0.313592
 0 0.465251
 0 0.513818
 0 0.470629
 0 0.418385
 0 0.371878
 0 0.474363
 0 0.370544
 0 0.496789
 0 0.467397
 0 0.414951
 0 0.513518
 0 0.350295
 0 0.466553
 0 0.455377
 0 0.305562
 0 0.430911
 0 0.390743
 0 0.368187
 0 0.433045
 0 0.608561
 0 0.405976
 0 0.464228
 0 0.423795
 0 0.434622
 0 0.424133
 0 0.449698
 0 0.419031
 0 0.456255
 0 0.454672
 0 0.433038
 0 0.393061
 0 0.434913
 0 0.390524
 0 0.346155
 0 0.310741
 0 0.429718
 0 0.366112
 0 0.403264
 0 0.368179
 0 0.293308
 0 0.416212
 0 0.39671
 0 0.263509
 0 0.430834
 0 0.509353
 0 0.359232
 0 0.335288
 0 0.380081
 0 0.521286
 0 0.492952
 0 0.438677
 0 0.432052
 0 0.345974
 0 0.328425
 0 0.467922
 0 0.428345
 0 0.385743
 0 0.375214
 0 0.495046
 0 0.445061
 0 0.425543
 0 0.337921
 0 0.279304
 0 0.502164
 0 0.469888
 0 0.445875
 0 0.439265
 0 0.3672
 0 0.472428
 0 0.526169
 0 0.49076
 0 0.491621
 0 0.342909
 0 0.282368
 0 0.369055
 0 0.318836
 0 0.356208
 0 0.433576
 0 0.381953
 0 0.393906
 0 0.325947
 0 0.469255
 0 0.468532
 0 0.444869
 0 0.292675
 0 0.486725
 0 0.540914
 0 0.513659
 0 0.325448
