535 1 0 0 1
 0 0.740256
 0 0.728632
 0 0.764474
 0 0.797692
 0 0.722734
 0 0.675478
 0 0.664588
 0 0.67964
 0 0.834508
 0 0.724896
 0 0.766914
 0 0.719188
 0 0.769664
 0 0.805104
 0 0.81151
 0 0.791964
 0 0.81696
 0 0.751896
 0 0.720534
 0 0.759632
 0 0.740688
 0 0.736786
 0 0.698838
 0 0.686782
 0 0.749098
 0 0.765064
 0 0.748872
 0 0.83483
 0 0.670678
 0 0.833198
 0 0.84778
 0 0.83539
 0 0.781
 0 0.71122
 0 0.798502
 0 0.711502
 0 0.74187
 0 0.946506
 0 0.684128
 0 0.704422
 0 0.741908
 0 0.716932
 0 0.832772
 0 0.741988
 0 0.688246
 0 0.7004
 0 0.632348
 0 0.769058
 0 0.74222
 0 0.854264
 0 0.821694
 0 0.736468
 0 0.889058
 0 0.658222
 0 0.71889
 0 0.73182
 0 0.716486
 0 0.716918
 0 0.750422
 0 0.751488
 0 0.808668
 0 0.806172
 0 0.672858
 0 0.78107
 0 0.670916
 0 0.789236
 0 0.663952
 0 0.809952
 0 0.933492
 0 0.710538
 0 0.614752
 0 0.814756
 0 0.74835
 0 0.867674
 0 0.631428
 0 0.854828
 0 0.728454
 0 0.797686
 0 0.721072
 0 0.773262
 0 0.850844
 0 0.807448
 0 0.693606
 0 0.8473
 0 0.873124
 0 0.669586
 0 0.908462
 0 0.82145
 0 0.680454
 0 0.75428
 0 0.773262
 0 0.81841
 0 0.746936
 0 0.729256
 0 0.72256
 0 0.793226
 0 0.688622
 0 0.703114
 0 0.81459
 0 0.825286
 0 0.778062
 0 0.812812
 0 0.724124
 0 0.780988
 0 0.693738
 0 0.841754
 0 0.674066
 0 0.670564
 0 0.854366
 0 0.807112
 0 0.60194
 0 0.722448
 0 0.729704
 0 0.700094
 0 0.707128
 0 0.845544
 0 0.665192
 0 0.647278
 0 0.828322
 0 0.691336
 0 0.769142
 0 0.70089
 0 0.84053
 0 0.76365
 0 0.582528
 0 0.782724
 0 0.730614
 0 0.752994
 0 0.718024
 0 0.723906
 0 0.802752
 0 0.867232
 0 0.800554
 0 0.796394
 0 0.790644
 0 0.750824
 0 0.818506
 0 0.741284
 0 0.796136
 0 0.717242
 0 0.787776
 0 0.85926
 0 0.7828
 0 0.82421
 0 0.66645
 0 0.763608
 0 0.783674
 0 0.849984
 0 0.831416
 0 0.637874
 0 0.769662
 0 0.710704
 0 0.680116
 0 0.75374
 0 0.81985
 0 0.756568
 0 0.734724
 0 0.777716
 0 0.673326
 0 0.907588
 0 0.822564
 0 0.777648
 0 0.718942
 0 0.786794
 0 0.81363
 0 0.753758
 0 0.651038
 0 0.786186
 0 0.769108
 0 0.70209
 0 0.672558
 0 0.885322
 0 0.830218
 0 0.844746
 0 0.694892
 0 0.828254
 0 0.963976
 0 0.720488
 0 0.75937
 0 0.756488
 0 0.777428
 0 0.84634
 0 0.78162
 0 0.84152
 0 0.77964
 0 0.666612
 0 0.688388
 0 0.69701
 0 0.728868
 0 0.722768
 0 0.784368
 0 0.683636
 0 0.915154
 0 0.76327
 0 0.786644
 0 0.822716
 0 0.78988
 0 0.644908
 0 0.67907
 0 0.881112
 0 0.775118
 0 0.856852
 0 0.780692
 0 0.824864
 0 0.712938
 0 0.619094
 0 0.838448
 0 0.708682
 0 0.708272
 0 0.816736
 0 0.920606
 0 0.829982
 0 0.687062
 0 0.950964
 0 0.739756
 0 0.737034
 0 0.894318
 0 0.622346
 0 0.743588
 0 0.85748
 0 0.849068
 0 0.821538
 0 0.79746
 0 0.727196
 0 0.75573
 0 0.722492
 0 0.772728
 0 0.756338
 0 0.68952
 0 0.770174
 0 0.82737
 0 0.722342
 0 0.799442
 0 0.843784
 0 0.683548
 0 0.80735
 0 0.706138
 0 0.866458
 0 0.860716
 0 0.735916
 0 0.819886
 0 0.718124
 0 0.840038
 0 0.749532
 0 0.774828
 0 0.61961
 0 0.809042
 0 0.7981
 0 0.781614
 0 0.83408
 0 0.761292
 0 0.71468
 0 0.75234
 0 0.733158
 0 0.712024
 0 0.847534
 0 0.850792
 0 0.73754
 0 0.774646
 0 0.722282
 0 0.830722
 0 0.75611
 0 0.695024
 0 0.654056
 0 0.71947
 0 0.822478
 0 0.820374
 0 0.923524
 0 0.868972
 0 0.892146
 0 0.924514
 0 0.863594
 0 0.887796
 0 0.776012
 0 0.828868
 0 0.676834
 0 0.740308
 0 0.6402
 0 0.719238
 0 0.65943
 0 0.705076
 0 0.798804
 0 0.65081
 0 0.835098
 0 0.79512
 0 0.819644
 0 0.62361
 0 0.66318
 0 0.724644
 0 0.619834
 0 0.768752
 0 0.764696
 0 0.85672
 0 0.734376
 0 0.729142
 0 0.826516
 0 0.762316
 0 0.66892
 0 0.733842
 0 0.742336
 0 0.769066
 0 0.81292
 0 0.681776
 0 0.70748
 0 0.731108
 0 0.814422
 0 0.965206
 0 0.892714
 0 0.784326
 0 0.782866
 0 0.733362
 0 0.773712
 0 0.87172
 0 0.851168
 0 0.792028
 0 0.711982
 0 0.699692
 0 0.76706
 0 0.645286
 0 0.703706
 0 0.888782
 0 0.777022
 0 0.798986
 0 0.775928
 0 0.758342
 0 0.923016
 0 0.70199
 0 0.712784
 0 0.613408
 0 0.716182
 0 0.813702
 0 0.85794
 0 0.710764
 0 0.86014
 0 0.774184
 0 0.733014
 0 0.778834
 0 0.820618
 0 0.810198
 0 0.73637
 0 0.786898
 0 0.821424
 0 0.83469
 0 0.686842
 0 0.72334
 0 0.613618
 0 0.793258
 0 0.714622
 0 0.740424
 0 0.680128
 0 0.755514
 0 0.78085
 0 0.744572
 0 0.73221
 0 0.758594
 0 0.73091
 0 0.731568
 0 0.842594
 0 0.76833
 0 0.62264
 0 0.680712
 0 0.821472
 0 0.797836
 0 0.875658
 0 0.68741
 0 0.736166
 0 0.698844
 0 0.824348
 0 0.754436
 0 1.00228
 0 0.646626
 0 0.725912
 0 0.723372
 0 0.835742
 0 0.797818
 0 0.746866
 0 0.812778
 0 0.72416
 0 0.741802
 0 0.720786
 0 0.720066
 0 0.7943
 0 0.717582
 0 0.699458
 0 0.77862
 0 0.735882
 0 0.662618
 0 0.69642
 0 0.851982
 0 0.884248
 0 0.793592
 0 0.762128
 0 0.747482
 0 0.928684
 0 0.77137
 0 0.773786
 0 0.741912
 0 0.768754
 0 0.892076
 0 0.80519
 0 0.795888
 0 0.820328
 0 0.807488
 0 0.794684
 0 0.659422
 0 0.683998
 0 0.775588
 0 0.826394
 0 0.695454
 0 0.702146
 0 0.671548
 0 0.719632
 0 0.832196
 0 0.97258
 0 0.852028
 0 0.562922
 0 0.82883
 0 0.822782
 0 0.664308
 0 0.757742
 0 0.733426
 0 0.789914
 0 0.813716
 0 0.660802
 0 0.792646
 0 0.756974
 0 0.816198
 0 0.85155
 0 0.847754
 0 0.88954
 0 0.73187
 0 0.767174
 0 0.78234
 0 0.85013
 0 0.790634
 0 0.737134
 0 0.709512
 0 0.737158
 0 0.814966
 0 0.73645
 0 0.815858
 0 0.804168
 0 0.827088
 0 0.70158
 0 0.605054
 0 0.859812
 0 0.70338
 0 0.940114
 0 0.887764
 0 0.8193
 0 0.82734
 0 0.872306
 0 0.8359
 0 0.780342
 0 0.849286
 0 0.83448
 0 0.698742
 0 0.789638
 0 0.85004
 0 0.92645
 0 0.751888
 0 0.76164
 0 0.767506
 0 0.845374
 0 0.758196
 0 0.742632
 0 0.741198
 0 0.758748
 0 0.851972
 0 0.798718
 0 0.843234
 0 0.8415
 0 0.766544
 0 0.825934
 0 0.625768
 0 0.713064
 0 0.872252
 0 0.83788
 0 0.853804
 0 0.850694
 0 0.693296
 0 0.893938
 0 0.78726
 0 0.765616
 0 0.889276
 0 0.68422
 0 0.773776
 0 0.773838
 0 0.72133
 0 0.81112
 0 0.820382
 0 0.779352
 0 0.74646
 0 0.748198
 0 0.676818
 0 0.980224
 0 0.773992
 0 0.722018
 0 0.803278
 0 0.596234
 0 0.69518
 0 0.830774
 0 0.785712
 0 0.699638
 0 0.761514
 0 0.746792
 0 0.834644
 0 0.85259
 0 0.760632
 0 0.820724
 0 0.808568
 0 0.797596
 0 0.68462
 0 0.652524
 0 0.8121
 0 0.850198
 0 0.841514
 0 0.869272
 0 0.7443
 0 0.771302
 0 0.661604
 0 0.735868
 0 0.800634
 0 0.699978
 0 0.777758
 0 0.67637
 0 0.691234
 0 0.777996
 0 0.833612
 0 0.638844
 0 0.744948
 0 0.688192
 0 0.870342
 0 0.700902
 0 0.812132
