535 1 0 0 1
 0 0.772322
 0 1.00024
 0 1.04665
 0 1.01472
 0 1.04414
 0 1.07922
 0 1.47579
 0 0.987338
 0 1.09941
 0 1.09933
 0 0.792846
 0 1.26081
 0 0.997486
 0 1.15643
 0 1.21503
 0 0.976086
 0 1.20514
 0 0.796856
 0 0.862014
 0 1.06693
 0 0.86575
 0 1.12239
 0 0.861836
 0 0.754418
 0 1.21138
 0 1.03032
 0 1.3261
 0 0.942094
 0 0.898686
 0 1.04021
 0 1.21604
 0 1.21032
 0 1.08077
 0 0.762124
 0 1.17122
 0 1.14853
 0 0.861668
 0 1.1062
 0 0.728672
 0 1.22111
 0 1.03651
 0 0.815782
 0 1.20226
 0 0.739812
 0 0.784504
 0 1.24857
 0 0.72575
 0 1.16172
 0 0.74841
 0 1.17963
 0 1.30608
 0 0.79188
 0 1.19169
 0 1.08344
 0 1.33041
 0 1.2991
 0 0.954068
 0 1.07853
 0 0.903454
 0 1.12898
 0 1.10069
 0 1.08283
 0 0.738712
 0 0.995718
 0 0.759104
 0 1.30348
 0 0.764844
 0 1.13593
 0 0.947646
 0 1.05333
 0 0.951222
 0 0.848832
 0 0.950056
 0 0.900368
 0 0.670794
 0 0.923138
 0 0.92291
 0 1.05018
 0 1.05202
 0 0.82224
 0 0.864784
 0 0.814028
 0 1.09235
 0 1.33733
 0 1.32111
 0 0.963562
 0 1.17372
 0 1.36726
 0 1.06593
 0 1.11161
 0 1.07751
 0 1.05943
 0 0.83576
 0 0.98901
 0 0.77395
 0 1.10335
 0 1.13633
 0 1.0857
 0 0.904746
 0 0.837098
 0 1.16754
 0 0.815796
 0 1.13702
 0 1.39678
 0 0.96234
 0 1.12453
 0 1.12344
 0 1.0376
 0 0.78303
 0 1.03171
 0 1.10912
 0 0.92582
 0 0.930052
 0 1.4411
 0 0.87052
 0 1.46849
 0 0.837262
 0 0.6789
 0 0.85419
 0 0.698778
 0 1.37762
 0 0.967054
 0 1.09478
 0 0.843918
 0 0.869406
 0 0.974512
 0 1.12894
 0 0.863258
 0 1.21492
 0 1.09388
 0 0.905252
 0 1.1675
 0 1.32866
 0 1.11556
 0 0.822268
 0 1.31033
 0 1.21576
 0 0.98791
 0 0.75119
 0 0.84896
 0 1.11117
 0 1.07523
 0 0.94112
 0 1.2572
 0 0.83298
 0 1.1117
 0 0.953706
 0 0.99098
 0 0.921426
 0 1.37417
 0 0.996806
 0 1.10312
 0 1.26103
 0 1.29346
 0 0.985674
 0 1.02658
 0 1.27724
 0 1.0049
 0 0.65857
 0 1.17682
 0 0.95283
 0 1.23095
 0 1.23121
 0 0.972374
 0 1.00299
 0 1.0101
 0 1.13364
 0 0.975848
 0 0.776252
 0 0.84663
 0 0.870406
 0 0.992322
 0 1.17132
 0 0.979652
 0 1.37474
 0 1.35443
 0 1.23737
 0 0.826228
 0 1.22672
 0 0.967538
 0 0.850018
 0 1.34105
 0 0.7333
 0 1.09083
 0 0.652134
 0 0.903324
 0 1.0871
 0 0.948644
 0 1.21731
 0 1.11558
 0 0.96177
 0 1.13634
 0 1.03252
 0 1.21966
 0 1.20869
 0 1.10715
 0 1.06902
 0 1.07738
 0 1.12192
 0 1.06513
 0 0.880488
 0 1.1852
 0 1.37984
 0 0.88211
 0 1.06935
 0 0.921892
 0 0.751648
 0 0.949004
 0 0.898344
 0 1.00714
 0 1.37917
 0 0.867716
 0 0.911472
 0 0.774846
 0 0.848994
 0 0.876098
 0 1.28204
 0 0.88529
 0 1.07514
 0 1.39927
 0 1.2326
 0 0.97194
 0 1.06309
 0 0.840506
 0 0.822248
 0 0.858932
 0 1.08237
 0 1.03983
 0 1.00125
 0 0.846434
 0 0.971012
 0 1.27167
 0 0.732032
 0 1.06745
 0 0.933684
 0 1.07161
 0 1.017
 0 0.85019
 0 1.04213
 0 1.01997
 0 1.02605
 0 0.83264
 0 0.676546
 0 1.11196
 0 1.01942
 0 1.06426
 0 0.92998
 0 1.00975
 0 1.00757
 0 0.791682
 0 0.714636
 0 1.13084
 0 1.08675
 0 0.782612
 0 1.27729
 0 0.97525
 0 1.08961
 0 0.91828
 0 1.08349
 0 1.08243
 0 0.910318
 0 0.850454
 0 1.14878
 0 1.24525
 0 1.20205
 0 0.93961
 0 1.03609
 0 0.840552
 0 0.788028
 0 1.16979
 0 1.17317
 0 1.11911
 0 1.13958
 0 1.16842
 0 0.897942
 0 0.654922
 0 0.88946
 0 0.86251
 0 1.08533
 0 0.563306
 0 0.928922
 0 1.23611
 0 0.878776
 0 1.3792
 0 1.23382
 0 0.83284
 0 0.971634
 0 1.27924
 0 1.10692
 0 0.699462
 0 0.789472
 0 0.850212
 0 1.03925
 0 0.905204
 0 1.04267
 0 1.13726
 0 1.4075
 0 0.81662
 0 0.889862
 0 1.12513
 0 0.941262
 0 1.03917
 0 1.15745
 0 1.06475
 0 1.10899
 0 1.1055
 0 1.25594
 0 1.01426
 0 0.939326
 0 1.04168
 0 0.78264
 0 1.14921
 0 0.846214
 0 1.07695
 0 1.14458
 0 0.82034
 0 1.27535
 0 0.83416
 0 0.774996
 0 0.897422
 0 1.12039
 0 0.688852
 0 1.28101
 0 1.15296
 0 0.82016
 0 0.879336
 0 0.963678
 0 1.24323
 0 0.90652
 0 0.86365
 0 0.956712
 0 0.813092
 0 1.25721
 0 1.18274
 0 1.20871
 0 1.15205
 0 0.79369
 0 1.25231
 0 1.03547
 0 1.24749
 0 0.873804
 0 0.853122
 0 1.46718
 0 1.04351
 0 1.20809
 0 0.879172
 0 1.16669
 0 0.970366
 0 0.992962
 0 0.97325
 0 1.01335
 0 1.34958
 0 1.25576
 0 0.96805
 0 1.31672
 0 0.984918
 0 1.15106
 0 0.98919
 0 0.996594
 0 0.935816
 0 0.631274
 0 1.19409
 0 0.951742
 0 1.02838
 0 1.15033
 0 1.20594
 0 0.654162
 0 0.73408
 0 0.7522
 0 1.00067
 0 1.05682
 0 1.31021
 0 0.921464
 0 1.38631
 0 1.16438
 0 1.14817
 0 1.10043
 0 0.862396
 0 0.950714
 0 0.802616
 0 1.05781
 0 0.989602
 0 1.02039
 0 1.26544
 0 1.19468
 0 0.957336
 0 0.969962
 0 1.27131
 0 1.12455
 0 1.0085
 0 1.1286
 0 1.33646
 0 1.12866
 0 1.022
 0 1.24546
 0 0.90558
 0 1.01996
 0 0.92163
 0 1.11795
 0 1.35074
 0 1.11746
 0 1.01046
 0 1.2547
 0 1.08317
 0 0.994984
 0 1.11289
 0 1.11397
 0 0.79917
 0 1.29302
 0 0.93968
 0 0.959814
 0 0.8519
 0 0.996272
 0 1.70777
 0 0.970522
 0 0.80434
 0 1.27105
 0 1.19728
 0 0.917988
 0 1.08433
 0 0.72589
 0 1.10482
 0 0.882684
 0 1.1403
 0 0.966016
 0 1.03321
 0 1.11563
 0 0.859398
 0 1.02617
 0 1.19743
 0 1.33158
 0 1.28013
 0 1.26724
 0 1.03735
 0 0.908848
 0 1.28938
 0 1.35056
 0 0.557572
 0 0.851686
 0 1.07671
 0 0.983278
 0 1.31432
 0 1.27117
 0 0.749862
 0 1.04443
 0 1.24417
 0 1.29783
 0 0.988358
 0 1.40739
 0 1.09609
 0 1.19507
 0 1.41885
 0 0.909022
 0 1.34653
 0 0.803246
 0 0.734618
 0 1.11225
 0 1.00605
 0 0.976704
 0 1.23222
 0 0.818944
 0 0.940352
 0 0.955064
 0 0.95035
 0 1.08485
 0 1.33036
 0 1.16746
 0 0.962774
 0 1.21842
 0 1.37818
 0 1.44607
 0 1.09567
 0 0.870668
 0 0.915982
 0 0.94858
 0 1.21002
 0 1.1946
 0 1.13126
 0 1.22007
 0 0.996542
 0 1.07262
 0 0.983076
 0 1.16718
 0 0.769922
 0 1.28839
 0 1.16049
 0 1.40157
 0 0.927016
 0 1.20881
 0 1.04678
 0 0.768906
 0 1.20754
 0 1.23472
 0 0.966236
 0 1.20613
 0 1.13673
 0 1.26432
 0 1.12397
 0 1.15661
 0 1.13732
 0 0.7861
 0 1.16275
 0 0.817568
 0 0.916682
 0 0.985836
 0 1.13227
 0 0.957152
 0 1.33726
 0 1.08123
 0 1.21581
 0 1.35721
 0 0.870022
 0 0.954592
 0 0.96467
 0 1.0096
 0 1.11572
 0 1.10661
 0 1.17235
 0 1.10288
 0 1.10528
 0 0.902362
 0 0.775106
 0 1.26861
 0 0.936272
 0 1.19568
 0 1.17711
 0 1.18615
 0 0.845316
 0 1.22832
 0 1.03337
 0 1.22922
 0 0.672212
 0 0.979598
 0 0.984446
 0 1.03387
