535 1 0 0 1
 0 0.461956
 0 0.429539
 0 0.433962
 0 0.47077
 0 0.504717
 0 0.542145
 0 0.589552
 0 0.472951
 0 0.458648
 0 0.445883
 0 0.453639
 0 0.509603
 0 0.29932
 0 0.504427
 0 0.591077
 0 0.369273
 0 0.489988
 0 0.402929
 0 0.46763
 0 0.405334
 0 0.47854
 0 0.430599
 0 0.415731
 0 0.470547
 0 0.439611
 0 0.503948
 0 0.51919
 0 0.586059
 0 0.538067
 0 0.483411
 0 0.545923
 0 0.335383
 0 0.467497
 0 0.514733
 0 0.536421
 0 0.59031
 0 0.529306
 0 0.600966
 0 0.472496
 0 0.526921
 0 0.560947
 0 0.466378
 0 0.435302
 0 0.469275
 0 0.516642
 0 0.527489
 0 0.392448
 0 0.411662
 0 0.421205
 0 0.559865
 0 0.476041
 0 0.614987
 0 0.604366
 0 0.588573
 0 0.433805
 0 0.511276
 0 0.467393
 0 0.499084
 0 0.356518
 0 0.44133
 0 0.464298
 0 0.512891
 0 0.577478
 0 0.414823
 0 0.415469
 0 0.526501
 0 0.317014
 0 0.514035
 0 0.517156
 0 0.469133
 0 0.489704
 0 0.481806
 0 0.455338
 0 0.496704
 0 0.352004
 0 0.378345
 0 0.57004
 0 0.457817
 0 0.442752
 0 0.65488
 0 0.538342
 0 0.438948
 0 0.408024
 0 0.441129
 0 0.529349
 0 0.522467
 0 0.528858
 0 0.521793
 0 0.478207
 0 0.477048
 0 0.441512
 0 0.506723
 0 0.415733
 0 0.346004
 0 0.367107
 0 0.522596
 0 0.49382
 0 0.44457
 0 0.437858
 0 0.426835
 0 0.402769
 0 0.442813
 0 0.40184
 0 0.658941
 0 0.700772
 0 0.506898
 0 0.472307
 0 0.559962
 0 0.533809
 0 0.491838
 0 0.481492
 0 0.576748
 0 0.465241
 0 0.536279
 0 0.464643
 0 0.447586
 0 0.383441
 0 0.439602
 0 0.349904
 0 0.444331
 0 0.46775
 0 0.523639
 0 0.468356
 0 0.40175
 0 0.399282
 0 0.441694
 0 0.521939
 0 0.529789
 0 0.484829
 0 0.518519
 0 0.389435
 0 0.500859
 0 0.551674
 0 0.467761
 0 0.503366
 0 0.482759
 0 0.497154
 0 0.378223
 0 0.43389
 0 0.432443
 0 0.46963
 0 0.431786
 0 0.486038
 0 0.46544
 0 0.656583
 0 0.473629
 0 0.462613
 0 0.528818
 0 0.489987
 0 0.550909
 0 0.570516
 0 0.421166
 0 0.551282
 0 0.551835
 0 0.3772
 0 0.591441
 0 0.62291
 0 0.58364
 0 0.298671
 0 0.524367
 0 0.425638
 0 0.442418
 0 0.501088
 0 0.469979
 0 0.565998
 0 0.499861
 0 0.48039
 0 0.509924
 0 0.554336
 0 0.546805
 0 0.460429
 0 0.455761
 0 0.411825
 0 0.662249
 0 0.400861
 0 0.551627
 0 0.624192
 0 0.447494
 0 0.59186
 0 0.433647
 0 0.437985
 0 0.577072
 0 0.442756
 0 0.575701
 0 0.415613
 0 0.522657
 0 0.449278
 0 0.547418
 0 0.468806
 0 0.453119
 0 0.393595
 0 0.424704
 0 0.493884
 0 0.488826
 0 0.577392
 0 0.460029
 0 0.520219
 0 0.445593
 0 0.529671
 0 0.495596
 0 0.399566
 0 0.554003
 0 0.54237
 0 0.524106
 0 0.591366
 0 0.4155
 0 0.546388
 0 0.601355
 0 0.480128
 0 0.494261
 0 0.404168
 0 0.60948
 0 0.4517
 0 0.509701
 0 0.394832
 0 0.484568
 0 0.555133
 0 0.454569
 0 0.487289
 0 0.50239
 0 0.469627
 0 0.554286
 0 0.4585
 0 0.479248
 0 0.333979
 0 0.35797
 0 0.585932
 0 0.50528
 0 0.475731
 0 0.34112
 0 0.535189
 0 0.621266
 0 0.429619
 0 0.452005
 0 0.47436
 0 0.433029
 0 0.548954
 0 0.616556
 0 0.438609
 0 0.541475
 0 0.364106
 0 0.427976
 0 0.496121
 0 0.44559
 0 0.590314
 0 0.590744
 0 0.474383
 0 0.352855
 0 0.53884
 0 0.399734
 0 0.508582
 0 0.457985
 0 0.406948
 0 0.490397
 0 0.626772
 0 0.603702
 0 0.51262
 0 0.468468
 0 0.489537
 0 0.476612
 0 0.5511
 0 0.517058
 0 0.56269
 0 0.554123
 0 0.439826
 0 0.478364
 0 0.447309
 0 0.46219
 0 0.407222
 0 0.490906
 0 0.390374
 0 0.497017
 0 0.476993
 0 0.51818
 0 0.599427
 0 0.379387
 0 0.603216
 0 0.481275
 0 0.584806
 0 0.413888
 0 0.546908
 0 0.487885
 0 0.506103
 0 0.499824
 0 0.470893
 0 0.441774
 0 0.535917
 0 0.476723
 0 0.524166
 0 0.494217
 0 0.44241
 0 0.507255
 0 0.430599
 0 0.521269
 0 0.461693
 0 0.493908
 0 0.374601
 0 0.483031
 0 0.411665
 0 0.581468
 0 0.417195
 0 0.53636
 0 0.514195
 0 0.577894
 0 0.415612
 0 0.552853
 0 0.554139
 0 0.442538
 0 0.38821
 0 0.448088
 0 0.533465
 0 0.524041
 0 0.505925
 0 0.509
 0 0.511198
 0 0.408779
 0 0.602218
 0 0.436037
 0 0.469184
 0 0.508705
 0 0.495369
 0 0.454038
 0 0.624196
 0 0.541961
 0 0.485337
 0 0.557798
 0 0.462353
 0 0.606888
 0 0.390041
 0 0.449099
 0 0.406432
 0 0.452502
 0 0.420656
 0 0.547361
 0 0.432745
 0 0.486299
 0 0.350851
 0 0.597059
 0 0.490912
 0 0.41243
 0 0.410617
 0 0.493337
 0 0.677633
 0 0.559948
 0 0.579462
 0 0.407848
 0 0.59346
 0 0.413068
 0 0.431954
 0 0.505858
 0 0.499281
 0 0.438803
 0 0.594157
 0 0.429708
 0 0.497837
 0 0.572035
 0 0.436706
 0 0.520743
 0 0.53618
 0 0.514406
 0 0.455927
 0 0.59237
 0 0.418346
 0 0.51949
 0 0.488143
 0 0.536801
 0 0.445622
 0 0.493463
 0 0.482345
 0 0.615521
 0 0.508058
 0 0.552327
 0 0.511187
 0 0.583056
 0 0.512706
 0 0.484588
 0 0.444743
 0 0.471753
 0 0.419853
 0 0.547825
 0 0.439964
 0 0.509219
 0 0.50764
 0 0.494046
 0 0.426903
 0 0.49347
 0 0.492233
 0 0.409852
 0 0.547228
 0 0.371276
 0 0.484252
 0 0.508364
 0 0.478541
 0 0.54407
 0 0.620224
 0 0.572608
 0 0.452298
 0 0.590111
 0 0.532729
 0 0.608639
 0 0.474652
 0 0.537014
 0 0.596848
 0 0.465934
 0 0.466748
 0 0.472934
 0 0.452942
 0 0.437896
 0 0.503634
 0 0.435046
 0 0.453754
 0 0.493834
 0 0.394151
 0 0.646155
 0 0.435965
 0 0.448235
 0 0.511962
 0 0.566731
 0 0.361106
 0 0.514018
 0 0.470127
 0 0.514942
 0 0.36133
 0 0.469325
 0 0.497169
 0 0.427861
 0 0.470901
 0 0.43675
 0 0.509086
 0 0.568498
 0 0.481283
 0 0.407308
 0 0.452538
 0 0.501325
 0 0.431116
 0 0.489048
 0 0.621016
 0 0.356007
 0 0.596238
 0 0.51626
 0 0.400532
 0 0.476488
 0 0.564833
 0 0.503514
 0 0.522008
 0 0.603803
 0 0.568664
 0 0.48282
 0 0.501011
 0 0.443052
 0 0.537766
 0 0.625985
 0 0.479171
 0 0.5505
 0 0.581757
 0 0.536857
 0 0.416866
 0 0.545899
 0 0.469198
 0 0.588042
 0 0.441119
 0 0.43213
 0 0.496292
 0 0.47598
 0 0.57097
 0 0.508178
 0 0.473242
 0 0.382117
 0 0.394448
 0 0.310127
 0 0.588373
 0 0.563964
 0 0.55049
 0 0.479391
 0 0.478928
 0 0.477985
 0 0.453486
 0 0.615599
 0 0.514829
 0 0.38131
 0 0.607953
 0 0.523633
 0 0.522523
 0 0.439639
 0 0.522055
 0 0.516012
 0 0.44844
 0 0.577247
 0 0.580874
 0 0.520404
 0 0.495608
 0 0.510781
 0 0.468913
 0 0.413853
 0 0.448762
 0 0.54378
 0 0.555771
 0 0.477595
 0 0.501484
 0 0.438428
 0 0.476202
 0 0.483071
 0 0.384814
 0 0.520196
 0 0.437241
 0 0.431587
 0 0.588875
 0 0.498603
 0 0.563297
 0 0.578121
 0 0.551926
 0 0.551646
 0 0.557995
 0 0.46368
 0 0.529176
 0 0.579262
 0 0.460537
 0 0.418525
 0 0.433657
 0 0.641803
 0 0.367843
 0 0.529596
 0 0.560518
 0 0.556109
 0 0.476012
 0 0.591618
 0 0.447009
 0 0.554245
 0 0.425292
 0 0.463075
 0 0.614187
 0 0.495404
 0 0.566999
 0 0.418397
 0 0.45279
