535 1 0 0 1
 0 0.485655
 0 0.311445
 0 0.441769
 0 0.417216
 0 0.476278
 0 0.415726
 0 0.41384
 0 0.488705
 0 0.444287
 0 0.339557
 0 0.516242
 0 0.524469
 0 0.434962
 0 0.351139
 0 0.362676
 0 0.439515
 0 0.518455
 0 0.363822
 0 0.45098
 0 0.356064
 0 0.460961
 0 0.449924
 0 0.401129
 0 0.434527
 0 0.496714
 0 0.351684
 0 0.419503
 0 0.552776
 0 0.527928
 0 0.403416
 0 0.478393
 0 0.434301
 0 0.456069
 0 0.386741
 0 0.413371
 0 0.430422
 0 0.457016
 0 0.517142
 0 0.455062
 0 0.390372
 0 0.575324
 0 0.484244
 0 0.509164
 0 0.495707
 0 0.426803
 0 0.522832
 0 0.448287
 0 0.42807
 0 0.371349
 0 0.555065
 0 0.42051
 0 0.51032
 0 0.413817
 0 0.454267
 0 0.422977
 0 0.450239
 0 0.397809
 0 0.400194
 0 0.445104
 0 0.386831
 0 0.473286
 0 0.321198
 0 0.463096
 0 0.385386
 0 0.402646
 0 0.409507
 0 0.425186
 0 0.425889
 0 0.427256
 0 0.421383
 0 0.541511
 0 0.388425
 0 0.513172
 0 0.494411
 0 0.406239
 0 0.523465
 0 0.451537
 0 0.621536
 0 0.48972
 0 0.497563
 0 0.454447
 0 0.547873
 0 0.462371
 0 0.398943
 0 0.484668
 0 0.451562
 0 0.522221
 0 0.367139
 0 0.516724
 0 0.532833
 0 0.423933
 0 0.534913
 0 0.429376
 0 0.535867
 0 0.527337
 0 0.463796
 0 0.417048
 0 0.401538
 0 0.32972
 0 0.412016
 0 0.480081
 0 0.441899
 0 0.520593
 0 0.417023
 0 0.459298
 0 0.545857
 0 0.417635
 0 0.391888
 0 0.412389
 0 0.50589
 0 0.45973
 0 0.511193
 0 0.540022
 0 0.404722
 0 0.467674
 0 0.405451
 0 0.462882
 0 0.411583
 0 0.521387
 0 0.399432
 0 0.473817
 0 0.518315
 0 0.564858
 0 0.440197
 0 0.425958
 0 0.403953
 0 0.529861
 0 0.501086
 0 0.297142
 0 0.350703
 0 0.456023
 0 0.537952
 0 0.510024
 0 0.530518
 0 0.517724
 0 0.423064
 0 0.46105
 0 0.517157
 0 0.525655
 0 0.400393
 0 0.509214
 0 0.486928
 0 0.391564
 0 0.413935
 0 0.486721
 0 0.413465
 0 0.313821
 0 0.460486
 0 0.583294
 0 0.46922
 0 0.579589
 0 0.471316
 0 0.44657
 0 0.436584
 0 0.434042
 0 0.592839
 0 0.4785
 0 0.435924
 0 0.439892
 0 0.509037
 0 0.578919
 0 0.578371
 0 0.364065
 0 0.517562
 0 0.360972
 0 0.39651
 0 0.456166
 0 0.49338
 0 0.445476
 0 0.469247
 0 0.445335
 0 0.463597
 0 0.43676
 0 0.516193
 0 0.55125
 0 0.521199
 0 0.468668
 0 0.399009
 0 0.46515
 0 0.527138
 0 0.45277
 0 0.638774
 0 0.474609
 0 0.433694
 0 0.353316
 0 0.530856
 0 0.441011
 0 0.476469
 0 0.446771
 0 0.531726
 0 0.453158
 0 0.494069
 0 0.553205
 0 0.472477
 0 0.317505
 0 0.495196
 0 0.447583
 0 0.428386
 0 0.4797
 0 0.515058
 0 0.399513
 0 0.510827
 0 0.440472
 0 0.412751
 0 0.492945
 0 0.423418
 0 0.599573
 0 0.364345
 0 0.545801
 0 0.558974
 0 0.476491
 0 0.540952
 0 0.525243
 0 0.375428
 0 0.389464
 0 0.573097
 0 0.54115
 0 0.318057
 0 0.374664
 0 0.595751
 0 0.474654
 0 0.487743
 0 0.386786
 0 0.42113
 0 0.359875
 0 0.468955
 0 0.447305
 0 0.451565
 0 0.578771
 0 0.421832
 0 0.487818
 0 0.560347
 0 0.517099
 0 0.349024
 0 0.305242
 0 0.30283
 0 0.547528
 0 0.4457
 0 0.422218
 0 0.448507
 0 0.351658
 0 0.524945
 0 0.487373
 0 0.413752
 0 0.599216
 0 0.537455
 0 0.33808
 0 0.393856
 0 0.460131
 0 0.459432
 0 0.533906
 0 0.448967
 0 0.381303
 0 0.558846
 0 0.488257
 0 0.444599
 0 0.4321
 0 0.434076
 0 0.593041
 0 0.509759
 0 0.466803
 0 0.411707
 0 0.592958
 0 0.450867
 0 0.492215
 0 0.379988
 0 0.374849
 0 0.485573
 0 0.523099
 0 0.437626
 0 0.394581
 0 0.381497
 0 0.430504
 0 0.248719
 0 0.468013
 0 0.359342
 0 0.402953
 0 0.343219
 0 0.411312
 0 0.500676
 0 0.47694
 0 0.407551
 0 0.424409
 0 0.475782
 0 0.434173
 0 0.528183
 0 0.560218
 0 0.374522
 0 0.546644
 0 0.292511
 0 0.560668
 0 0.497493
 0 0.466141
 0 0.542946
 0 0.495255
 0 0.426467
 0 0.426312
 0 0.405969
 0 0.370956
 0 0.451259
 0 0.511032
 0 0.485497
 0 0.447605
 0 0.501755
 0 0.360281
 0 0.434318
 0 0.46882
 0 0.533843
 0 0.410244
 0 0.533943
 0 0.434042
 0 0.444258
 0 0.436725
 0 0.469523
 0 0.393192
 0 0.579724
 0 0.469239
 0 0.493522
 0 0.438993
 0 0.564959
 0 0.411566
 0 0.464605
 0 0.469804
 0 0.554956
 0 0.444076
 0 0.398942
 0 0.417279
 0 0.529386
 0 0.464633
 0 0.427349
 0 0.534411
 0 0.544169
 0 0.474263
 0 0.498474
 0 0.43785
 0 0.422865
 0 0.414196
 0 0.511994
 0 0.477675
 0 0.478584
 0 0.466202
 0 0.411884
 0 0.40586
 0 0.388982
 0 0.482257
 0 0.500365
 0 0.420186
 0 0.339798
 0 0.407359
 0 0.433193
 0 0.421686
 0 0.575174
 0 0.386171
 0 0.450962
 0 0.400313
 0 0.427129
 0 0.542197
 0 0.584307
 0 0.468321
 0 0.4413
 0 0.399146
 0 0.482387
 0 0.525725
 0 0.564109
 0 0.511799
 0 0.452092
 0 0.468465
 0 0.377374
 0 0.384713
 0 0.494812
 0 0.59429
 0 0.51018
 0 0.473666
 0 0.419531
 0 0.413353
 0 0.567982
 0 0.464735
 0 0.546581
 0 0.453207
 0 0.457724
 0 0.48943
 0 0.508008
 0 0.470183
 0 0.414519
 0 0.36562
 0 0.388841
 0 0.475447
 0 0.508253
 0 0.407639
 0 0.396369
 0 0.454625
 0 0.393424
 0 0.403808
 0 0.45537
 0 0.470297
 0 0.443882
 0 0.407716
 0 0.48888
 0 0.498578
 0 0.506877
 0 0.44699
 0 0.45698
 0 0.517965
 0 0.66603
 0 0.518173
 0 0.484262
 0 0.476094
 0 0.412105
 0 0.472728
 0 0.481772
 0 0.520957
 0 0.401322
 0 0.353032
 0 0.465726
 0 0.518761
 0 0.3706
 0 0.537357
 0 0.444637
 0 0.411957
 0 0.39414
 0 0.341237
 0 0.510266
 0 0.566596
 0 0.401848
 0 0.535333
 0 0.492457
 0 0.445142
 0 0.483291
 0 0.561934
 0 0.43778
 0 0.368841
 0 0.522093
 0 0.435461
 0 0.371407
 0 0.481437
 0 0.390551
 0 0.550503
 0 0.302503
 0 0.424356
 0 0.385029
 0 0.503293
 0 0.44842
 0 0.405457
 0 0.490952
 0 0.474368
 0 0.553233
 0 0.438709
 0 0.517599
 0 0.353086
 0 0.375298
 0 0.583523
 0 0.51654
 0 0.46091
 0 0.479321
 0 0.313848
 0 0.468606
 0 0.442714
 0 0.468978
 0 0.42369
 0 0.465057
 0 0.433497
 0 0.335505
 0 0.422186
 0 0.409063
 0 0.515043
 0 0.425814
 0 0.478341
 0 0.477725
 0 0.476241
 0 0.499399
 0 0.496971
 0 0.543198
 0 0.418908
 0 0.488261
 0 0.311747
 0 0.536471
 0 0.406766
 0 0.449185
 0 0.623491
 0 0.486442
 0 0.477601
 0 0.47113
 0 0.399553
 0 0.541272
 0 0.507846
 0 0.575619
 0 0.408602
 0 0.452964
 0 0.542264
 0 0.4924
 0 0.386021
 0 0.571402
 0 0.524163
 0 0.466894
 0 0.478429
 0 0.500006
 0 0.434569
 0 0.549418
 0 0.56126
 0 0.483235
 0 0.498722
 0 0.573961
 0 0.347613
 0 0.526913
 0 0.363963
 0 0.504989
 0 0.452354
 0 0.50104
 0 0.374426
 0 0.52455
 0 0.429863
 0 0.443155
 0 0.528204
 0 0.400441
 0 0.444675
 0 0.532646
 0 0.608129
 0 0.434801
 0 0.469634
 0 0.433203
 0 0.475569
 0 0.370068
 0 0.523236
 0 0.491317
 0 0.551847
 0 0.507218
 0 0.427384
 0 0.501569
 0 0.559944
 0 0.554104
 0 0.418884
 0 0.308252
 0 0.273553
 0 0.443358
 0 0.503862
