535 1 0 0 1
 0 0.573351
 0 0.447123
 0 0.42515
 0 0.504771
 0 0.579648
 0 0.523269
 0 0.524659
 0 0.458199
 0 0.522903
 0 0.421345
 0 0.471497
 0 0.588811
 0 0.434007
 0 0.498599
 0 0.588658
 0 0.424828
 0 0.419438
 0 0.463177
 0 0.55573
 0 0.577513
 0 0.385095
 0 0.485023
 0 0.563436
 0 0.437396
 0 0.40186
 0 0.584939
 0 0.476862
 0 0.577119
 0 0.521614
 0 0.500401
 0 0.551759
 0 0.614545
 0 0.42499
 0 0.331213
 0 0.492207
 0 0.48916
 0 0.541872
 0 0.557497
 0 0.591947
 0 0.558097
 0 0.48596
 0 0.501471
 0 0.591737
 0 0.500439
 0 0.41497
 0 0.497241
 0 0.523147
 0 0.45158
 0 0.437732
 0 0.599459
 0 0.525342
 0 0.63735
 0 0.448051
 0 0.589832
 0 0.526617
 0 0.518453
 0 0.546705
 0 0.382981
 0 0.492489
 0 0.584675
 0 0.610942
 0 0.570188
 0 0.414562
 0 0.544667
 0 0.476971
 0 0.513707
 0 0.460787
 0 0.485533
 0 0.611659
 0 0.567705
 0 0.378086
 0 0.496436
 0 0.570707
 0 0.461776
 0 0.466707
 0 0.392056
 0 0.484216
 0 0.464625
 0 0.436059
 0 0.419877
 0 0.535009
 0 0.406577
 0 0.456115
 0 0.511362
 0 0.505221
 0 0.502014
 0 0.570748
 0 0.561687
 0 0.547902
 0 0.557614
 0 0.548675
 0 0.471939
 0 0.507023
 0 0.534242
 0 0.493146
 0 0.481016
 0 0.578679
 0 0.421079
 0 0.49915
 0 0.404151
 0 0.486319
 0 0.504872
 0 0.487867
 0 0.609331
 0 0.629661
 0 0.522451
 0 0.636926
 0 0.461237
 0 0.452864
 0 0.384203
 0 0.55313
 0 0.554978
 0 0.550392
 0 0.545209
 0 0.561848
 0 0.461911
 0 0.520354
 0 0.322464
 0 0.541093
 0 0.500196
 0 0.607112
 0 0.531458
 0 0.457811
 0 0.465819
 0 0.466466
 0 0.503631
 0 0.425875
 0 0.558463
 0 0.5213
 0 0.627357
 0 0.426001
 0 0.547085
 0 0.648444
 0 0.548627
 0 0.508279
 0 0.573167
 0 0.491838
 0 0.510878
 0 0.46525
 0 0.483799
 0 0.49441
 0 0.515321
 0 0.51666
 0 0.392142
 0 0.539476
 0 0.476883
 0 0.450617
 0 0.399178
 0 0.510682
 0 0.613024
 0 0.541814
 0 0.472897
 0 0.466382
 0 0.442983
 0 0.220928
 0 0.506588
 0 0.594425
 0 0.555052
 0 0.44441
 0 0.58747
 0 0.566384
 0 0.493993
 0 0.480955
 0 0.375961
 0 0.530611
 0 0.56464
 0 0.556984
 0 0.447
 0 0.536065
 0 0.468822
 0 0.463598
 0 0.529348
 0 0.535347
 0 0.532473
 0 0.442688
 0 0.602524
 0 0.603722
 0 0.55687
 0 0.469221
 0 0.464647
 0 0.504983
 0 0.520388
 0 0.490763
 0 0.591536
 0 0.450636
 0 0.624394
 0 0.508717
 0 0.576072
 0 0.533968
 0 0.55927
 0 0.438268
 0 0.426266
 0 0.605707
 0 0.50452
 0 0.515591
 0 0.61449
 0 0.588744
 0 0.546048
 0 0.596826
 0 0.616579
 0 0.356376
 0 0.603784
 0 0.453375
 0 0.590447
 0 0.519104
 0 0.545378
 0 0.626128
 0 0.401767
 0 0.552251
 0 0.479733
 0 0.455536
 0 0.454349
 0 0.460184
 0 0.648367
 0 0.462319
 0 0.548009
 0 0.551272
 0 0.366312
 0 0.568081
 0 0.655372
 0 0.553228
 0 0.677303
 0 0.59588
 0 0.524558
 0 0.548206
 0 0.414366
 0 0.55619
 0 0.459314
 0 0.602928
 0 0.506766
 0 0.502203
 0 0.511276
 0 0.561501
 0 0.53145
 0 0.455696
 0 0.410036
 0 0.605948
 0 0.528264
 0 0.413296
 0 0.450916
 0 0.578897
 0 0.547363
 0 0.45169
 0 0.505874
 0 0.479342
 0 0.655497
 0 0.51977
 0 0.500851
 0 0.539175
 0 0.533521
 0 0.374959
 0 0.473228
 0 0.636532
 0 0.555637
 0 0.531382
 0 0.54716
 0 0.515995
 0 0.500268
 0 0.539758
 0 0.4079
 0 0.614782
 0 0.39929
 0 0.467816
 0 0.426411
 0 0.513104
 0 0.572973
 0 0.377153
 0 0.53522
 0 0.497527
 0 0.550102
 0 0.382107
 0 0.545495
 0 0.495274
 0 0.542316
 0 0.499875
 0 0.450244
 0 0.476223
 0 0.545146
 0 0.57145
 0 0.367921
 0 0.530429
 0 0.461943
 0 0.489628
 0 0.43434
 0 0.564853
 0 0.450605
 0 0.542408
 0 0.56244
 0 0.600274
 0 0.464357
 0 0.472625
 0 0.531884
 0 0.63509
 0 0.478253
 0 0.523079
 0 0.514219
 0 0.558774
 0 0.49803
 0 0.587816
 0 0.532044
 0 0.519558
 0 0.563828
 0 0.432748
 0 0.476634
 0 0.481605
 0 0.525318
 0 0.618203
 0 0.559441
 0 0.4152
 0 0.599224
 0 0.450641
 0 0.514467
 0 0.403795
 0 0.52798
 0 0.531383
 0 0.532921
 0 0.532247
 0 0.433546
 0 0.507722
 0 0.40634
 0 0.622247
 0 0.531551
 0 0.470922
 0 0.592136
 0 0.451554
 0 0.557102
 0 0.531073
 0 0.64038
 0 0.397068
 0 0.469826
 0 0.512376
 0 0.551997
 0 0.487106
 0 0.520977
 0 0.493147
 0 0.420469
 0 0.3846
 0 0.604517
 0 0.459589
 0 0.468437
 0 0.599934
 0 0.507224
 0 0.493352
 0 0.48977
 0 0.527836
 0 0.52027
 0 0.497851
 0 0.377763
 0 0.446634
 0 0.458214
 0 0.530184
 0 0.563574
 0 0.52393
 0 0.408745
 0 0.579426
 0 0.470584
 0 0.470736
 0 0.606261
 0 0.372192
 0 0.43475
 0 0.355584
 0 0.497055
 0 0.466668
 0 0.599501
 0 0.50979
 0 0.514293
 0 0.45716
 0 0.383039
 0 0.495811
 0 0.593935
 0 0.488783
 0 0.661339
 0 0.543036
 0 0.45618
 0 0.519613
 0 0.552714
 0 0.46528
 0 0.538881
 0 0.528473
 0 0.478423
 0 0.496155
 0 0.596924
 0 0.500679
 0 0.496343
 0 0.369745
 0 0.545035
 0 0.457115
 0 0.387306
 0 0.494176
 0 0.540684
 0 0.519749
 0 0.545528
 0 0.514477
 0 0.539229
 0 0.634391
 0 0.514409
 0 0.497064
 0 0.548078
 0 0.601467
 0 0.46516
 0 0.509474
 0 0.506059
 0 0.640358
 0 0.511278
 0 0.596696
 0 0.605492
 0 0.564276
 0 0.471821
 0 0.4772
 0 0.408763
 0 0.452422
 0 0.475938
 0 0.510183
 0 0.569202
 0 0.620338
 0 0.487087
 0 0.497564
 0 0.398923
 0 0.449853
 0 0.493068
 0 0.570369
 0 0.53109
 0 0.455952
 0 0.516813
 0 0.59145
 0 0.383721
 0 0.506355
 0 0.491634
 0 0.567246
 0 0.670503
 0 0.638065
 0 0.596653
 0 0.569773
 0 0.417462
 0 0.377695
 0 0.52026
 0 0.547887
 0 0.369946
 0 0.550045
 0 0.501493
 0 0.494176
 0 0.51058
 0 0.689374
 0 0.572538
 0 0.502854
 0 0.599246
 0 0.625194
 0 0.57122
 0 0.496936
 0 0.517179
 0 0.617908
 0 0.528359
 0 0.497629
 0 0.552964
 0 0.401242
 0 0.629947
 0 0.397747
 0 0.514859
 0 0.475034
 0 0.633841
 0 0.469109
 0 0.526937
 0 0.409109
 0 0.534023
 0 0.534521
 0 0.665054
 0 0.45263
 0 0.55235
 0 0.416096
 0 0.578553
 0 0.547338
 0 0.582472
 0 0.485244
 0 0.58434
 0 0.484684
 0 0.557731
 0 0.57799
 0 0.589356
 0 0.702326
 0 0.540431
 0 0.550884
 0 0.573265
 0 0.5523
 0 0.419547
 0 0.550035
 0 0.53929
 0 0.644745
 0 0.590392
 0 0.572909
 0 0.453912
 0 0.38062
 0 0.631242
 0 0.434463
 0 0.506867
 0 0.423543
 0 0.492933
 0 0.497626
 0 0.43808
 0 0.536756
 0 0.607384
 0 0.505503
 0 0.487167
 0 0.406262
 0 0.494196
 0 0.580281
 0 0.578604
 0 0.537103
 0 0.54655
 0 0.482569
 0 0.546977
 0 0.495744
 0 0.429985
 0 0.522057
 0 0.321966
 0 0.611244
 0 0.574014
 0 0.680856
 0 0.483419
 0 0.42343
 0 0.46389
 0 0.436308
 0 0.404235
 0 0.47816
 0 0.597194
 0 0.510853
 0 0.425857
 0 0.422071
 0 0.466816
 0 0.479559
 0 0.536365
 0 0.619677
 0 0.459395
 0 0.52585
 0 0.424699
 0 0.600609
