535 1 0 0 1
 0 0.913501
 0 0.717866
 0 0.802308
 0 0.831329
 0 0.960591
 0 0.80741
 0 1.04051
 0 0.976835
 0 0.859701
 0 0.640337
 0 0.895478
 0 0.927218
 0 0.748308
 0 0.809494
 0 0.725724
 0 0.773712
 0 0.791622
 0 0.730075
 0 0.906335
 0 0.81166
 0 0.870313
 0 0.894205
 0 0.899242
 0 0.771601
 0 0.896121
 0 0.821587
 0 0.888772
 0 0.968925
 0 1.03296
 0 0.744395
 0 0.795664
 0 0.937902
 0 0.779607
 0 0.829626
 0 0.838672
 0 0.861019
 0 0.896988
 0 0.941056
 0 0.879276
 0 0.841141
 0 1.01724
 0 0.876521
 0 0.912458
 0 0.884343
 0 0.768373
 0 1.00442
 0 0.836889
 0 0.858268
 0 0.668959
 0 1.0082
 0 0.776991
 0 0.935305
 0 0.840613
 0 0.814887
 0 0.833691
 0 0.891653
 0 0.805812
 0 0.846345
 0 0.741787
 0 0.796894
 0 0.857463
 0 0.799569
 0 0.869058
 0 0.757727
 0 0.855638
 0 0.790575
 0 0.817758
 0 0.818666
 0 0.73238
 0 0.776658
 0 0.904112
 0 0.833491
 0 0.917317
 0 0.869613
 0 0.912981
 0 0.928908
 0 0.830345
 0 0.983811
 0 0.900663
 0 0.975302
 0 0.889846
 0 0.879145
 0 0.908189
 0 0.795725
 0 0.775718
 0 0.914275
 0 0.981098
 0 0.848286
 0 0.998509
 0 0.949808
 0 0.887571
 0 0.894193
 0 0.772383
 0 0.91331
 0 0.967312
 0 0.898451
 0 0.864221
 0 0.83629
 0 0.738852
 0 0.78102
 0 0.959071
 0 0.794629
 0 0.903098
 0 0.83208
 0 0.92927
 0 0.936358
 0 0.889754
 0 0.815037
 0 0.83702
 0 0.97565
 0 0.879709
 0 0.902266
 0 0.901305
 0 0.823841
 0 0.837819
 0 0.874119
 0 0.842029
 0 0.721422
 0 1.01222
 0 0.724885
 0 0.858138
 0 1.02078
 0 1.01665
 0 0.894151
 0 0.718533
 0 0.766916
 0 1.06996
 0 0.834078
 0 0.706616
 0 0.732867
 0 0.77723
 0 1.09767
 0 0.970472
 0 0.988081
 0 0.957128
 0 0.908111
 0 0.855123
 0 0.978076
 0 0.990781
 0 0.805385
 0 0.917738
 0 0.934415
 0 0.851012
 0 0.707497
 0 0.966969
 0 0.766556
 0 0.661389
 0 0.909628
 0 1.02034
 0 0.90386
 0 0.985171
 0 0.882308
 0 0.815211
 0 0.834006
 0 0.791031
 0 1.02591
 0 0.978995
 0 0.937239
 0 0.801913
 0 0.887354
 0 0.959725
 0 0.991587
 0 0.780742
 0 0.919319
 0 0.772964
 0 0.726254
 0 0.785375
 0 0.843338
 0 0.927735
 0 0.922673
 0 0.82557
 0 0.973896
 0 0.803749
 0 0.962236
 0 0.942351
 0 0.973389
 0 0.885538
 0 0.758328
 0 0.921475
 0 0.896708
 0 0.798212
 0 1.10539
 0 0.857961
 0 0.844566
 0 0.807452
 0 1.07166
 0 0.810402
 0 0.947733
 0 0.822458
 0 0.984395
 0 0.872696
 0 0.925127
 0 0.998661
 0 0.850231
 0 0.68923
 0 0.909785
 0 0.860807
 0 0.856809
 0 0.942778
 0 0.956039
 0 0.792299
 0 0.875284
 0 0.813735
 0 0.80049
 0 0.894369
 0 0.836658
 0 1.02557
 0 0.817156
 0 0.908641
 0 0.998644
 0 0.807246
 0 0.870597
 0 0.898956
 0 0.798416
 0 0.683659
 0 1.11826
 0 1.00367
 0 0.703405
 0 0.820414
 0 1.0631
 0 0.887088
 0 0.938916
 0 0.811489
 0 0.939305
 0 0.766035
 0 0.894201
 0 0.794806
 0 0.799297
 0 0.949219
 0 0.817844
 0 0.93259
 0 0.981102
 0 0.914756
 0 0.69119
 0 0.615909
 0 0.746477
 0 0.931482
 0 0.883151
 0 0.86686
 0 0.878283
 0 0.775683
 0 0.972897
 0 0.906612
 0 0.881156
 0 0.932428
 0 0.986315
 0 0.714089
 0 0.786859
 0 0.977491
 0 0.864528
 0 0.977952
 0 0.892334
 0 0.836475
 0 0.976337
 0 0.941031
 0 0.855343
 0 0.724969
 0 0.899414
 0 1.01167
 0 0.94584
 0 0.90052
 0 0.821677
 0 1.10688
 0 0.904129
 0 0.9384
 0 0.769423
 0 0.755553
 0 0.887359
 0 0.947566
 0 0.838115
 0 0.784413
 0 0.785467
 0 0.87716
 0 0.699872
 0 0.90604
 0 0.722406
 0 0.825486
 0 0.836275
 0 0.805814
 0 0.902171
 0 0.912832
 0 0.766678
 0 0.832009
 0 0.860502
 0 0.841614
 0 0.935612
 0 0.937383
 0 0.696993
 0 1.01847
 0 0.596336
 0 0.952165
 0 0.922726
 0 0.854568
 0 0.997003
 0 0.856757
 0 0.855251
 0 0.746731
 0 0.812242
 0 0.800822
 0 0.883399
 0 0.856012
 0 1.01283
 0 0.703867
 0 0.94133
 0 0.730184
 0 0.87859
 0 0.899435
 0 1.02005
 0 0.886206
 0 0.950023
 0 0.821122
 0 0.810514
 0 0.893335
 0 0.908711
 0 0.868414
 0 1.00831
 0 0.912523
 0 0.827309
 0 0.831695
 0 1.02425
 0 0.872416
 0 0.835495
 0 0.965173
 0 1.00076
 0 0.886398
 0 0.760986
 0 0.834496
 0 0.965552
 0 0.842041
 0 0.806489
 0 0.910822
 0 0.887655
 0 0.87425
 0 1.00971
 0 0.858946
 0 0.879187
 0 0.823406
 0 1.0265
 0 0.981304
 0 0.888295
 0 0.829027
 0 0.80757
 0 0.825286
 0 0.804155
 0 0.897364
 0 0.996676
 0 0.898748
 0 0.667859
 0 0.78521
 0 0.816477
 0 0.812333
 0 1.01922
 0 0.872073
 0 0.828871
 0 0.759619
 0 0.801636
 0 0.905742
 0 1.06778
 0 0.937664
 0 0.838538
 0 0.692083
 0 0.871798
 0 0.94944
 0 1.06455
 0 0.804224
 0 0.891268
 0 0.830759
 0 0.75956
 0 0.769296
 0 0.84181
 0 1.12136
 0 0.861593
 0 0.841936
 0 0.81814
 0 0.854012
 0 1.10973
 0 0.917473
 0 1.02868
 0 0.934476
 0 0.904459
 0 0.963665
 0 0.917835
 0 0.809609
 0 0.899315
 0 0.771641
 0 0.762567
 0 0.876493
 0 0.834687
 0 0.806993
 0 0.809243
 0 0.857539
 0 0.820916
 0 0.840672
 0 0.984954
 0 0.959323
 0 0.865645
 0 0.920995
 0 0.872927
 0 0.998467
 0 1.007
 0 0.913032
 0 0.815522
 0 1.00593
 0 1.13354
 0 0.920072
 0 0.912023
 0 0.899702
 0 0.815943
 0 1.0396
 0 0.894138
 0 0.989051
 0 0.843768
 0 0.735958
 0 0.969505
 0 0.917675
 0 0.77887
 0 1.06005
 0 0.856307
 0 0.805827
 0 0.789633
 0 0.77764
 0 0.987972
 0 1.01993
 0 0.910597
 0 0.931074
 0 0.848869
 0 0.818891
 0 0.910031
 0 0.981836
 0 0.861624
 0 0.79055
 0 0.931488
 0 0.770173
 0 0.741958
 0 0.943924
 0 0.86058
 0 0.917486
 0 0.675286
 0 0.797133
 0 0.756574
 0 0.912248
 0 0.856849
 0 0.841395
 0 0.864388
 0 0.966302
 0 0.968405
 0 0.874477
 0 1.01187
 0 0.819716
 0 0.727745
 0 0.993914
 0 0.985657
 0 0.915837
 0 1.04809
 0 0.738318
 0 0.765898
 0 0.860516
 0 0.880573
 0 0.801833
 0 0.84995
 0 0.856513
 0 0.723638
 0 0.863671
 0 0.85969
 0 0.999035
 0 0.809473
 0 0.782664
 0 0.766859
 0 0.902728
 0 0.932578
 0 0.959887
 0 0.99375
 0 0.795666
 0 0.994762
 0 0.687834
 0 0.999594
 0 0.823696
 0 0.987665
 0 1.12987
 0 0.935019
 0 0.930786
 0 0.865241
 0 0.764639
 0 0.929348
 0 0.967844
 0 1.06034
 0 0.813428
 0 0.949041
 0 0.984195
 0 0.885714
 0 0.868761
 0 0.939061
 0 1.02618
 0 0.865407
 0 0.938663
 0 0.937521
 0 0.893947
 0 0.965716
 0 1.04548
 0 1.00184
 0 0.903359
 0 0.924051
 0 0.624816
 0 0.951417
 0 0.819253
 0 0.994922
 0 0.920011
 0 0.905109
 0 0.703479
 0 0.990157
 0 0.87319
 0 0.803562
 0 0.978974
 0 0.859982
 0 0.931638
 0 0.857656
 0 0.973486
 0 0.92535
 0 0.888234
 0 0.882516
 0 0.896754
 0 0.83564
 0 0.993281
 0 1.08197
 0 0.946288
 0 0.984019
 0 0.7802
 0 0.966124
 0 1.03164
 0 1.03745
 0 0.942108
 0 0.674415
 0 0.759043
 0 0.891138
 0 0.916016
