535 1 0 0 1
 0 0.988674
 0 0.775048
 0 0.7901
 0 0.723322
 0 0.853236
 0 0.98159
 0 1.25891
 0 1.07839
 0 1.10978
 0 0.836696
 0 0.707
 0 0.921492
 0 0.714824
 0 1.06101
 0 1.11208
 0 0.818186
 0 0.84232
 0 0.729712
 0 1.04678
 0 0.756464
 0 0.753278
 0 0.977368
 0 1.067
 0 0.670752
 0 0.956668
 0 1.03032
 0 1.14627
 0 0.81803
 0 1.19813
 0 1.03398
 0 1.25447
 0 0.837016
 0 0.764674
 0 0.886182
 0 0.93961
 0 1.06532
 0 1.0752
 0 0.99478
 0 0.730626
 0 1.06685
 0 1.27273
 0 0.842884
 0 0.828304
 0 0.793232
 0 1.162
 0 1.14643
 0 0.960532
 0 0.792092
 0 0.76485
 0 1.19612
 0 1.18266
 0 1.02907
 0 0.992332
 0 1.17254
 0 0.76467
 0 0.845046
 0 0.867912
 0 0.9639
 0 0.822532
 0 0.771004
 0 0.95555
 0 1.10266
 0 0.957972
 0 0.826262
 0 0.62987
 0 1.08375
 0 0.719516
 0 0.81065
 0 0.948628
 0 1.0009
 0 0.91198
 0 1.14733
 0 1.13002
 0 1.07664
 0 0.858474
 0 1.10198
 0 0.722108
 0 0.986032
 0 0.985156
 0 1.09909
 0 1.25295
 0 0.909038
 0 1.23121
 0 1.02034
 0 0.829962
 0 0.939816
 0 1.03589
 0 1.08644
 0 1.07941
 0 0.901134
 0 1.15572
 0 0.795042
 0 0.66312
 0 0.93498
 0 1.07613
 0 0.968118
 0 0.667464
 0 0.956456
 0 0.925848
 0 0.74951
 0 0.960988
 0 0.83476
 0 0.83252
 0 1.16748
 0 0.88866
 0 0.976958
 0 0.743628
 0 0.835608
 0 1.16015
 0 1.07303
 0 0.718484
 0 0.948136
 0 0.67936
 0 0.899494
 0 1.17621
 0 1.16012
 0 0.816914
 0 0.805796
 0 0.773228
 0 0.549206
 0 0.79261
 0 0.879044
 0 0.751598
 0 0.714934
 0 0.622922
 0 0.943362
 0 0.95865
 0 0.80084
 0 1.02597
 0 1.07318
 0 0.81465
 0 1.20303
 0 1.20857
 0 1.2245
 0 0.879466
 0 1.38091
 0 0.957924
 0 0.755648
 0 0.740964
 0 0.790554
 0 0.781178
 0 0.820348
 0 0.913482
 0 0.740968
 0 0.725756
 0 0.837518
 0 0.795062
 0 0.989894
 0 1.15423
 0 1.09919
 0 0.846492
 0 0.944166
 0 1.13843
 0 0.712774
 0 0.829704
 0 0.962228
 0 1.28951
 0 1.06721
 0 0.640278
 0 1.17547
 0 0.987742
 0 0.733356
 0 0.995786
 0 0.988004
 0 0.978634
 0 0.709546
 0 1.1257
 0 0.805132
 0 1.19237
 0 0.953048
 0 0.677856
 0 1.08296
 0 1.06443
 0 1.08583
 0 0.841644
 0 0.93042
 0 1.23424
 0 1.00631
 0 1.0629
 0 0.753478
 0 0.779208
 0 1.08653
 0 0.727608
 0 1.21717
 0 0.851742
 0 1.15661
 0 0.735014
 0 0.898266
 0 0.998874
 0 0.854238
 0 0.708108
 0 1.1067
 0 0.90357
 0 1.05675
 0 0.934298
 0 1.05579
 0 0.881774
 0 0.913728
 0 1.00444
 0 0.956472
 0 0.968696
 0 1.01013
 0 1.10321
 0 1.07527
 0 1.05813
 0 1.00732
 0 1.01875
 0 0.840536
 0 0.771438
 0 1.02422
 0 0.9582
 0 1.07349
 0 0.722876
 0 1.21856
 0 0.735866
 0 1.03173
 0 1.38447
 0 0.685636
 0 0.884798
 0 1.21151
 0 1.19289
 0 1.15078
 0 0.769248
 0 1.13015
 0 0.647662
 0 0.513138
 0 1.03548
 0 0.924518
 0 0.958912
 0 0.822452
 0 1.09439
 0 1.01441
 0 0.717982
 0 1.05371
 0 0.984364
 0 0.900256
 0 1.05124
 0 1.28886
 0 0.683986
 0 0.93682
 0 0.935988
 0 0.805862
 0 1.10822
 0 1.00327
 0 1.18122
 0 0.709676
 0 0.81974
 0 0.733958
 0 1.30371
 0 0.801486
 0 1.1659
 0 0.755066
 0 0.968762
 0 0.774248
 0 1.20795
 0 0.890034
 0 0.915826
 0 0.972968
 0 1.07886
 0 0.994416
 0 0.986184
 0 0.860644
 0 1.0174
 0 0.891902
 0 1.16785
 0 0.85166
 0 1.05415
 0 1.10666
 0 1.04515
 0 0.77332
 0 0.924408
 0 0.96844
 0 0.744764
 0 0.95397
 0 1.0286
 0 0.352724
 0 0.679572
 0 0.935888
 0 1.12562
 0 0.801646
 0 1.0831
 0 0.99129
 0 0.937148
 0 0.96134
 0 0.91047
 0 0.844378
 0 0.960146
 0 0.915086
 0 1.11826
 0 0.820416
 0 0.943806
 0 0.850978
 0 0.872664
 0 1.02628
 0 1.02654
 0 0.846312
 0 0.766282
 0 0.990634
 0 1.13627
 0 1.20807
 0 0.891374
 0 1.0125
 0 1.05822
 0 0.833448
 0 0.862796
 0 1.01832
 0 0.994298
 0 0.824776
 0 0.705246
 0 1.0011
 0 0.905938
 0 1.00865
 0 0.965732
 0 0.836704
 0 1.2064
 0 0.535198
 0 1.16654
 0 0.800518
 0 0.736478
 0 1.01056
 0 0.975666
 0 1.03022
 0 1.14253
 0 0.628866
 0 0.83372
 0 1.00138
 0 1.08422
 0 1.20488
 0 1.10851
 0 0.809372
 0 1.08365
 0 0.842928
 0 0.775608
 0 1.08459
 0 1.05612
 0 0.997104
 0 0.968964
 0 0.857766
 0 1.06462
 0 0.80004
 0 0.80091
 0 0.901004
 0 1.09325
 0 1.18496
 0 1.17965
 0 0.776118
 0 0.903062
 0 0.61584
 0 0.662804
 0 0.643254
 0 0.775224
 0 0.910162
 0 0.870758
 0 0.944258
 0 1.11829
 0 0.966062
 0 0.928692
 0 0.892834
 0 1.05171
 0 1.13995
 0 0.72882
 0 1.00051
 0 1.14616
 0 0.790252
 0 0.964776
 0 1.04103
 0 0.8097
 0 0.853334
 0 0.606908
 0 0.864552
 0 1.23249
 0 1.026
 0 1.04064
 0 1.19317
 0 1.0026
 0 1.23414
 0 0.838284
 0 0.828066
 0 1.3486
 0 0.814614
 0 0.918158
 0 0.98575
 0 1.0064
 0 1.16375
 0 0.901046
 0 0.619448
 0 1.17924
 0 1.00768
 0 1.04283
 0 1.14482
 0 0.806526
 0 1.13945
 0 1.17157
 0 0.79928
 0 0.89318
 0 1.0156
 0 0.83245
 0 1.01483
 0 1.06718
 0 1.05534
 0 1.13002
 0 1.11448
 0 0.974266
 0 0.988718
 0 0.95704
 0 0.895358
 0 0.837508
 0 0.91166
 0 0.923288
 0 0.72946
 0 1.02111
 0 0.949584
 0 0.944752
 0 1.35492
 0 1.11417
 0 0.916842
 0 1.15231
 0 0.880928
 0 0.850236
 0 0.736558
 0 0.927124
 0 1.36041
 0 0.794894
 0 0.965802
 0 1.01109
 0 1.0406
 0 0.99217
 0 0.80082
 0 1.00942
 0 1.0958
 0 0.98006
 0 0.888766
 0 0.875324
 0 0.864578
 0 0.765034
 0 1.15885
 0 1.14156
 0 0.423712
 0 1.12554
 0 0.798204
 0 0.84554
 0 1.17849
 0 1.00194
 0 1.12322
 0 0.978388
 0 1.32873
 0 1.32491
 0 0.932644
 0 1.17119
 0 1.03427
 0 1.11228
 0 0.972184
 0 0.97866
 0 0.973584
 0 0.91061
 0 1.00864
 0 0.73296
 0 1.02561
 0 1.17997
 0 0.89994
 0 0.760594
 0 0.786716
 0 0.905646
 0 0.77449
 0 1.18197
 0 1.05375
 0 0.764714
 0 0.893148
 0 0.903654
 0 0.728938
 0 1.34832
 0 1.44503
 0 0.615458
 0 1.12794
 0 0.911482
 0 0.95287
 0 0.800844
 0 1.12505
 0 1.07663
 0 0.954396
 0 0.995486
 0 1.26115
 0 1.08435
 0 0.624654
 0 0.920682
 0 1.11811
 0 0.842594
 0 1.4097
 0 0.921388
 0 1.16238
 0 1.02094
 0 0.974362
 0 0.890138
 0 1.00252
 0 0.90558
 0 1.16647
 0 1.03891
 0 1.0052
 0 1.24611
 0 0.858794
 0 0.734866
 0 0.808246
 0 0.811418
 0 0.965594
 0 0.88324
 0 0.816484
 0 0.91525
 0 0.814796
 0 1.00721
 0 1.10165
 0 1.18655
 0 0.89721
 0 1.23858
 0 0.928512
 0 1.11365
 0 0.925532
 0 1.15393
 0 1.00656
 0 0.860646
 0 1.15943
 0 0.94321
 0 1.04425
 0 1.03102
 0 1.09925
 0 0.859416
 0 0.773226
 0 0.701354
 0 1.138
 0 0.961496
 0 1.0339
 0 1.0094
 0 0.61668
 0 1.13671
 0 1.08966
 0 0.861576
