535 1 0 0 1
 0 0.905517
 0 0.841974
 0 0.850644
 0 0.922794
 0 0.989336
 0 1.0627
 0 1.15563
 0 0.927069
 0 0.899033
 0 0.874011
 0 0.889214
 0 0.998914
 0 0.586721
 0 0.988768
 0 1.15862
 0 0.723842
 0 0.960465
 0 0.789813
 0 0.916639
 0 0.794528
 0 0.938025
 0 0.844052
 0 0.814908
 0 0.922357
 0 0.861717
 0 0.987829
 0 1.01771
 0 1.14878
 0 1.05471
 0 0.947573
 0 1.07011
 0 0.657411
 0 0.916378
 0 1.00897
 0 1.05148
 0 1.15711
 0 1.03754
 0 1.178
 0 0.926177
 0 1.03286
 0 1.09956
 0 0.914185
 0 0.85327
 0 0.919863
 0 1.01271
 0 1.03397
 0 0.769269
 0 0.806932
 0 0.825638
 0 1.09744
 0 0.933126
 0 1.20549
 0 1.18467
 0 1.15371
 0 0.850336
 0 1.00219
 0 0.916174
 0 0.978294
 0 0.698839
 0 0.865086
 0 0.910108
 0 1.00536
 0 1.13196
 0 0.813128
 0 0.814394
 0 1.03204
 0 0.621405
 0 1.0076
 0 1.01372
 0 0.919585
 0 0.959908
 0 0.944426
 0 0.892544
 0 0.973629
 0 0.689991
 0 0.741624
 0 1.11738
 0 0.897404
 0 0.867874
 0 1.28368
 0 1.05525
 0 0.860417
 0 0.7998
 0 0.864692
 0 1.03762
 0 1.02413
 0 1.03666
 0 1.02281
 0 0.937372
 0 0.9351
 0 0.865443
 0 0.993268
 0 0.814912
 0 0.67823
 0 0.719596
 0 1.02438
 0 0.967976
 0 0.871437
 0 0.85828
 0 0.836673
 0 0.7895
 0 0.867993
 0 0.787679
 0 1.29164
 0 1.37364
 0 0.993611
 0 0.925807
 0 1.09763
 0 1.04636
 0 0.964091
 0 0.943811
 0 1.13053
 0 0.911956
 0 1.0512
 0 0.910784
 0 0.877349
 0 0.751613
 0 0.861699
 0 0.685875
 0 0.870969
 0 0.916874
 0 1.02643
 0 0.918062
 0 0.787502
 0 0.782665
 0 0.8658
 0 1.02309
 0 1.03848
 0 0.950352
 0 1.01639
 0 0.763363
 0 0.981774
 0 1.08138
 0 0.916896
 0 0.986688
 0 0.946295
 0 0.974511
 0 0.741385
 0 0.850503
 0 0.847666
 0 0.920559
 0 0.846378
 0 0.952722
 0 0.912346
 0 1.28702
 0 0.928398
 0 0.906805
 0 1.03658
 0 0.960463
 0 1.07988
 0 1.11831
 0 0.825561
 0 1.08061
 0 1.0817
 0 0.73938
 0 1.15933
 0 1.22102
 0 1.14404
 0 0.585449
 0 1.02785
 0 0.834327
 0 0.867219
 0 0.982223
 0 0.921243
 0 1.10946
 0 0.979818
 0 0.941651
 0 0.999543
 0 1.0866
 0 1.07184
 0 0.902524
 0 0.893374
 0 0.807251
 0 1.29813
 0 0.78576
 0 1.08129
 0 1.22353
 0 0.877169
 0 1.16015
 0 0.850026
 0 0.858529
 0 1.13116
 0 0.867881
 0 1.12848
 0 0.814676
 0 1.0245
 0 0.880666
 0 1.07304
 0 0.918944
 0 0.888195
 0 0.771517
 0 0.832496
 0 0.968102
 0 0.958187
 0 1.13179
 0 0.90174
 0 1.01972
 0 0.873442
 0 1.03825
 0 0.971457
 0 0.783221
 0 1.08595
 0 1.06314
 0 1.02734
 0 1.15918
 0 0.814455
 0 1.07102
 0 1.17876
 0 0.941137
 0 0.968841
 0 0.792242
 0 1.19469
 0 0.885413
 0 0.999106
 0 0.773942
 0 0.949841
 0 1.08816
 0 0.891037
 0 0.955174
 0 0.984775
 0 0.920553
 0 1.0865
 0 0.898743
 0 0.939412
 0 0.654659
 0 0.701686
 0 1.14853
 0 0.99044
 0 0.932518
 0 0.668657
 0 1.04907
 0 1.21779
 0 0.842131
 0 0.886011
 0 0.929831
 0 0.848815
 0 1.07605
 0 1.20856
 0 0.859753
 0 1.06139
 0 0.713713
 0 0.83891
 0 0.972486
 0 0.873437
 0 1.15712
 0 1.15796
 0 0.929876
 0 0.691659
 0 1.05622
 0 0.783551
 0 0.996912
 0 0.897733
 0 0.797691
 0 0.961266
 0 1.22859
 0 1.18336
 0 1.00483
 0 0.918282
 0 0.959581
 0 0.934245
 0 1.08026
 0 1.01353
 0 1.10297
 0 1.08618
 0 0.862138
 0 0.93768
 0 0.876806
 0 0.905976
 0 0.798228
 0 0.962264
 0 0.765203
 0 0.974243
 0 0.934992
 0 1.01573
 0 1.17498
 0 0.743667
 0 1.18241
 0 0.943386
 0 1.14633
 0 0.811295
 0 1.07204
 0 0.956342
 0 0.992053
 0 0.979745
 0 0.923035
 0 0.865957
 0 1.05049
 0 0.934463
 0 1.02746
 0 0.968754
 0 0.867203
 0 0.994311
 0 0.844052
 0 1.02178
 0 0.905001
 0 0.968149
 0 0.734285
 0 0.946828
 0 0.806937
 0 1.13978
 0 0.817777
 0 1.05136
 0 1.00791
 0 1.13278
 0 0.814674
 0 1.08369
 0 1.08621
 0 0.867454
 0 0.760961
 0 0.878333
 0 1.04569
 0 1.02721
 0 0.991704
 0 0.997732
 0 1.00204
 0 0.80128
 0 1.18046
 0 0.854711
 0 0.919685
 0 0.997153
 0 0.971012
 0 0.889996
 0 1.22354
 0 1.06234
 0 0.951348
 0 1.09338
 0 0.906295
 0 1.18961
 0 0.764551
 0 0.880315
 0 0.79668
 0 0.886985
 0 0.824561
 0 1.07293
 0 0.848258
 0 0.953234
 0 0.687731
 0 1.17034
 0 0.962276
 0 0.808437
 0 0.804883
 0 0.967029
 0 1.32828
 0 1.0976
 0 1.13585
 0 0.799455
 0 1.16329
 0 0.809688
 0 0.846708
 0 0.991573
 0 0.978681
 0 0.860133
 0 1.16465
 0 0.842305
 0 0.97585
 0 1.12129
 0 0.856022
 0 1.02075
 0 1.05101
 0 1.00833
 0 0.893699
 0 1.16115
 0 0.820033
 0 1.01829
 0 0.956848
 0 1.05223
 0 0.873499
 0 0.967276
 0 0.945483
 0 1.20653
 0 0.995885
 0 1.08266
 0 1.00202
 0 1.14289
 0 1.005
 0 0.94988
 0 0.871776
 0 0.924721
 0 0.822987
 0 1.07384
 0 0.862409
 0 0.998161
 0 0.995066
 0 0.968419
 0 0.836807
 0 0.96729
 0 0.964865
 0 0.803384
 0 1.07267
 0 0.727768
 0 0.949221
 0 0.996485
 0 0.938026
 0 1.06648
 0 1.21575
 0 1.12241
 0 0.886585
 0 1.15672
 0 1.04424
 0 1.19304
 0 0.930403
 0 1.05264
 0 1.16993
 0 0.913315
 0 0.91491
 0 0.927036
 0 0.887848
 0 0.858355
 0 0.987213
 0 0.852768
 0 0.88944
 0 0.968004
 0 0.772607
 0 1.26658
 0 0.85457
 0 0.878621
 0 1.00354
 0 1.11089
 0 0.707833
 0 1.00757
 0 0.921534
 0 1.00938
 0 0.708272
 0 0.919961
 0 0.974541
 0 0.838685
 0 0.923051
 0 0.856109
 0 0.9979
 0 1.11436
 0 0.943401
 0 0.798397
 0 0.887056
 0 0.982687
 0 0.845065
 0 0.958622
 0 1.2173
 0 0.697838
 0 1.16873
 0 1.01196
 0 0.785115
 0 0.934002
 0 1.10717
 0 0.986978
 0 1.02323
 0 1.18356
 0 1.11468
 0 0.946414
 0 0.982072
 0 0.868462
 0 1.05412
 0 1.22704
 0 0.939261
 0 1.07908
 0 1.14035
 0 1.05234
 0 0.817132
 0 1.07006
 0 0.919713
 0 1.15267
 0 0.864673
 0 0.847053
 0 0.972822
 0 0.933006
 0 1.1192
 0 0.99612
 0 0.92764
 0 0.749018
 0 0.773189
 0 0.607905
 0 1.15332
 0 1.10547
 0 1.07906
 0 0.939693
 0 0.938785
 0 0.936937
 0 0.888914
 0 1.20668
 0 1.00916
 0 0.747436
 0 1.1917
 0 1.02641
 0 1.02424
 0 0.861772
 0 1.02332
 0 1.01148
 0 0.879023
 0 1.13151
 0 1.13862
 0 1.02009
 0 0.971481
 0 1.00122
 0 0.919154
 0 0.811226
 0 0.879654
 0 1.06591
 0 1.08941
 0 0.936172
 0 0.982999
 0 0.859398
 0 0.933442
 0 0.946906
 0 0.754305
 0 1.01968
 0 0.857071
 0 0.845988
 0 1.1543
 0 0.977352
 0 1.10416
 0 1.13322
 0 1.08187
 0 1.08133
 0 1.09377
 0 0.908896
 0 1.03728
 0 1.13546
 0 0.902735
 0 0.820384
 0 0.850046
 0 1.25805
 0 0.721038
 0 1.0381
 0 1.09872
 0 1.09007
 0 0.933069
 0 1.15968
 0 0.876218
 0 1.08642
 0 0.833649
 0 0.90771
 0 1.20392
 0 0.971081
 0 1.11142
 0 0.820133
 0 0.88755
