535 1 0 0 1
 0 0.460197
 0 0.555767
 0 0.227571
 0 0.469541
 0 0.766205
 0 0.532038
 0 0.448015
 0 0.470288
 0 0.529013
 0 0.534754
 0 0.489059
 0 0.232552
 0 0.497077
 0 0.868036
 0 0.369651
 0 0.571877
 0 0.657438
 0 0.458371
 0 0.435546
 0 0.667129
 0 0.557306
 0 0.492345
 0 0.326748
 0 0.488379
 0 0.433301
 0 0.398974
 0 0.675664
 0 0.372783
 0 0.512373
 0 0.443486
 0 0.770914
 0 0.679469
 0 0.520494
 0 0.413226
 0 0.31539
 0 0.431618
 0 0.664506
 0 0.242733
 0 0.406573
 0 0.390637
 0 0.35865
 0 0.551578
 0 0.428634
 0 0.66939
 0 0.454853
 0 0.610541
 0 0.583182
 0 0.596486
 0 0.753104
 0 0.441502
 0 0.796369
 0 0.570004
 0 0.438665
 0 0.658279
 0 0.558882
 0 0.548176
 0 0.552084
 0 0.57534
 0 0.460558
 0 0.508743
 0 0.171796
 0 0.401393
 0 0.490409
 0 0.470436
 0 0.791115
 0 0.374294
 0 0.539572
 0 0.255568
 0 0.185017
 0 0.3121
 0 0.583474
 0 0.338481
 0 0.315322
 0 0.490643
 0 0.625159
 0 0.584074
 0 0.389215
 0 0.501898
 0 0.541756
 0 0.472362
 0 0.506918
 0 0.648986
 0 0.487573
 0 0.438363
 0 0.469835
 0 0.315195
 0 0.673752
 0 0.494685
 0 0.765048
 0 0.476772
 0 0.260017
 0 0.451737
 0 0.706486
 0 0.248464
 0 0.620205
 0 0.303245
 0 0.377418
 0 0.63176
 0 0.756028
 0 0.312848
 0 0.617538
 0 0.648783
 0 0.168956
 0 0.477578
 0 0.566338
 0 0.763906
 0 0.388342
 0 0.504682
 0 0.48642
 0 0.520766
 0 0.444939
 0 0.786793
 0 0.803392
 0 0.353677
 0 0.495861
 0 0.745226
 0 0.331069
 0 0.548877
 0 0.455499
 0 0.346267
 0 0.639632
 0 0.382219
 0 0.461076
 0 0.488168
 0 0.461666
 0 0.644497
 0 0.576336
 0 0.535108
 0 0.512825
 0 0.397752
 0 0.558315
 0 0.584582
 0 0.638788
 0 0.334504
 0 0.4428
 0 0.109633
 0 0.670482
 0 0.534278
 0 0.529584
 0 0.927758
 0 0.289762
 0 0.63247
 0 0.469211
 0 0.663908
 0 0.304476
 0 0.476263
 0 0.532371
 0 0.643182
 0 0.570955
 0 0.605209
 0 0.78893
 0 0.594822
 0 0.591941
 0 0.479409
 0 0.463796
 0 0.468357
 0 0.459138
 0 0.553146
 0 0.716326
 0 0.446929
 0 0.439771
 0 0.331526
 0 0.396198
 0 0.509833
 0 0.654944
 0 0.604281
 0 0.464685
 0 0.606915
 0 0.538783
 0 0.47705
 0 0.419245
 0 0.501807
 0 0.445258
 0 0.618995
 0 0.47303
 0 0.818723
 0 0.438661
 0 0.448867
 0 0.74428
 0 0.586225
 0 0.678791
 0 0.214282
 0 0.544303
 0 0.487796
 0 0.512149
 0 0.642961
 0 0.684745
 0 0.457008
 0 0.714654
 0 0.566779
 0 0.547769
 0 0.614407
 0 0.464341
 0 0.433156
 0 0.617877
 0 0.614398
 0 0.825805
 0 0.720821
 0 0.44741
 0 0.693906
 0 0.517054
 0 0.658242
 0 0.260233
 0 0.548405
 0 0.499984
 0 0.233114
 0 0.47514
 0 0.548476
 0 0.220288
 0 0.51233
 0 0.212779
 0 0.431263
 0 0.754135
 0 0.460247
 0 0.502253
 0 0.592059
 0 0.127262
 0 0.315857
 0 0.26896
 0 0.316283
 0 0.613455
 0 0.383657
 0 0.498752
 0 0.755787
 0 0.373388
 0 0.580759
 0 0.639621
 0 0.464128
 0 0.392636
 0 0.289823
 0 0.44634
 0 0.728944
 0 0.570491
 0 0.375353
 0 0.522711
 0 0.350999
 0 0.574113
 0 0.563934
 0 0.498689
 0 0.316525
 0 0.487316
 0 0.61393
 0 0.616442
 0 0.524975
 0 0.499785
 0 0.616148
 0 0.712222
 0 0.634487
 0 0.495242
 0 0.402252
 0 0.244152
 0 0.737826
 0 0.440764
 0 0.481616
 0 0.702384
 0 0.504825
 0 0.5524
 0 0.406389
 0 0.413836
 0 0.337869
 0 0.631516
 0 0.490046
 0 0.414427
 0 0.341389
 0 0.329016
 0 0.522348
 0 0.720967
 0 0.586547
 0 0.256828
 0 0.497164
 0 0.48958
 0 0.467735
 0 0.665219
 0 0.590436
 0 0.58458
 0 0.309243
 0 0.575498
 0 0.588061
 0 0.237382
 0 0.523135
 0 0.477336
 0 0.268598
 0 0.477127
 0 0.417254
 0 0.466217
 0 0.503101
 0 0.605465
 0 0.431529
 0 0.445472
 0 0.558947
 0 0.674652
 0 0.554823
 0 0.361209
 0 0.476416
 0 0.402242
 0 0.574767
 0 0.125324
 0 0.579816
 0 0.697998
 0 0.504858
 0 0.726415
 0 0.56047
 0 0.673182
 0 0.367169
 0 0.463129
 0 0.460225
 0 0.611078
 0 0.629541
 0 0.259027
 0 0.421839
 0 0.472246
 0 0.586274
 0 0.590588
 0 0.539792
 0 0.435596
 0 0.606536
 0 0.50733
 0 0.316462
 0 0.196157
 0 0.317558
 0 0.571663
 0 0.409911
 0 0.378302
 0 0.70558
 0 0.580321
 0 0.602409
 0 0.417258
 0 0.669614
 0 0.341612
 0 0.583629
 0 0.50025
 0 0.577266
 0 0.442921
 0 0.43615
 0 0.573949
 0 0.608821
 0 0.383149
 0 0.433868
 0 0.45303
 0 0.488258
 0 0.610013
 0 0.691529
 0 0.124512
 0 0.24204
 0 0.700904
 0 0.179008
 0 0.684473
 0 0.725606
 0 0.588182
 0 0.370283
 0 0.598567
 0 0.53612
 0 0.645254
 0 0.435144
 0 0.546825
 0 0.362877
 0 0.66576
 0 0.665351
 0 0.504998
 0 0.594287
 0 0.609974
 0 0.61566
 0 0.360534
 0 0.652941
 0 0.507733
 0 0.51166
 0 0.34464
 0 0.611772
 0 0.376552
 0 0.346907
 0 0.662141
 0 0.580971
 0 0.30056
 0 0.792518
 0 0.784818
 0 0.729909
 0 0.647054
 0 0.429517
 0 0.525142
 0 0.529089
 0 0.49656
 0 0.692012
 0 0.428686
 0 0.578286
 0 0.555743
 0 0.841518
 0 0.679262
 0 0.622192
 0 0.705572
 0 0.362244
 0 0.340498
 0 0.662024
 0 0.548981
 0 0.4428
 0 0.341157
 0 0.558329
 0 0.261476
 0 0.753533
 0 0.476961
 0 0.681418
 0 0.584098
 0 0.418225
 0 0.466458
 0 0.505195
 0 0.725893
 0 0.621596
 0 0.607094
 0 0.526898
 0 0.494129
 0 0.803908
 0 0.518588
 0 0.423881
 0 0.530086
 0 0.635252
 0 0.455721
 0 0.34032
 0 0.614182
 0 0.571954
 0 0.356635
 0 0.253181
 0 0.555345
 0 0.407705
 0 0.430281
 0 0.54904
 0 0.678192
 0 0.613632
 0 0.347116
 0 0.437444
 0 0.374795
 0 0.527799
 0 0.489517
 0 0.37603
 0 0.534121
 0 0.594761
 0 0.241376
 0 0.705792
 0 0.56948
 0 0.253047
 0 0.379071
 0 0.52721
 0 0.678182
 0 0.468486
 0 0.347692
 0 0.540945
 0 0.66679
 0 0.393649
 0 0.512923
 0 0.75173
 0 0.280959
 0 0.612572
 0 0.377164
 0 0.609359
 0 0.665089
 0 0.565048
 0 0.576685
 0 0.389649
 0 0.918546
 0 0.519816
 0 0.649013
 0 0.311581
 0 0.400328
 0 0.618442
 0 0.43239
 0 0.633987
 0 0.182554
 0 0.456314
 0 0.5522
 0 0.281362
 0 0.632579
 0 0.483851
 0 0.549725
 0 0.424208
 0 0.391556
 0 0.533225
 0 0.590158
 0 0.490476
 0 0.600088
 0 0.742437
 0 0.653952
 0 0.446272
 0 0.361835
 0 0.567435
 0 0.577447
 0 0.416059
 0 0.520283
 0 0.620719
 0 0.779952
 0 0.516683
 0 0.349886
 0 0.352455
 0 0.471037
 0 0.53533
 0 0.561142
 0 0.63921
 0 0.592264
 0 0.620873
 0 0.450212
 0 0.418728
 0 0.697813
 0 0.440807
 0 0.468816
 0 0.470869
 0 0.409696
 0 0.659773
 0 0.421815
 0 0.43537
 0 0.785335
 0 0.806991
 0 0.562322
 0 0.270691
 0 0.638205
 0 0.176269
 0 0.452917
 0 0.654872
 0 0.577789
 0 0.718744
 0 0.570624
 0 0.848718
 0 0.572893
 0 0.49646
 0 0.330457
 0 0.423392
 0 0.451656
 0 0.473446
 0 0.46377
 0 0.457577
 0 0.510891
 0 0.598905
 0 0.471265
 0 0.21857
 0 0.450654
 0 0.38582
 0 0.665366
 0 0.588262
 0 0.634301
