535 1 0 0 1
 0 0.563238
 0 0.517653
 0 0.462922
 0 0.354411
 0 0.577109
 0 0.407192
 0 0.612039
 0 0.449382
 0 0.581224
 0 0.380458
 0 0.406815
 0 0.419104
 0 0.419799
 0 0.527458
 0 0.560451
 0 0.485903
 0 0.269727
 0 0.432189
 0 0.488875
 0 0.350195
 0 0.521334
 0 0.426147
 0 0.59154
 0 0.423382
 0 0.404125
 0 0.568729
 0 0.517556
 0 0.534408
 0 0.567104
 0 0.469298
 0 0.537802
 0 0.40845
 0 0.486106
 0 0.613869
 0 0.582638
 0 0.569376
 0 0.628033
 0 0.450976
 0 0.336317
 0 0.523897
 0 0.655618
 0 0.270978
 0 0.244754
 0 0.551751
 0 0.709817
 0 0.611567
 0 0.438642
 0 0.411124
 0 0.289574
 0 0.613611
 0 0.631364
 0 0.5275
 0 0.39283
 0 0.622153
 0 0.508246
 0 0.425394
 0 0.406087
 0 0.473237
 0 0.278307
 0 0.252526
 0 0.2833
 0 0.521451
 0 0.497893
 0 0.485994
 0 0.507085
 0 0.381889
 0 0.271099
 0 0.458511
 0 0.540107
 0 0.38259
 0 0.465839
 0 0.595943
 0 0.476721
 0 0.408619
 0 0.464426
 0 0.634128
 0 0.290072
 0 0.556792
 0 0.428862
 0 0.474297
 0 0.609834
 0 0.477852
 0 0.516007
 0 0.454177
 0 0.390763
 0 0.469129
 0 0.475014
 0 0.412555
 0 0.393597
 0 0.325194
 0 0.458597
 0 0.326494
 0 0.14429
 0 0.416679
 0 0.552381
 0 0.440518
 0 0.431459
 0 0.521624
 0 0.435338
 0 0.409152
 0 0.433113
 0 0.408244
 0 0.539839
 0 0.60063
 0 0.568678
 0 0.416355
 0 0.554487
 0 0.295372
 0 0.742971
 0 0.548513
 0 0.266666
 0 0.462965
 0 0.45511
 0 0.528314
 0 0.41756
 0 0.617587
 0 0.324397
 0 0.34321
 0 0.439805
 0 0.440967
 0 0.555516
 0 0.51631
 0 0.390595
 0 0.266901
 0 0.453717
 0 0.407014
 0 0.588626
 0 0.479112
 0 0.436013
 0 0.429708
 0 0.498581
 0 0.551226
 0 0.666154
 0 0.584284
 0 0.385093
 0 0.619545
 0 0.355177
 0 0.305141
 0 0.429858
 0 0.396925
 0 0.516905
 0 0.34073
 0 0.444369
 0 0.254109
 0 0.3218
 0 0.430824
 0 0.242041
 0 0.567036
 0 0.555735
 0 0.446679
 0 0.566165
 0 0.375389
 0 0.482942
 0 0.38235
 0 0.340972
 0 0.359609
 0 0.657745
 0 0.485511
 0 0.186608
 0 0.387845
 0 0.613039
 0 0.316788
 0 0.624304
 0 0.41507
 0 0.473056
 0 0.400774
 0 0.455202
 0 0.367539
 0 0.684966
 0 0.420544
 0 0.443548
 0 0.535133
 0 0.353985
 0 0.570926
 0 0.48435
 0 0.505633
 0 0.506486
 0 0.37455
 0 0.490791
 0 0.397164
 0 0.524806
 0 0.434032
 0 0.374528
 0 0.60202
 0 0.513283
 0 0.624617
 0 0.396027
 0 0.343852
 0 0.476682
 0 0.473341
 0 0.51822
 0 0.486368
 0 0.467526
 0 0.378268
 0 0.601357
 0 0.391359
 0 0.534636
 0 0.455479
 0 0.445853
 0 0.435439
 0 0.379154
 0 0.511543
 0 0.448547
 0 0.534243
 0 0.626569
 0 0.374661
 0 0.530675
 0 0.481119
 0 0.376007
 0 0.536181
 0 0.55626
 0 0.504665
 0 0.269419
 0 0.67104
 0 0.325936
 0 0.513146
 0 0.708928
 0 0.40531
 0 0.519353
 0 0.454744
 0 0.474228
 0 0.661052
 0 0.358318
 0 0.634738
 0 0.299972
 0 0.320436
 0 0.639525
 0 0.303142
 0 0.278865
 0 0.537101
 0 0.549092
 0 0.438997
 0 0.233844
 0 0.458679
 0 0.465111
 0 0.463237
 0 0.382381
 0 0.490002
 0 0.399303
 0 0.660191
 0 0.422349
 0 0.314897
 0 0.48078
 0 0.409295
 0 0.599898
 0 0.292031
 0 0.214119
 0 0.266037
 0 0.661429
 0 0.293492
 0 0.650327
 0 0.44856
 0 0.612575
 0 0.397772
 0 0.563782
 0 0.540394
 0 0.415884
 0 0.481088
 0 0.566372
 0 0.555348
 0 0.441548
 0 0.477868
 0 0.414754
 0 0.470183
 0 0.608998
 0 0.479434
 0 0.484923
 0 0.658536
 0 0.499405
 0 0.397655
 0 0.591229
 0 0.413123
 0 0.289193
 0 0.467132
 0 0.551159
 0 0.161201
 0 0.556196
 0 0.42264
 0 0.632187
 0 0.509655
 0 0.64697
 0 0.462395
 0 0.493432
 0 0.521442
 0 0.430024
 0 0.368738
 0 0.284017
 0 0.424453
 0 0.507667
 0 0.394817
 0 0.402753
 0 0.363399
 0 0.320457
 0 0.46089
 0 0.558132
 0 0.585061
 0 0.308456
 0 0.518721
 0 0.492
 0 0.575375
 0 0.471469
 0 0.488102
 0 0.390222
 0 0.314063
 0 0.48965
 0 0.443951
 0 0.440626
 0 0.451453
 0 0.50797
 0 0.377728
 0 0.513204
 0 0.564519
 0 0.443093
 0 0.428106
 0 0.430621
 0 0.499272
 0 0.246767
 0 0.358553
 0 0.307106
 0 0.39444
 0 0.714169
 0 0.60449
 0 0.578804
 0 0.287569
 0 0.478406
 0 0.413015
 0 0.641509
 0 0.665457
 0 0.354878
 0 0.35882
 0 0.474335
 0 0.532955
 0 0.415128
 0 0.63831
 0 0.418873
 0 0.688142
 0 0.472615
 0 0.384471
 0 0.605688
 0 0.440439
 0 0.370626
 0 0.579719
 0 0.54171
 0 0.629546
 0 0.625387
 0 0.376241
 0 0.732251
 0 0.41403
 0 0.382951
 0 0.353485
 0 0.572982
 0 0.373949
 0 0.483365
 0 0.519891
 0 0.48676
 0 0.301645
 0 0.312491
 0 0.502112
 0 0.51043
 0 0.540256
 0 0.424466
 0 0.583118
 0 0.633732
 0 0.389102
 0 0.366801
 0 0.488813
 0 0.350425
 0 0.59613
 0 0.373564
 0 0.511736
 0 0.571883
 0 0.433754
 0 0.568734
 0 0.244524
 0 0.585116
 0 0.471612
 0 0.295423
 0 0.40133
 0 0.463448
 0 0.46197
 0 0.465584
 0 0.45982
 0 0.395983
 0 0.586543
 0 0.447068
 0 0.35319
 0 0.51759
 0 0.518497
 0 0.398229
 0 0.689319
 0 0.215133
 0 0.479161
 0 0.519873
 0 0.486353
 0 0.347434
 0 0.591949
 0 0.382053
 0 0.59051
 0 0.50098
 0 0.634072
 0 0.691453
 0 0.518487
 0 0.412094
 0 0.520374
 0 0.444396
 0 0.447876
 0 0.600914
 0 0.681803
 0 0.418721
 0 0.442061
 0 0.558525
 0 0.294364
 0 0.559399
 0 0.617841
 0 0.558047
 0 0.513966
 0 0.663907
 0 0.424186
 0 0.372416
 0 0.346581
 0 0.460054
 0 0.663542
 0 0.314398
 0 0.403279
 0 0.541323
 0 0.29891
 0 0.470132
 0 0.376634
 0 0.594622
 0 0.537803
 0 0.541829
 0 0.453796
 0 0.382155
 0 0.458323
 0 0.363156
 0 0.537134
 0 0.463245
 0 0.296201
 0 0.538067
 0 0.568578
 0 0.437489
 0 0.547593
 0 0.406995
 0 0.351647
 0 0.431959
 0 0.678242
 0 0.607463
 0 0.444124
 0 0.43218
 0 0.631073
 0 0.511364
 0 0.366928
 0 0.474496
 0 0.503196
 0 0.583319
 0 0.437602
 0 0.415779
 0 0.577985
 0 0.664781
 0 0.41493
 0 0.380222
 0 0.407184
 0 0.504079
 0 0.357001
 0 0.438689
 0 0.55947
 0 0.240308
 0 0.392231
 0 0.599832
 0 0.401521
 0 0.663007
 0 0.624858
 0 0.409527
 0 0.551916
 0 0.648537
 0 0.404582
 0 0.238787
 0 0.377161
 0 0.562519
 0 0.553645
 0 0.529856
 0 0.501545
 0 0.544598
 0 0.347781
 0 0.411556
 0 0.338693
 0 0.504528
 0 0.624474
 0 0.450071
 0 0.690929
 0 0.463769
 0 0.368115
 0 0.422888
 0 0.539815
 0 0.525915
 0 0.52991
 0 0.615664
 0 0.528048
 0 0.634041
 0 0.406097
 0 0.2114
 0 0.341861
 0 0.486902
 0 0.553258
 0 0.446857
 0 0.406133
 0 0.611843
 0 0.35113
 0 0.375486
 0 0.642887
 0 0.560888
 0 0.529414
 0 0.709913
 0 0.488281
 0 0.368286
 0 0.435997
 0 0.664981
 0 0.582134
 0 0.411034
 0 0.457417
 0 0.458853
 0 0.595868
 0 0.564642
 0 0.574345
 0 0.483444
 0 0.505445
 0 0.281893
 0 0.684498
 0 0.564573
 0 0.357825
 0 0.479316
 0 0.24752
 0 0.630687
 0 0.384434
 0 0.613211
