535 1 0 0 1
 0 1.03157
 0 0.989585
 0 0.988801
 0 0.805571
 0 1.20333
 0 0.857068
 0 1.19879
 0 1.02449
 0 0.916689
 0 0.683349
 0 0.984628
 0 0.787839
 0 1.02775
 0 1.11483
 0 0.822872
 0 0.561004
 0 0.637836
 0 0.984532
 0 0.815209
 0 1.04141
 0 0.844997
 0 1.0923
 0 1.18243
 0 0.541309
 0 0.791527
 0 0.963219
 0 0.723958
 0 1.13341
 0 0.944638
 0 0.897569
 0 0.800652
 0 0.863443
 0 0.699696
 0 0.922933
 0 1.12374
 0 0.931173
 0 1.23793
 0 0.873009
 0 0.875751
 0 0.822293
 0 1.19084
 0 0.686937
 0 0.821493
 0 0.937356
 0 0.983355
 0 0.82836
 0 0.905015
 0 1.22948
 0 0.542349
 0 0.749101
 0 0.864687
 0 1.21627
 0 0.693918
 0 1.09706
 0 0.871621
 0 0.765548
 0 0.928102
 0 0.592399
 0 0.727573
 0 0.733748
 0 0.762369
 0 0.917586
 0 0.926662
 0 0.764812
 0 1.11732
 0 0.992702
 0 0.637388
 0 1.09815
 0 1.00119
 0 0.775805
 0 0.548159
 0 0.80974
 0 1.05933
 0 0.911117
 0 1.03995
 0 0.693658
 0 0.512317
 0 0.713359
 0 1.149
 0 1.03041
 0 1.01267
 0 0.659848
 0 1.12008
 0 0.852576
 0 1.07459
 0 1.06938
 0 1.03163
 0 1.19794
 0 0.78183
 0 1.04121
 0 0.603104
 0 0.768098
 0 0.677286
 0 0.951614
 0 0.970594
 0 0.612557
 0 1.12229
 0 1.14681
 0 1.11813
 0 0.869219
 0 0.810597
 0 0.641365
 0 0.888883
 0 1.08206
 0 1.15503
 0 1.21376
 0 1.15195
 0 0.859837
 0 1.16216
 0 0.762233
 0 0.738571
 0 0.916064
 0 1.21395
 0 0.852116
 0 0.719751
 0 0.768554
 0 0.936692
 0 0.925868
 0 0.98458
 0 0.98213
 0 1.25189
 0 1.15014
 0 0.615268
 0 0.861195
 0 0.478709
 0 1.07594
 0 1.24062
 0 0.967485
 0 1.32266
 0 0.932202
 0 0.892383
 0 1.26121
 0 1.21062
 0 1.0767
 0 0.825589
 0 1.18393
 0 0.901008
 0 0.945972
 0 1.15282
 0 0.764731
 0 1.2243
 0 0.648824
 0 0.85448
 0 0.758741
 0 0.834625
 0 1.12174
 0 0.405127
 0 0.904573
 0 1.01125
 0 1.06201
 0 1.29094
 0 0.482901
 0 0.625087
 0 0.905402
 0 0.346938
 0 0.650291
 0 0.860866
 0 0.955168
 0 0.655118
 0 1.09851
 0 1.13754
 0 0.732704
 0 0.895112
 0 0.813449
 0 1.04551
 0 0.790439
 0 1.01501
 0 0.809669
 0 1.26749
 0 1.20485
 0 0.821218
 0 0.727564
 0 0.682128
 0 1.05145
 0 0.756143
 0 1.20413
 0 0.741078
 0 0.983428
 0 0.875215
 0 0.928698
 0 0.941438
 0 0.936857
 0 0.711334
 0 1.38117
 0 0.87678
 0 1.24186
 0 1.07508
 0 1.13653
 0 1.15354
 0 0.915889
 0 1.0388
 0 0.790451
 0 0.95326
 0 0.742865
 0 1.19812
 0 0.766508
 0 1.26262
 0 0.777878
 0 0.883724
 0 1.02283
 0 0.956947
 0 0.962441
 0 1.11612
 0 0.963294
 0 1.29624
 0 0.887803
 0 0.858116
 0 0.724487
 0 0.940359
 0 0.728668
 0 1.09525
 0 0.963937
 0 0.877903
 0 1.07495
 0 0.63149
 0 0.90558
 0 1.06884
 0 0.993031
 0 0.811838
 0 1.18916
 0 1.22928
 0 1.1905
 0 1.02603
 0 1.32866
 0 0.950434
 0 1.03739
 0 0.862171
 0 0.327479
 0 0.776017
 0 0.876273
 0 0.662393
 0 1.03902
 0 0.792927
 0 0.624299
 0 1.01247
 0 0.831446
 0 1.11069
 0 0.86335
 0 0.814447
 0 1.15932
 0 0.709678
 0 0.616291
 0 0.923772
 0 0.743609
 0 0.620387
 0 1.09773
 0 0.794162
 0 0.915749
 0 1.06236
 0 0.883726
 0 1.16591
 0 0.897827
 0 0.96774
 0 0.736442
 0 1.00343
 0 0.973584
 0 0.919868
 0 0.908365
 0 0.8407
 0 0.998817
 0 0.815316
 0 1.16943
 0 0.758616
 0 0.862652
 0 1.13288
 0 0.70978
 0 0.968927
 0 1.38964
 0 0.955597
 0 0.927604
 0 0.993398
 0 0.845545
 0 0.718232
 0 0.984549
 0 1.20386
 0 0.822083
 0 1.03488
 0 1.0672
 0 1.25796
 0 1.04621
 0 1.01663
 0 0.939848
 0 0.837254
 0 0.489131
 0 1.43096
 0 0.84962
 0 1.03537
 0 0.589841
 0 0.846636
 0 0.900162
 0 0.846818
 0 0.639673
 0 0.677363
 0 0.956176
 0 0.648509
 0 0.996133
 0 0.957206
 0 1.16434
 0 1.0011
 0 0.887841
 0 0.882497
 0 0.882988
 0 0.875436
 0 0.772017
 0 0.828914
 0 0.93639
 0 0.711874
 0 1.22406
 0 0.994348
 0 1.14705
 0 0.926137
 0 0.646626
 0 0.80429
 0 1.0182
 0 0.988462
 0 1.02622
 0 0.692847
 0 0.712953
 0 0.99625
 0 0.812294
 0 1.26883
 0 1.12734
 0 1.00571
 0 0.869652
 0 0.801527
 0 0.899535
 0 1.27274
 0 1.1402
 0 0.742582
 0 1.0422
 0 1.06798
 0 1.55775
 0 0.724899
 0 1.17441
 0 1.04814
 0 1.02145
 0 1.31766
 0 0.866956
 0 1.05728
 0 0.736846
 0 0.937534
 0 0.972094
 0 0.664081
 0 0.977478
 0 0.932077
 0 0.864994
 0 1.21854
 0 1.00851
 0 1.2505
 0 0.826225
 0 0.958283
 0 0.729308
 0 0.83535
 0 0.821214
 0 1.26477
 0 0.757897
 0 0.873267
 0 1.16826
 0 0.989258
 0 0.753512
 0 0.875255
 0 0.686391
 0 0.863371
 0 1.17374
 0 0.628968
 0 1.04778
 0 0.991356
 0 1.29807
 0 0.914516
 0 0.994473
 0 0.991274
 0 1.09418
 0 1.20718
 0 0.589104
 0 1.27179
 0 0.774228
 0 0.789312
 0 0.987962
 0 0.647807
 0 1.00607
 0 0.54678
 0 1.05963
 0 1.10489
 0 0.836165
 0 0.663533
 0 0.890566
 0 1.17488
 0 0.764981
 0 1.04905
 0 1.21815
 0 0.44209
 0 0.642148
 0 1.15372
 0 0.68327
 0 0.809817
 0 0.932648
 0 0.751934
 0 1.34784
 0 1.11589
 0 1.11153
 0 1.3015
 0 0.998256
 0 0.822889
 0 1.03515
 0 1.04211
 0 1.25309
 0 1.15088
 0 1.07651
 0 1.30834
 0 1.03493
 0 0.869633
 0 0.866273
 0 0.887437
 0 1.15954
 0 1.222
 0 0.922264
 0 0.922339
 0 0.64224
 0 1.0413
 0 0.703546
 0 1.0344
 0 1.11814
 0 1.11862
 0 0.772194
 0 1.29344
 0 0.672844
 0 0.877601
 0 1.11821
 0 1.19649
 0 1.08598
 0 0.980593
 0 0.717874
 0 0.704134
 0 1.00842
 0 0.873688
 0 1.08007
 0 1.19233
 0 0.764287
 0 1.06726
 0 1.09304
 0 1.04269
 0 1.28372
 0 1.06564
 0 0.896444
 0 0.940719
 0 1.35532
 0 1.20466
 0 1.01421
 0 0.674009
 0 1.38474
 0 1.29167
 0 0.687055
 0 0.776621
 0 1.08314
 0 1.21951
 0 0.921814
 0 0.827781
 0 1.10131
 0 1.13289
 0 0.958699
 0 0.704207
 0 1.16323
 0 0.980738
 0 1.22987
 0 0.531335
 0 1.16467
 0 0.671707
 0 1.18151
 0 1.04458
 0 0.980092
 0 1.24153
 0 1.20689
 0 0.821995
 0 1.24446
 0 1.05377
 0 0.866485
 0 1.03341
 0 1.02564
 0 0.890922
 0 1.0238
 0 0.943351
 0 0.864658
 0 1.09468
 0 0.91198
 0 0.628627
 0 0.810371
 0 1.12346
 0 1.15426
 0 0.745676
 0 1.0674
 0 0.845422
 0 0.723912
 0 0.764069
 0 0.952093
 0 1.01119
 0 1.0865
 0 1.05233
 0 0.86689
 0 1.17219
 0 1.09982
 0 0.819782
 0 0.673532
 0 0.837306
 0 1.07549
 0 0.963404
 0 1.14706
 0 0.929773
 0 0.709376
 0 0.722008
 0 1.02433
 0 0.577376
 0 0.653274
 0 0.908221
 0 0.80094
 0 1.08326
 0 0.892672
 0 0.936081
 0 0.779959
 0 0.633958
 0 0.779382
 0 0.521968
 0 1.01672
 0 0.975351
 0 1.15622
 0 0.741251
 0 0.557747
 0 0.679672
 0 1.23516
 0 1.08576
 0 0.564489
 0 0.77639
 0 0.657889
 0 1.09883
 0 0.911801
 0 1.09333
