535 1 0 0 1
 0 0.547173
 0 0.57291
 0 0.332771
 0 0.524497
 0 0.663509
 0 0.141032
 0 0.592235
 0 0.416214
 0 0.569729
 0 0.421139
 0 0.354006
 0 0.452859
 0 0.605013
 0 0.563573
 0 0.300451
 0 0.204359
 0 0.582455
 0 0.595742
 0 0.457927
 0 0.716427
 0 0.173173
 0 0.78242
 0 0.421463
 0 0.295194
 0 0.372916
 0 0.561951
 0 0.306823
 0 0.450359
 0 0.602883
 0 0.328879
 0 0.757759
 0 0.383224
 0 0.26402
 0 0.502143
 0 0.580535
 0 0.488436
 0 0.820116
 0 0.361214
 0 0.457993
 0 0.680723
 0 0.390854
 0 0.471303
 0 0.35992
 0 0.637796
 0 0.554895
 0 0.504679
 0 0.489192
 0 0.732486
 0 0.530852
 0 0.237407
 0 0.37613
 0 0.578591
 0 0.3378
 0 0.420766
 0 0.559037
 0 0.50787
 0 0.714684
 0 0.456762
 0 0.521699
 0 0.472929
 0 0.589182
 0 0.388207
 0 0.799816
 0 0.633983
 0 0.448249
 0 0.247023
 0 0.529916
 0 0.286107
 0 0.64461
 0 0.389122
 0 0.529736
 0 0.704996
 0 0.583882
 0 0.261846
 0 0.507067
 0 0.520052
 0 0.549258
 0 0.486405
 0 0.608996
 0 0.748695
 0 0.458816
 0 0.455136
 0 0.461929
 0 0.298362
 0 0.446212
 0 0.466974
 0 0.412594
 0 0.585905
 0 0.509302
 0 0.508707
 0 0.415014
 0 0.576614
 0 0.501239
 0 0.415282
 0 0.324047
 0 0.372432
 0 0.496717
 0 0.397305
 0 0.605999
 0 0.511042
 0 0.293464
 0 0.0816461
 0 0.421701
 0 0.781179
 0 0.437619
 0 0.746719
 0 0.386138
 0 0.544773
 0 0.548314
 0 0.41004
 0 0.380219
 0 0.606259
 0 0.678296
 0 0.369027
 0 0.726847
 0 0.477828
 0 0.535631
 0 0.601243
 0 0.505151
 0 0.703211
 0 0.493795
 0 0.359781
 0 0.416879
 0 0.319349
 0 0.338695
 0 0.758281
 0 0.722603
 0 0.606712
 0 0.788879
 0 0.411545
 0 0.499723
 0 0.619663
 0 0.891984
 0 0.877428
 0 0.543488
 0 0.547469
 0 0.523011
 0 0.203141
 0 0.522208
 0 0.560473
 0 0.552729
 0 0.407401
 0 0.186005
 0 0.447451
 0 0.343688
 0 0.372521
 0 0.461998
 0 0.661736
 0 0.554744
 0 0.452159
 0 0.759368
 0 0.330479
 0 0.225775
 0 0.244004
 0 0.468785
 0 0.291813
 0 0.647196
 0 0.548587
 0 0.300963
 0 0.782908
 0 0.405765
 0 0.231739
 0 0.31709
 0 0.703833
 0 0.604639
 0 0.575579
 0 0.422125
 0 0.482288
 0 0.576558
 0 0.142633
 0 0.437506
 0 0.492788
 0 0.409016
 0 0.586363
 0 0.331682
 0 0.490971
 0 0.51589
 0 0.638409
 0 0.429267
 0 0.209224
 0 0.655609
 0 0.374805
 0 0.321437
 0 0.519392
 0 0.591563
 0 0.627689
 0 0.435452
 0 0.574667
 0 0.70723
 0 0.369834
 0 0.642083
 0 0.482406
 0 0.792451
 0 0.452203
 0 0.46777
 0 0.512331
 0 0.55958
 0 0.175753
 0 0.597435
 0 0.620675
 0 0.5464
 0 0.145502
 0 0.582409
 0 0.542158
 0 0.619733
 0 0.727046
 0 0.408982
 0 0.643347
 0 0.344738
 0 0.535394
 0 0.477691
 0 0.468043
 0 0.468161
 0 0.60629
 0 0.449381
 0 0.440242
 0 0.597547
 0 0.459934
 0 0.384417
 0 0.699262
 0 0.578034
 0 0.39309
 0 0.624128
 0 0.700861
 0 0.807864
 0 0.701651
 0 0.591973
 0 0.42993
 0 0.506098
 0 0.434489
 0 0.196721
 0 0.452304
 0 0.496147
 0 0.277147
 0 0.394308
 0 0.528145
 0 0.484443
 0 0.668973
 0 0.325045
 0 0.475154
 0 0.247494
 0 0.371287
 0 0.59651
 0 0.272244
 0 0.383118
 0 0.398089
 0 0.332693
 0 0.503511
 0 0.314454
 0 0.597875
 0 0.244515
 0 0.595064
 0 0.724978
 0 0.302612
 0 0.696926
 0 0.655419
 0 0.298467
 0 0.311543
 0 0.317642
 0 0.407094
 0 0.62259
 0 0.638325
 0 0.506619
 0 0.401945
 0 0.237074
 0 0.434118
 0 0.627655
 0 0.534272
 0 0.597776
 0 0.373652
 0 0.410471
 0 0.369418
 0 0.647721
 0 0.416626
 0 0.79836
 0 0.452356
 0 0.245773
 0 0.531493
 0 0.543269
 0 0.551588
 0 0.642187
 0 0.550427
 0 0.536641
 0 0.352663
 0 0.603111
 0 0.412646
 0 0.572137
 0 0.449358
 0 0.486121
 0 0.209669
 0 0.387277
 0 0.309997
 0 0.242498
 0 0.856645
 0 0.276533
 0 0.401444
 0 0.439256
 0 0.449982
 0 0.516374
 0 0.477075
 0 0.425654
 0 0.693389
 0 0.106971
 0 0.244285
 0 0.3346
 0 0.473849
 0 0.524004
 0 0.578657
 0 0.417804
 0 0.545415
 0 0.325123
 0 0.351166
 0 0.399673
 0 0.582284
 0 0.472128
 0 0.545588
 0 0.464368
 0 0.372362
 0 0.479882
 0 0.509994
 0 0.697717
 0 0.531875
 0 0.682314
 0 0.539466
 0 0.559082
 0 0.485571
 0 0.731256
 0 0.641377
 0 0.430321
 0 0.46794
 0 0.577928
 0 0.742698
 0 0.564311
 0 0.584615
 0 0.387646
 0 0.21573
 0 0.48009
 0 0.589344
 0 0.643952
 0 0.464605
 0 0.344895
 0 0.473774
 0 0.600852
 0 0.676044
 0 0.587118
 0 0.304096
 0 0.607074
 0 0.29522
 0 0.696409
 0 0.340512
 0 0.541862
 0 0.305484
 0 0.620122
 0 0.569826
 0 0.577416
 0 0.423874
 0 0.472782
 0 0.666699
 0 0.433716
 0 0.555773
 0 0.485903
 0 0.680198
 0 0.620137
 0 0.498568
 0 0.506175
 0 0.277295
 0 0.453648
 0 0.554893
 0 0.548314
 0 0.649784
 0 0.46009
 0 0.323656
 0 0.252336
 0 0.407832
 0 0.6967
 0 0.414335
 0 0.396952
 0 0.455327
 0 0.648294
 0 0.327424
 0 0.586664
 0 0.339493
 0 0.540527
 0 0.634726
 0 0.426997
 0 0.68447
 0 0.544378
 0 0.488627
 0 0.617091
 0 0.478273
 0 0.420424
 0 0.751996
 0 0.89542
 0 0.729231
 0 0.450365
 0 0.453306
 0 0.483087
 0 0.636461
 0 0.365222
 0 0.535728
 0 0.787813
 0 0.502708
 0 0.517978
 0 0.998404
 0 0.454864
 0 0.626524
 0 0.629254
 0 0.643606
 0 0.560427
 0 0.532286
 0 0.33544
 0 0.502557
 0 0.33552
 0 0.552542
 0 0.739382
 0 0.789784
 0 0.650641
 0 0.544697
 0 0.412648
 0 0.444408
 0 0.653092
 0 0.801743
 0 0.363556
 0 0.709871
 0 0.557483
 0 0.458515
 0 0.559833
 0 0.567921
 0 0.315613
 0 0.607849
 0 0.625545
 0 0.38647
 0 0.320866
 0 0.554334
 0 0.370047
 0 0.374851
 0 0.567771
 0 0.365731
 0 0.464024
 0 0.562203
 0 0.423209
 0 0.502355
 0 0.447119
 0 0.505916
 0 0.286754
 0 0.507882
 0 0.464337
 0 0.466945
 0 0.240817
 0 0.421539
 0 0.455279
 0 0.53705
 0 0.50871
 0 0.598155
 0 0.564745
 0 0.615857
 0 0.43398
 0 0.29499
 0 0.603027
 0 0.511528
 0 0.349567
 0 0.755745
 0 0.371461
 0 0.503528
 0 0.533455
 0 0.471453
 0 0.510277
 0 0.436413
 0 0.325282
 0 0.503753
 0 0.488213
 0 0.557874
 0 0.521794
 0 0.499451
 0 0.646895
 0 0.428647
 0 0.449559
 0 0.543844
 0 0.611064
 0 0.517039
 0 0.522403
 0 0.594019
 0 0.396602
 0 0.229773
 0 0.456654
 0 0.416473
 0 0.640025
 0 0.571639
 0 0.281258
 0 0.279822
 0 0.377815
 0 0.516833
 0 0.562532
 0 0.764041
 0 0.522977
 0 0.419338
 0 0.523702
 0 0.605157
 0 0.613041
 0 0.551013
 0 0.36406
 0 0.321374
 0 0.455182
 0 0.597402
 0 0.484255
 0 0.364773
 0 0.546796
 0 0.563827
 0 0.480471
 0 0.224548
 0 0.276174
 0 0.440188
 0 0.434166
 0 0.298534
 0 0.484634
 0 0.615516
 0 0.505264
 0 0.593414
 0 0.738605
 0 0.730607
 0 0.3944
 0 0.880199
 0 0.658579
 0 0.415467
 0 0.451493
 0 0.367869
 0 0.354104
 0 0.77102
 0 0.465809
 0 0.178613
 0 0.400564
 0 0.238235
 0 0.504216
 0 0.606606
 0 0.50075
