535 1 0 0 1
 0 1.09359
 0 0.831106
 0 0.94897
 0 0.86098
 0 1.15998
 0 0.777936
 0 1.20592
 0 1.09305
 0 1.0636
 0 0.904636
 0 0.873794
 0 0.506876
 0 0.625256
 0 1.25789
 0 0.97963
 0 0.643078
 0 0.502334
 0 0.959054
 0 1.03912
 0 0.778924
 0 0.628802
 0 1.069
 0 0.909764
 0 0.684348
 0 0.807632
 0 1.08935
 0 1.10355
 0 1.33151
 0 0.849444
 0 0.922656
 0 1.13135
 0 1.21001
 0 1.0288
 0 1.15227
 0 1.30103
 0 0.653504
 0 1.28156
 0 0.736122
 0 0.85101
 0 1.13302
 0 0.860866
 0 0.659402
 0 0.793734
 0 1.19934
 0 0.65974
 0 1.19427
 0 1.15277
 0 1.02536
 0 0.84431
 0 0.813342
 0 0.802966
 0 1.48854
 0 0.63992
 0 0.967188
 0 1.02662
 0 1.13057
 0 0.931368
 0 0.92354
 0 0.879578
 0 0.91202
 0 0.58788
 0 0.852742
 0 0.767518
 0 0.959748
 0 0.913172
 0 1.08165
 0 0.913592
 0 0.981112
 0 1.03632
 0 0.587598
 0 0.792774
 0 0.916194
 0 1.01207
 0 0.945924
 0 1.12575
 0 1.08046
 0 1.02217
 0 1.02309
 0 0.728964
 0 1.24764
 0 1.10954
 0 0.680408
 0 0.664634
 0 0.793662
 0 1.27713
 0 1.0191
 0 1.2139
 0 1.0399
 0 0.878748
 0 0.971414
 0 0.842896
 0 0.978414
 0 0.420096
 0 1.07472
 0 0.550276
 0 0.946902
 0 1.19694
 0 0.93957
 0 0.935746
 0 1.06651
 0 0.797016
 0 0.78943
 0 1.03172
 0 1.13192
 0 1.07907
 0 1.34524
 0 0.77855
 0 0.930392
 0 1.24129
 0 1.04843
 0 0.484044
 0 1.17384
 0 1.04421
 0 0.916328
 0 0.879184
 0 0.723732
 0 0.87655
 0 0.993306
 0 1.16975
 0 0.892514
 0 0.852406
 0 1.09147
 0 0.84503
 0 0.721304
 0 0.36909
 0 1.14491
 0 1.32683
 0 0.960736
 0 0.785606
 0 0.9227
 0 0.793446
 0 1.34991
 0 1.20341
 0 0.942084
 0 0.84036
 0 0.850046
 0 0.735588
 0 1.08154
 0 1.13661
 0 0.841702
 0 1.12777
 0 0.776022
 0 1.05008
 0 0.51759
 0 0.82907
 0 0.997428
 0 0.406116
 0 0.871472
 0 0.829348
 0 1.24161
 0 1.18907
 0 0.77952
 0 0.732176
 0 1.19976
 0 0.56117
 0 1.1542
 0 0.917216
 0 1.03211
 0 0.66047
 0 0.93141
 0 0.663378
 0 0.723516
 0 0.605808
 0 0.840154
 0 1.13136
 0 0.832044
 0 1.23049
 0 1.04813
 0 1.13477
 0 0.959462
 0 1.04372
 0 1.10457
 0 0.809618
 0 0.994084
 0 0.79881
 0 1.10615
 0 1.11129
 0 0.64182
 0 1.04863
 0 1.19448
 0 0.965492
 0 0.930038
 0 0.781044
 0 1.13183
 0 1.04192
 0 1.32489
 0 1.108
 0 0.960954
 0 1.14575
 0 1.26625
 0 1.20335
 0 0.965354
 0 1.13932
 0 0.653494
 0 1.18759
 0 0.99509
 0 1.10713
 0 0.748168
 0 0.957596
 0 1.2621
 0 0.905006
 0 1.08311
 0 0.87887
 0 1.07548
 0 1.19867
 0 0.775906
 0 0.8835
 0 1.06263
 0 1.02684
 0 0.883744
 0 0.852072
 0 0.793634
 0 1.03855
 0 0.846184
 0 1.03418
 0 0.940962
 0 0.767896
 0 0.957386
 0 0.86707
 0 1.34698
 0 0.90372
 0 1.05398
 0 0.58096
 0 1.10846
 0 0.723998
 0 1.01439
 0 0.789746
 0 0.479026
 0 0.509268
 0 1.2731
 0 0.76701
 0 1.0911
 0 0.76269
 0 0.745062
 0 1.1309
 0 0.9205
 0 0.555824
 0 0.712944
 0 0.914546
 0 1.2877
 0 0.723374
 0 0.716254
 0 0.768864
 0 0.862338
 0 0.617726
 0 1.02612
 0 0.719932
 0 0.8127
 0 1.08274
 0 0.937262
 0 0.9721
 0 1.09094
 0 1.00045
 0 1.11382
 0 0.905166
 0 0.802614
 0 0.933448
 0 0.75584
 0 1.14194
 0 1.16759
 0 0.759392
 0 1.07828
 0 1.09871
 0 0.724798
 0 0.74726
 0 1.06883
 0 1.0599
 0 1.17192
 0 1.11812
 0 1.06584
 0 0.668582
 0 1.08509
 0 0.914316
 0 0.912916
 0 1.06381
 0 0.690724
 0 1.37937
 0 0.819728
 0 0.932128
 0 0.877754
 0 1.01208
 0 0.45451
 0 1.01713
 0 0.939432
 0 1.02772
 0 1.00315
 0 1.14876
 0 0.44216
 0 1.18953
 0 1.21103
 0 0.99879
 0 0.942328
 0 0.90319
 0 1.17551
 0 0.613018
 0 1.35302
 0 0.79172
 0 1.14964
 0 0.704558
 0 0.872578
 0 1.0461
 0 0.899
 0 0.652652
 0 0.629846
 0 0.768572
 0 0.879604
 0 0.716576
 0 1.34483
 0 0.977044
 0 0.944136
 0 0.655934
 0 0.755374
 0 1.16135
 0 1.11825
 0 0.71559
 0 1.14792
 0 0.600944
 0 0.768226
 0 0.968182
 0 0.847542
 0 1.25991
 0 1.27356
 0 0.93366
 0 1.15686
 0 0.947808
 0 0.793258
 0 1.11672
 0 0.960946
 0 0.581626
 0 0.893202
 0 1.13252
 0 1.14359
 0 0.748142
 0 0.91983
 0 1.20988
 0 1.12932
 0 0.961742
 0 1.04693
 0 0.884524
 0 0.72313
 0 1.14769
 0 1.1105
 0 0.77702
 0 0.96147
 0 0.983224
 0 0.66467
 0 0.981408
 0 0.961742
 0 0.878844
 0 0.783702
 0 1.01301
 0 0.984508
 0 0.964466
 0 1.01648
 0 1.17225
 0 0.829878
 0 0.92607
 0 1.08222
 0 0.8405
 0 0.98785
 0 0.679682
 0 0.963894
 0 0.75588
 0 1.16877
 0 0.47226
 0 1.01576
 0 0.842814
 0 1.22356
 0 1.00033
 0 1.16898
 0 1.13283
 0 0.923122
 0 1.01766
 0 0.657154
 0 0.979656
 0 1.03557
 0 1.12954
 0 0.58359
 0 1.05662
 0 1.39871
 0 0.861242
 0 0.741594
 0 0.662414
 0 1.10573
 0 0.998462
 0 0.782322
 0 0.638632
 0 0.844504
 0 1.03638
 0 0.909536
 0 0.579254
 0 1.0722
 0 0.975424
 0 1.10997
 0 0.903304
 0 0.94435
 0 0.577348
 0 0.934926
 0 1.06151
 0 1.42924
 0 1.24863
 0 0.714156
 0 0.85537
 0 1.14715
 0 1.40151
 0 0.992774
 0 0.841172
 0 0.994924
 0 0.81901
 0 1.14948
 0 0.96826
 0 0.88438
 0 0.78963
 0 1.29662
 0 0.977904
 0 0.860654
 0 0.997482
 0 0.674138
 0 0.984602
 0 0.440454
 0 1.38674
 0 1.2002
 0 1.12777
 0 0.906746
 0 1.1468
 0 0.815952
 0 0.830592
 0 0.794282
 0 1.27812
 0 0.956878
 0 1.14334
 0 0.664904
 0 0.698348
 0 0.958736
 0 1.05476
 0 1.0987
 0 1.22401
 0 1.03139
 0 0.771098
 0 0.96919
 0 0.92871
 0 0.945746
 0 0.89183
 0 0.736484
 0 1.25894
 0 1.42532
 0 1.12065
 0 0.816652
 0 0.795838
 0 1.14161
 0 1.16397
 0 0.95447
 0 0.871376
 0 1.24021
 0 1.22908
 0 0.89179
 0 1.14552
 0 1.08483
 0 0.98837
 0 0.994564
 0 0.825352
 0 1.01579
 0 0.808016
 0 1.02578
 0 0.744634
 0 0.9976
 0 0.82227
 0 0.83798
 0 1.04482
 0 0.84222
 0 1.05504
 0 0.902076
 0 0.780346
 0 0.974804
 0 1.08778
 0 1.09301
 0 1.03727
 0 1.07754
 0 1.27008
 0 0.641256
 0 0.749074
 0 1.12152
 0 1.12958
 0 1.03525
 0 0.937076
 0 0.735832
 0 0.884504
 0 1.20174
 0 0.839088
 0 1.01837
 0 0.735136
 0 0.645564
 0 1.22291
 0 0.948866
 0 0.917338
 0 0.962346
 0 0.977752
 0 0.887818
 0 0.96351
 0 1.15128
 0 0.80368
 0 0.823726
 0 0.760002
 0 1.24665
 0 1.01588
 0 0.911194
 0 1.17422
 0 1.0333
 0 0.674086
 0 1.21117
 0 0.820954
 0 0.734136
 0 1.07811
 0 0.79395
 0 0.863382
 0 1.028
 0 1.34838
 0 1.06507
 0 0.767002
 0 0.875246
 0 0.856636
 0 0.997804
 0 1.102
 0 0.862314
 0 0.827442
 0 0.647442
 0 0.466556
 0 1.27719
 0 1.00825
 0 0.890178
 0 1.0234
 0 0.693174
 0 1.20867
 0 1.12905
 0 1.12909
