535 1 0 0 1
 0 0.535814
 0 0.499281
 0 0.505934
 0 0.572437
 0 0.455425
 0 0.554534
 0 0.564949
 0 0.428882
 0 0.484771
 0 0.47244
 0 0.418853
 0 0.458407
 0 0.464119
 0 0.615353
 0 0.639689
 0 0.401285
 0 0.516905
 0 0.444599
 0 0.618306
 0 0.440173
 0 0.419245
 0 0.48566
 0 0.395734
 0 0.464358
 0 0.430016
 0 0.527076
 0 0.611593
 0 0.617854
 0 0.407603
 0 0.460667
 0 0.5911
 0 0.439134
 0 0.579374
 0 0.467234
 0 0.530328
 0 0.559409
 0 0.517007
 0 0.549062
 0 0.557174
 0 0.546502
 0 0.529215
 0 0.507431
 0 0.568652
 0 0.489483
 0 0.518875
 0 0.477543
 0 0.306484
 0 0.379193
 0 0.334717
 0 0.542394
 0 0.519208
 0 0.604373
 0 0.551676
 0 0.452275
 0 0.517484
 0 0.471623
 0 0.529669
 0 0.520571
 0 0.492007
 0 0.502056
 0 0.449867
 0 0.585177
 0 0.443449
 0 0.502606
 0 0.492072
 0 0.515432
 0 0.550001
 0 0.595225
 0 0.490083
 0 0.573974
 0 0.450276
 0 0.571477
 0 0.508095
 0 0.537487
 0 0.371308
 0 0.395406
 0 0.507862
 0 0.469393
 0 0.40663
 0 0.592527
 0 0.522968
 0 0.378871
 0 0.532404
 0 0.523237
 0 0.509038
 0 0.575745
 0 0.592507
 0 0.564261
 0 0.420419
 0 0.530307
 0 0.485643
 0 0.559644
 0 0.419518
 0 0.405042
 0 0.516034
 0 0.568949
 0 0.590024
 0 0.564984
 0 0.598981
 0 0.291246
 0 0.450377
 0 0.489192
 0 0.500804
 0 0.642365
 0 0.608035
 0 0.514025
 0 0.540167
 0 0.529507
 0 0.530836
 0 0.506375
 0 0.619416
 0 0.684848
 0 0.561454
 0 0.608191
 0 0.490307
 0 0.491154
 0 0.478172
 0 0.452737
 0 0.45205
 0 0.494078
 0 0.534974
 0 0.583052
 0 0.493917
 0 0.399307
 0 0.438646
 0 0.587766
 0 0.437982
 0 0.543827
 0 0.507999
 0 0.524776
 0 0.39102
 0 0.524687
 0 0.560366
 0 0.559766
 0 0.475306
 0 0.543873
 0 0.536499
 0 0.420542
 0 0.514526
 0 0.375746
 0 0.540053
 0 0.47721
 0 0.549782
 0 0.530132
 0 0.508757
 0 0.467831
 0 0.449772
 0 0.459452
 0 0.539798
 0 0.457972
 0 0.56152
 0 0.485304
 0 0.586473
 0 0.55693
 0 0.404589
 0 0.638228
 0 0.590955
 0 0.592849
 0 0.323124
 0 0.483124
 0 0.501275
 0 0.528824
 0 0.548744
 0 0.477614
 0 0.584812
 0 0.542047
 0 0.438363
 0 0.501306
 0 0.45443
 0 0.533048
 0 0.49876
 0 0.538074
 0 0.504834
 0 0.699444
 0 0.429184
 0 0.546796
 0 0.681934
 0 0.472738
 0 0.555129
 0 0.493223
 0 0.566923
 0 0.669899
 0 0.48218
 0 0.518415
 0 0.499357
 0 0.547008
 0 0.53461
 0 0.642775
 0 0.589945
 0 0.468947
 0 0.414819
 0 0.334042
 0 0.503096
 0 0.527919
 0 0.600792
 0 0.498724
 0 0.533847
 0 0.42511
 0 0.521981
 0 0.564075
 0 0.508106
 0 0.590126
 0 0.387061
 0 0.549098
 0 0.673125
 0 0.498759
 0 0.484141
 0 0.642051
 0 0.530219
 0 0.550706
 0 0.505962
 0 0.467046
 0 0.505796
 0 0.607332
 0 0.521512
 0 0.564967
 0 0.587146
 0 0.552532
 0 0.512821
 0 0.613686
 0 0.625077
 0 0.649807
 0 0.528871
 0 0.463216
 0 0.407261
 0 0.422292
 0 0.60286
 0 0.53512
 0 0.539064
 0 0.478702
 0 0.621991
 0 0.52418
 0 0.448517
 0 0.57345
 0 0.551595
 0 0.362921
 0 0.492413
 0 0.587574
 0 0.440244
 0 0.444555
 0 0.432178
 0 0.510566
 0 0.650524
 0 0.516407
 0 0.518089
 0 0.624915
 0 0.480791
 0 0.453007
 0 0.523541
 0 0.418299
 0 0.58768
 0 0.470684
 0 0.555314
 0 0.508226
 0 0.538431
 0 0.643184
 0 0.505068
 0 0.529934
 0 0.519641
 0 0.55519
 0 0.584066
 0 0.467171
 0 0.510165
 0 0.577787
 0 0.555614
 0 0.47896
 0 0.36082
 0 0.441347
 0 0.443225
 0 0.52366
 0 0.462177
 0 0.698071
 0 0.56535
 0 0.525611
 0 0.506443
 0 0.445415
 0 0.53245
 0 0.482295
 0 0.556435
 0 0.401792
 0 0.530323
 0 0.527513
 0 0.488845
 0 0.476161
 0 0.49198
 0 0.577009
 0 0.545017
 0 0.574433
 0 0.486825
 0 0.448901
 0 0.493202
 0 0.521895
 0 0.490416
 0 0.36324
 0 0.541771
 0 0.517984
 0 0.442303
 0 0.481516
 0 0.487722
 0 0.503299
 0 0.476836
 0 0.545235
 0 0.547949
 0 0.543324
 0 0.41769
 0 0.561926
 0 0.627807
 0 0.639864
 0 0.393989
 0 0.568598
 0 0.558542
 0 0.549061
 0 0.434761
 0 0.500268
 0 0.458141
 0 0.46333
 0 0.509044
 0 0.536577
 0 0.430257
 0 0.423051
 0 0.425279
 0 0.410526
 0 0.555817
 0 0.489907
 0 0.502599
 0 0.559023
 0 0.558949
 0 0.6113
 0 0.483214
 0 0.414142
 0 0.449833
 0 0.517081
 0 0.511929
 0 0.540058
 0 0.4752
 0 0.529458
 0 0.390172
 0 0.688475
 0 0.498632
 0 0.428546
 0 0.585398
 0 0.507832
 0 0.612871
 0 0.519831
 0 0.519539
 0 0.4642
 0 0.497721
 0 0.412387
 0 0.462102
 0 0.512195
 0 0.572824
 0 0.40036
 0 0.582405
 0 0.366059
 0 0.592647
 0 0.43806
 0 0.403921
 0 0.563798
 0 0.432348
 0 0.432548
 0 0.412834
 0 0.671209
 0 0.446453
 0 0.628312
 0 0.599207
 0 0.531132
 0 0.491847
 0 0.419301
 0 0.402409
 0 0.54448
 0 0.465743
 0 0.518087
 0 0.539365
 0 0.68335
 0 0.369263
 0 0.470042
 0 0.381096
 0 0.540294
 0 0.554231
 0 0.465564
 0 0.521194
 0 0.54387
 0 0.552811
 0 0.500655
 0 0.520476
 0 0.509414
 0 0.511486
 0 0.332298
 0 0.476356
 0 0.493675
 0 0.509845
 0 0.541054
 0 0.491336
 0 0.540875
 0 0.620705
 0 0.562462
 0 0.436568
 0 0.620525
 0 0.439511
 0 0.57246
 0 0.467826
 0 0.494384
 0 0.634651
 0 0.50779
 0 0.564952
 0 0.543496
 0 0.548731
 0 0.474082
 0 0.589034
 0 0.414903
 0 0.462171
 0 0.445276
 0 0.487982
 0 0.609219
 0 0.571341
 0 0.519927
 0 0.508902
 0 0.474982
 0 0.438423
 0 0.564835
 0 0.550051
 0 0.472251
 0 0.443315
 0 0.511126
 0 0.53296
 0 0.435197
 0 0.498605
 0 0.457855
 0 0.494286
 0 0.546694
 0 0.5811
 0 0.461137
 0 0.548347
 0 0.513657
 0 0.407582
 0 0.502435
 0 0.572243
 0 0.414836
 0 0.56378
 0 0.512618
 0 0.45454
 0 0.581071
 0 0.615094
 0 0.534852
 0 0.530344
 0 0.525814
 0 0.505869
 0 0.54845
 0 0.508082
 0 0.427801
 0 0.59105
 0 0.597026
 0 0.566948
 0 0.61576
 0 0.458973
 0 0.60781
 0 0.481321
 0 0.514838
 0 0.438706
 0 0.6597
 0 0.402034
 0 0.507275
 0 0.424578
 0 0.474091
 0 0.601407
 0 0.575291
 0 0.405361
 0 0.587967
 0 0.451575
 0 0.40102
 0 0.588963
 0 0.659258
 0 0.565122
 0 0.54765
 0 0.488726
 0 0.467208
 0 0.522201
 0 0.501944
 0 0.614307
 0 0.434654
 0 0.609163
 0 0.50178
 0 0.563823
 0 0.395671
 0 0.572016
 0 0.436813
 0 0.66138
 0 0.665082
 0 0.611144
 0 0.417426
 0 0.468731
 0 0.521244
 0 0.448603
 0 0.427803
 0 0.429438
 0 0.524346
 0 0.533844
 0 0.448128
 0 0.495586
 0 0.47132
 0 0.568438
 0 0.630737
 0 0.505202
 0 0.526059
 0 0.466979
 0 0.45933
 0 0.565917
 0 0.601875
 0 0.570559
 0 0.565995
 0 0.668534
 0 0.509161
 0 0.513273
 0 0.493395
 0 0.523138
 0 0.499532
 0 0.546697
 0 0.520452
 0 0.427653
 0 0.636805
 0 0.38378
 0 0.490068
 0 0.57241
 0 0.482962
 0 0.461889
 0 0.451536
 0 0.433205
 0 0.576859
 0 0.429739
 0 0.521478
 0 0.604068
 0 0.504231
 0 0.425286
 0 0.523849
 0 0.50346
