535 1 0 0 1
 0 1.20485
 0 1.22748
 0 1.31557
 0 0.910825
 0 1.28118
 0 0.86331
 0 1.10458
 0 0.994741
 0 1.41996
 0 1.02433
 0 1.0377
 0 0.660927
 0 0.872948
 0 0.93358
 0 1.00659
 0 0.758975
 0 0.436569
 0 0.691553
 0 0.754829
 0 0.901748
 0 0.765836
 0 1.25116
 0 0.823451
 0 0.850634
 0 1.20707
 0 0.992691
 0 1.1388
 0 1.0913
 0 0.79646
 0 0.390524
 0 1.2377
 0 1.30453
 0 1.41708
 0 1.13728
 0 1.32695
 0 0.688722
 0 1.02685
 0 0.580377
 0 0.303584
 0 1.05614
 0 0.948076
 0 0.526068
 0 0.982463
 0 1.36456
 0 0.533215
 0 1.18628
 0 1.03669
 0 0.971786
 0 0.959388
 0 1.09579
 0 1.56851
 0 1.13457
 0 0.542746
 0 1.16298
 0 1.05408
 0 0.891521
 0 0.422006
 0 1.03941
 0 0.864528
 0 0.971536
 0 0.211522
 0 1.21071
 0 0.847096
 0 1.1514
 0 1.00963
 0 0.885771
 0 1.08482
 0 1.23109
 0 0.557251
 0 0.763772
 0 0.891996
 0 0.489872
 0 0.732983
 0 0.752729
 0 1.24923
 0 0.890345
 0 0.545596
 0 0.821141
 0 0.971741
 0 0.981443
 0 0.94466
 0 0.967675
 0 1.01915
 0 0.828623
 0 1.11602
 0 0.815506
 0 0.878673
 0 1.3249
 0 1.31873
 0 0.949881
 0 0.232768
 0 0.845574
 0 0.572459
 0 0.453351
 0 0.648443
 0 0.911131
 0 1.10399
 0 0.97148
 0 1.47031
 0 1.02098
 0 0.678591
 0 0.639629
 0 0.922107
 0 1.59943
 0 1.15145
 0 1.48614
 0 1.00787
 0 0.653364
 0 1.13386
 0 0.908638
 0 0.655654
 0 1.55383
 0 0.597499
 0 0.880578
 0 0.571686
 0 0.794084
 0 0.913425
 0 0.908065
 0 1.22514
 0 0.839939
 0 1.09053
 0 0.687138
 0 0.9075
 0 0.511997
 0 0.611343
 0 1.22808
 0 1.55239
 0 1.20353
 0 0.768301
 0 1.08022
 0 0.61898
 0 1.58175
 0 1.40014
 0 0.677741
 0 0.996224
 0 1.08735
 0 0.78578
 0 0.908216
 0 1.11986
 0 1.1366
 0 0.823519
 0 0.723366
 0 1.02927
 0 0.109136
 0 0.811679
 0 1.14512
 0 0.497999
 0 1.18024
 0 1.12604
 0 1.67318
 0 1.02251
 0 0.692026
 0 0.849313
 0 1.33741
 0 0.637494
 0 0.787452
 0 1.25177
 0 1.01302
 0 0.740809
 0 0.966635
 0 0.64798
 0 0.752782
 0 0.615542
 0 1.04609
 0 1.03054
 0 0.638084
 0 1.17226
 0 0.80604
 0 0.924402
 0 0.938132
 0 0.904448
 0 0.678083
 0 0.730123
 0 1.079
 0 1.08158
 0 1.1759
 0 1.28392
 0 0.763226
 0 1.01727
 0 1.18787
 0 0.981155
 0 0.885995
 0 1.1162
 0 0.796426
 0 0.912469
 0 1.37131
 0 1.28278
 0 0.765432
 0 1.25025
 0 0.63726
 0 0.967937
 0 1.24917
 0 1.13147
 0 0.716389
 0 0.846407
 0 0.91669
 0 0.927094
 0 1.59474
 0 0.798077
 0 1.18026
 0 0.662601
 0 1.18053
 0 0.903023
 0 0.842544
 0 1.49538
 0 0.399131
 0 0.910059
 0 1.05469
 0 0.94111
 0 0.548088
 0 0.959763
 0 1.12015
 0 1.48316
 0 0.703145
 0 0.837167
 0 1.26805
 0 1.05364
 0 1.06862
 0 0.367513
 0 1.06047
 0 0.730476
 0 1.00879
 0 0.913367
 0 1.10833
 0 0.997084
 0 0.639375
 0 0.955086
 0 0.339612
 0 0.605965
 0 1.26987
 0 0.335402
 0 1.2295
 0 0.647281
 0 0.680111
 0 1.06321
 0 0.623635
 0 0.547212
 0 0.615517
 0 1.21301
 0 1.39153
 0 0.732856
 0 0.602827
 0 0.701912
 0 0.555316
 0 1.06714
 0 1.25441
 0 0.64865
 0 1.00458
 0 1.08749
 0 0.875881
 0 0.793156
 0 0.84014
 0 0.673976
 0 1.21367
 0 1.14093
 0 1.25692
 0 1.32314
 0 0.785171
 0 1.19616
 0 0.929662
 0 0.733681
 0 1.13698
 0 1.29902
 0 0.474898
 0 0.770428
 0 1.01664
 0 1.23052
 0 1.07127
 0 1.25414
 0 1.25634
 0 1.00452
 0 0.966058
 0 1.51359
 0 1.20285
 0 0.732092
 0 0.484512
 0 1.377
 0 1.1085
 0 0.849858
 0 0.803152
 0 1.59483
 0 0.719645
 0 1.13981
 0 1.17554
 0 1.19787
 0 1.03221
 0 0.682227
 0 0.503395
 0 0.980963
 0 0.967104
 0 0.89143
 0 1.44076
 0 0.99957
 0 1.27296
 0 0.859093
 0 1.15672
 0 0.813959
 0 1.74994
 0 0.603429
 0 0.964046
 0 0.931612
 0 0.743971
 0 0.435906
 0 0.687069
 0 1.21647
 0 1.2923
 0 0.815179
 0 0.953374
 0 0.566252
 0 0.609068
 0 0.856086
 0 0.651545
 0 1.14061
 0 0.849169
 0 0.781338
 0 0.935598
 0 0.55467
 0 0.579868
 0 0.644451
 0 1.19017
 0 1.03262
 0 1.06312
 0 0.744115
 0 0.965335
 0 1.09822
 0 1.27535
 0 0.713524
 0 0.991945
 0 0.650947
 0 0.986971
 0 0.76193
 0 0.909441
 0 0.764838
 0 0.762281
 0 1.43148
 0 1.32116
 0 0.69719
 0 0.802108
 0 0.813378
 0 0.516821
 0 1.10737
 0 1.44755
 0 1.03615
 0 0.739851
 0 1.3896
 0 0.239816
 0 1.10036
 0 0.914189
 0 1.05725
 0 0.6437
 0 1.20229
 0 1.08237
 0 0.746797
 0 0.955665
 0 1.33822
 0 0.920299
 0 0.891047
 0 1.04467
 0 0.888363
 0 1.32187
 0 0.68993
 0 1.02514
 0 0.874698
 0 1.25696
 0 0.408655
 0 1.38887
 0 0.541263
 0 1.54675
 0 1.14546
 0 1.07773
 0 1.1111
 0 1.03973
 0 0.960002
 0 1.08015
 0 1.29699
 0 0.854311
 0 1.19654
 0 0.900614
 0 0.76718
 0 1.57033
 0 0.888897
 0 0.708279
 0 0.657939
 0 0.961639
 0 0.967587
 0 0.917977
 0 0.651084
 0 0.792508
 0 1.12736
 0 0.454504
 0 0.630723
 0 1.42229
 0 1.22538
 0 0.852066
 0 0.62528
 0 1.15495
 0 0.580362
 0 0.967701
 0 0.662257
 0 1.2822
 0 1.28385
 0 1.08425
 0 0.802314
 0 1.31718
 0 1.72388
 0 0.711259
 0 0.909081
 0 0.867593
 0 0.766521
 0 1.3305
 0 0.99083
 0 0.42073
 0 0.897717
 0 1.20326
 0 1.10723
 0 0.558555
 0 1.22389
 0 0.819296
 0 0.959526
 0 0.500876
 0 1.064
 0 0.957791
 0 1.12992
 0 0.45037
 0 1.00573
 0 0.844117
 0 0.782065
 0 0.976174
 0 1.26211
 0 1.41432
 0 1.27705
 0 0.982958
 0 0.918817
 0 0.55472
 0 0.140042
 0 1.33236
 0 1.25387
 0 1.09852
 0 0.838317
 0 1.09492
 0 1.13406
 0 1.47872
 0 1.24915
 0 1.27087
 0 1.10981
 0 1.16842
 0 1.44763
 0 1.06583
 0 0.767203
 0 1.3879
 0 1.16633
 0 0.84096
 0 0.634797
 0 1.07929
 0 1.50351
 0 0.685349
 0 1.16019
 0 1.26622
 0 0.545787
 0 1.4956
 0 0.835116
 0 0.904968
 0 0.750329
 0 1.17221
 0 0.797558
 0 1.4093
 0 1.13199
 0 0.886667
 0 1.20489
 0 1.0014
 0 1.1184
 0 1.15951
 0 0.943168
 0 0.908386
 0 0.93577
 0 1.17911
 0 0.655738
 0 0.554046
 0 1.05161
 0 0.683636
 0 0.988869
 0 1.55624
 0 1.29662
 0 0.532819
 0 0.533392
 0 0.835923
 0 0.704333
 0 0.854384
 0 0.657085
 0 1.157
 0 1.19768
 0 0.500551
 0 0.940842
 0 0.941776
 0 1.05448
 0 1.07604
 0 0.811552
 0 0.832426
 0 0.844692
 0 0.987267
 0 0.69519
 0 1.07777
 0 1.15027
 0 1.5471
 0 1.0943
 0 0.273991
 0 1.00418
 0 1.04897
 0 0.588356
 0 1.63248
 0 0.948274
 0 0.456822
 0 1.10131
 0 0.630387
 0 0.898569
 0 1.37448
 0 1.44541
 0 0.892425
 0 1.24365
 0 0.795244
 0 0.723569
 0 0.483561
 0 1.25643
 0 0.780218
 0 0.812428
 0 0.635305
 0 0.763887
 0 0.903765
 0 1.16882
 0 0.862098
 0 1.00633
 0 0.543736
 0 1.29317
 0 0.939466
 0 1.20198
