535 1 0 0 1
 0 0.872677
 0 0.859623
 0 0.463358
 0 0.414098
 0 1.26515
 0 0.751979
 0 0.870768
 0 1.04388
 0 1.31593
 0 0.881994
 0 0.726493
 0 1.18758
 0 0.777737
 0 0.899051
 0 0.695482
 0 0.823854
 0 0.338718
 0 0.941571
 0 1.35889
 0 0.774975
 0 0.670459
 0 0.828478
 0 0.618464
 0 0.586935
 0 0.807521
 0 0.676785
 0 0.863895
 0 1.16861
 0 0.606214
 0 1.01675
 0 0.681609
 0 0.908403
 0 1.08686
 0 1.2059
 0 0.902979
 0 0.779168
 0 1.02051
 0 0.702614
 0 1.01137
 0 1.18397
 0 1.34422
 0 0.981197
 0 0.944737
 0 0.834212
 0 0.889625
 0 0.745794
 0 0.823571
 0 1.01115
 0 0.922914
 0 0.832793
 0 0.757131
 0 0.921101
 0 0.703383
 0 0.730403
 0 0.670861
 0 0.999819
 0 1.31002
 0 0.917856
 0 1.20351
 0 1.03729
 0 0.285051
 0 1.33136
 0 1.31072
 0 0.930596
 0 0.975483
 0 0.582528
 0 0.771481
 0 1.06888
 0 1.05995
 0 0.648883
 0 0.781415
 0 0.79332
 0 1.01673
 0 1.1332
 0 0.703234
 0 0.719739
 0 0.869738
 0 0.608704
 0 0.884201
 0 1.22102
 0 1.06142
 0 0.950154
 0 1.17168
 0 0.914569
 0 0.742334
 0 0.829255
 0 1.39886
 0 0.976511
 0 0.773406
 0 0.821052
 0 0.782167
 0 0.864134
 0 0.485009
 0 0.714511
 0 0.631172
 0 1.42676
 0 1.41425
 0 1.35825
 0 1.05845
 0 0.839379
 0 1.03519
 0 0.80397
 0 0.844835
 0 1.22066
 0 0.871972
 0 0.945592
 0 0.972919
 0 0.614079
 0 0.885339
 0 0.41177
 0 0.924852
 0 0.891946
 0 1.02968
 0 0.660958
 0 0.767
 0 0.930949
 0 0.918222
 0 1.04138
 0 1.11487
 0 1.02485
 0 0.892608
 0 1.20725
 0 0.353381
 0 0.854501
 0 0.5461
 0 0.357924
 0 1.17228
 0 0.945877
 0 0.726552
 0 0.751196
 0 1.06252
 0 1.10752
 0 1.33231
 0 1.1394
 0 1.11114
 0 0.829202
 0 0.689411
 0 1.12939
 0 0.908419
 0 0.550541
 0 1.21906
 0 0.591516
 0 0.912903
 0 0.753573
 0 0.895731
 0 1.16174
 0 0.327054
 0 0.880777
 0 0.814022
 0 0.889671
 0 1.34943
 0 0.544613
 0 0.955646
 0 0.847447
 0 0.327653
 0 0.716513
 0 0.85046
 0 1.39298
 0 0.934119
 0 0.812202
 0 0.518794
 0 0.58459
 0 0.872858
 0 0.683871
 0 1.03791
 0 0.876262
 0 1.32526
 0 1.13276
 0 1.14165
 0 0.923344
 0 0.8298
 0 0.890037
 0 0.682822
 0 1.23727
 0 0.712871
 0 0.888252
 0 0.811049
 0 0.698114
 0 0.669823
 0 0.943407
 0 0.912737
 0 0.978047
 0 1.00745
 0 0.9728
 0 0.909424
 0 0.996796
 0 1.10104
 0 0.609702
 0 1.16711
 0 0.757884
 0 0.838013
 0 1.10005
 0 1.05949
 0 0.650866
 0 1.04112
 0 0.926721
 0 1.0437
 0 0.699285
 0 0.930374
 0 0.939739
 0 1.0109
 0 0.932006
 0 0.955442
 0 0.92388
 0 1.27666
 0 0.73874
 0 0.984986
 0 1.2512
 0 1.24861
 0 0.80863
 0 0.756346
 0 0.683964
 0 0.902481
 0 0.667572
 0 0.904741
 0 0.702691
 0 1.0033
 0 1.08539
 0 0.710079
 0 0.932496
 0 0.907634
 0 1.43463
 0 0.990972
 0 0.934094
 0 0.744821
 0 0.72689
 0 0.786494
 0 0.690943
 0 0.54293
 0 0.728388
 0 0.646868
 0 0.585477
 0 0.977475
 0 0.467597
 0 0.678611
 0 0.810498
 0 0.597501
 0 1.10634
 0 0.60078
 0 0.926216
 0 0.787263
 0 0.782537
 0 0.735502
 0 0.813567
 0 0.742962
 0 0.866585
 0 0.599388
 0 0.752926
 0 1.1398
 0 0.827255
 0 0.973581
 0 0.855974
 0 0.889586
 0 1.02666
 0 0.798466
 0 0.852088
 0 1.3272
 0 0.786271
 0 1.29389
 0 1.11078
 0 1.10933
 0 0.702404
 0 0.725363
 0 1.1461
 0 1.4157
 0 0.943381
 0 0.770715
 0 1.29416
 0 0.869028
 0 0.88468
 0 0.837694
 0 0.879169
 0 0.382244
 0 0.8066
 0 0.972779
 0 0.533231
 0 1.40645
 0 1.17805
 0 1.34013
 0 0.74893
 0 1.18812
 0 0.737525
 0 1.28971
 0 0.944422
 0 1.19041
 0 0.732229
 0 0.796704
 0 1.1799
 0 0.669495
 0 0.838813
 0 0.80754
 0 0.656345
 0 0.891103
 0 1.10334
 0 0.708438
 0 1.16612
 0 0.802472
 0 1.09575
 0 0.846337
 0 0.81213
 0 0.754254
 0 1.00302
 0 0.773402
 0 1.18097
 0 0.61783
 0 1.10141
 0 0.914209
 0 0.991366
 0 0.793738
 0 0.975918
 0 0.806921
 0 0.527663
 0 0.918141
 0 1.02115
 0 0.549732
 0 1.19239
 0 1.00398
 0 0.616164
 0 1.30006
 0 1.04046
 0 1.26784
 0 0.974477
 0 1.19979
 0 1.29292
 0 0.836238
 0 0.895382
 0 0.73504
 0 1.28401
 0 0.601595
 0 0.916671
 0 1.05156
 0 0.785995
 0 0.63038
 0 1.21651
 0 0.81349
 0 0.995259
 0 0.732035
 0 0.931125
 0 0.79264
 0 0.730069
 0 1.06716
 0 1.09247
 0 0.61423
 0 0.943475
 0 1.14942
 0 0.615343
 0 1.08926
 0 1.04091
 0 0.802285
 0 0.618134
 0 1.11656
 0 0.861999
 0 1.01118
 0 0.918339
 0 1.04394
 0 0.853673
 0 0.600089
 0 1.01685
 0 0.699195
 0 1.19496
 0 0.973098
 0 1.09432
 0 1.06551
 0 1.0606
 0 0.873094
 0 0.781107
 0 0.858542
 0 0.943656
 0 0.77919
 0 0.865551
 0 0.581902
 0 0.817454
 0 1.07766
 0 0.763025
 0 1.34026
 0 0.91209
 0 0.837313
 0 1.01071
 0 0.470989
 0 0.766965
 0 0.834632
 0 0.957184
 0 0.887778
 0 0.951516
 0 0.856797
 0 1.00883
 0 1.07534
 0 0.452375
 0 1.06792
 0 0.946163
 0 0.809775
 0 0.824752
 0 0.948107
 0 1.1748
 0 0.936194
 0 0.583104
 0 0.992797
 0 1.36017
 0 0.98712
 0 1.28736
 0 1.12768
 0 0.967175
 0 0.8301
 0 1.22673
 0 1.00619
 0 0.775321
 0 0.703897
 0 1.1324
 0 0.955412
 0 0.935653
 0 0.267971
 0 1.02089
 0 1.01452
 0 1.24211
 0 0.978316
 0 1.22791
 0 0.955154
 0 0.847532
 0 0.629254
 0 0.649736
 0 1.15743
 0 1.31103
 0 0.740247
 0 1.16232
 0 0.9281
 0 1.22857
 0 0.47281
 0 0.88982
 0 0.74323
 0 0.981388
 0 0.985439
 0 0.814518
 0 0.745696
 0 1.10144
 0 0.989678
 0 1.13416
 0 0.854774
 0 1.07474
 0 0.952244
 0 0.940177
 0 0.79051
 0 0.87909
 0 0.865195
 0 0.671059
 0 0.880398
 0 1.20409
 0 0.821122
 0 0.913977
 0 0.648545
 0 0.880313
 0 1.1046
 0 0.752503
 0 0.530912
 0 1.35422
 0 1.07648
 0 0.849669
 0 0.982322
 0 1.19221
 0 0.949652
 0 0.92255
 0 1.02933
 0 1.11724
 0 0.867813
 0 0.574964
 0 0.605283
 0 0.93817
 0 0.85005
 0 0.953429
 0 0.714237
 0 1.07259
 0 1.51541
 0 0.994387
 0 1.09919
 0 0.635023
 0 1.13999
 0 0.624484
 0 0.861385
 0 0.770776
 0 0.739455
 0 0.998432
 0 0.786414
 0 0.924363
 0 1.05526
 0 1.07267
 0 1.1458
 0 0.802432
 0 0.850484
 0 1.27523
 0 0.558979
 0 0.953878
 0 1.04833
 0 0.795374
 0 0.831382
 0 0.857984
 0 0.925831
 0 0.728678
 0 1.04195
 0 0.400656
 0 0.940826
 0 1.02538
 0 1.04104
 0 0.821497
 0 0.892829
 0 1.23617
 0 0.604733
 0 1.02442
 0 1.08901
 0 0.798574
 0 0.788692
 0 0.811519
 0 1.04902
 0 0.797668
 0 1.08022
 0 0.672387
 0 1.083
 0 0.985201
 0 0.947399
 0 0.400426
 0 0.444404
 0 0.781003
 0 0.721894
 0 1.14113
 0 0.999117
 0 0.850473
 0 0.78273
 0 0.943173
 0 0.550115
 0 1.24005
 0 1.06185
 0 0.84859
 0 0.947103
 0 1.05734
 0 1.02983
 0 0.740975
 0 1.36552
