535 1 0 0 1
 0 0.546795
 0 0.415553
 0 0.474485
 0 0.43049
 0 0.579992
 0 0.388968
 0 0.602959
 0 0.546526
 0 0.531802
 0 0.452318
 0 0.436897
 0 0.253438
 0 0.312628
 0 0.628946
 0 0.489815
 0 0.321539
 0 0.251167
 0 0.479527
 0 0.51956
 0 0.389462
 0 0.314401
 0 0.534498
 0 0.454882
 0 0.342174
 0 0.403816
 0 0.544677
 0 0.551777
 0 0.665756
 0 0.424722
 0 0.461328
 0 0.565676
 0 0.605003
 0 0.514402
 0 0.576133
 0 0.650515
 0 0.326752
 0 0.640779
 0 0.368061
 0 0.425505
 0 0.56651
 0 0.430433
 0 0.329701
 0 0.396867
 0 0.599672
 0 0.32987
 0 0.597137
 0 0.576386
 0 0.512678
 0 0.422155
 0 0.406671
 0 0.401483
 0 0.744269
 0 0.31996
 0 0.483594
 0 0.513311
 0 0.565286
 0 0.465684
 0 0.46177
 0 0.439789
 0 0.45601
 0 0.29394
 0 0.426371
 0 0.383759
 0 0.479874
 0 0.456586
 0 0.540827
 0 0.456796
 0 0.490556
 0 0.518159
 0 0.293799
 0 0.396387
 0 0.458097
 0 0.506033
 0 0.472962
 0 0.562875
 0 0.54023
 0 0.511084
 0 0.511546
 0 0.364482
 0 0.623819
 0 0.554772
 0 0.340204
 0 0.332317
 0 0.396831
 0 0.638563
 0 0.509549
 0 0.606949
 0 0.519951
 0 0.439374
 0 0.485707
 0 0.421448
 0 0.489207
 0 0.210048
 0 0.537362
 0 0.275138
 0 0.473451
 0 0.59847
 0 0.469785
 0 0.467873
 0 0.533254
 0 0.398508
 0 0.394715
 0 0.515861
 0 0.56596
 0 0.539533
 0 0.672619
 0 0.389275
 0 0.465196
 0 0.620643
 0 0.524213
 0 0.242022
 0 0.586922
 0 0.522107
 0 0.458164
 0 0.439592
 0 0.361866
 0 0.438275
 0 0.496653
 0 0.584877
 0 0.446257
 0 0.426203
 0 0.545737
 0 0.422515
 0 0.360652
 0 0.184545
 0 0.572456
 0 0.663415
 0 0.480368
 0 0.392803
 0 0.46135
 0 0.396723
 0 0.674957
 0 0.601704
 0 0.471042
 0 0.42018
 0 0.425023
 0 0.367794
 0 0.540768
 0 0.568307
 0 0.420851
 0 0.563885
 0 0.388011
 0 0.52504
 0 0.258795
 0 0.414535
 0 0.498714
 0 0.203058
 0 0.435736
 0 0.414674
 0 0.620805
 0 0.594536
 0 0.38976
 0 0.366088
 0 0.599882
 0 0.280585
 0 0.577101
 0 0.458608
 0 0.516054
 0 0.330235
 0 0.465705
 0 0.331689
 0 0.361758
 0 0.302904
 0 0.420077
 0 0.565679
 0 0.416022
 0 0.615244
 0 0.524067
 0 0.567385
 0 0.479731
 0 0.521861
 0 0.552286
 0 0.404809
 0 0.497042
 0 0.399405
 0 0.553074
 0 0.555647
 0 0.32091
 0 0.524316
 0 0.597239
 0 0.482746
 0 0.465019
 0 0.390522
 0 0.565915
 0 0.520962
 0 0.662447
 0 0.554001
 0 0.480477
 0 0.572873
 0 0.633123
 0 0.601674
 0 0.482677
 0 0.569662
 0 0.326747
 0 0.593795
 0 0.497545
 0 0.553567
 0 0.374084
 0 0.478798
 0 0.63105
 0 0.452503
 0 0.541554
 0 0.439435
 0 0.537741
 0 0.599336
 0 0.387953
 0 0.44175
 0 0.531315
 0 0.513419
 0 0.441872
 0 0.426036
 0 0.396817
 0 0.519275
 0 0.423092
 0 0.517091
 0 0.470481
 0 0.383948
 0 0.478693
 0 0.433535
 0 0.673488
 0 0.45186
 0 0.526992
 0 0.29048
 0 0.55423
 0 0.361999
 0 0.507194
 0 0.394873
 0 0.239513
 0 0.254634
 0 0.636552
 0 0.383505
 0 0.545549
 0 0.381345
 0 0.372531
 0 0.565449
 0 0.46025
 0 0.277912
 0 0.356472
 0 0.457273
 0 0.643851
 0 0.361687
 0 0.358127
 0 0.384432
 0 0.431169
 0 0.308863
 0 0.513062
 0 0.359966
 0 0.40635
 0 0.541372
 0 0.468631
 0 0.48605
 0 0.54547
 0 0.500223
 0 0.556909
 0 0.452583
 0 0.401307
 0 0.466724
 0 0.37792
 0 0.570972
 0 0.583797
 0 0.379696
 0 0.539138
 0 0.549355
 0 0.362399
 0 0.37363
 0 0.534416
 0 0.529952
 0 0.585962
 0 0.55906
 0 0.532918
 0 0.334291
 0 0.542544
 0 0.457158
 0 0.456458
 0 0.531907
 0 0.345362
 0 0.689685
 0 0.409864
 0 0.466064
 0 0.438877
 0 0.506041
 0 0.227255
 0 0.508566
 0 0.469716
 0 0.51386
 0 0.501575
 0 0.574379
 0 0.22108
 0 0.594766
 0 0.605515
 0 0.499395
 0 0.471164
 0 0.451595
 0 0.587753
 0 0.306509
 0 0.676509
 0 0.39586
 0 0.57482
 0 0.352279
 0 0.436289
 0 0.523052
 0 0.4495
 0 0.326326
 0 0.314923
 0 0.384286
 0 0.439802
 0 0.358288
 0 0.672416
 0 0.488522
 0 0.472068
 0 0.327967
 0 0.377687
 0 0.580673
 0 0.559125
 0 0.357795
 0 0.57396
 0 0.300472
 0 0.384113
 0 0.484091
 0 0.423771
 0 0.629954
 0 0.636778
 0 0.46683
 0 0.578432
 0 0.473904
 0 0.396629
 0 0.558359
 0 0.480473
 0 0.290813
 0 0.446601
 0 0.566259
 0 0.571797
 0 0.374071
 0 0.459915
 0 0.60494
 0 0.564658
 0 0.480871
 0 0.523467
 0 0.442262
 0 0.361565
 0 0.573844
 0 0.55525
 0 0.38851
 0 0.480735
 0 0.491612
 0 0.332335
 0 0.490704
 0 0.480871
 0 0.439422
 0 0.391851
 0 0.506503
 0 0.492254
 0 0.482233
 0 0.508239
 0 0.586126
 0 0.414939
 0 0.463035
 0 0.54111
 0 0.42025
 0 0.493925
 0 0.339841
 0 0.481947
 0 0.37794
 0 0.584385
 0 0.23613
 0 0.507882
 0 0.421407
 0 0.611778
 0 0.500164
 0 0.584491
 0 0.566416
 0 0.461561
 0 0.508831
 0 0.328577
 0 0.489828
 0 0.517786
 0 0.564772
 0 0.291795
 0 0.528312
 0 0.699354
 0 0.430621
 0 0.370797
 0 0.331207
 0 0.552865
 0 0.499231
 0 0.391161
 0 0.319316
 0 0.422252
 0 0.518188
 0 0.454768
 0 0.289627
 0 0.536102
 0 0.487712
 0 0.554987
 0 0.451652
 0 0.472175
 0 0.288674
 0 0.467463
 0 0.530755
 0 0.714619
 0 0.624316
 0 0.357078
 0 0.427685
 0 0.573575
 0 0.700755
 0 0.496387
 0 0.420586
 0 0.497462
 0 0.409505
 0 0.574741
 0 0.48413
 0 0.44219
 0 0.394815
 0 0.648308
 0 0.488952
 0 0.430327
 0 0.498741
 0 0.337069
 0 0.492301
 0 0.220227
 0 0.693368
 0 0.600098
 0 0.563884
 0 0.453373
 0 0.5734
 0 0.407976
 0 0.415296
 0 0.397141
 0 0.639061
 0 0.478439
 0 0.571669
 0 0.332452
 0 0.349174
 0 0.479368
 0 0.52738
 0 0.549349
 0 0.612004
 0 0.515697
 0 0.385549
 0 0.484595
 0 0.464355
 0 0.472873
 0 0.445915
 0 0.368242
 0 0.629468
 0 0.712658
 0 0.560326
 0 0.408326
 0 0.397919
 0 0.570806
 0 0.581985
 0 0.477235
 0 0.435688
 0 0.620104
 0 0.614539
 0 0.445895
 0 0.57276
 0 0.542416
 0 0.494185
 0 0.497282
 0 0.412676
 0 0.507893
 0 0.404008
 0 0.512891
 0 0.372317
 0 0.4988
 0 0.411135
 0 0.41899
 0 0.52241
 0 0.42111
 0 0.527521
 0 0.451038
 0 0.390173
 0 0.487402
 0 0.543888
 0 0.546507
 0 0.518633
 0 0.538772
 0 0.635038
 0 0.320628
 0 0.374537
 0 0.56076
 0 0.564792
 0 0.517624
 0 0.468538
 0 0.367916
 0 0.442252
 0 0.600869
 0 0.419544
 0 0.509185
 0 0.367568
 0 0.322782
 0 0.611454
 0 0.474433
 0 0.458669
 0 0.481173
 0 0.488876
 0 0.443909
 0 0.481755
 0 0.575638
 0 0.40184
 0 0.411863
 0 0.380001
 0 0.623324
 0 0.50794
 0 0.455597
 0 0.587109
 0 0.516652
 0 0.337043
 0 0.605586
 0 0.410477
 0 0.367068
 0 0.539053
 0 0.396975
 0 0.431691
 0 0.513998
 0 0.674189
 0 0.532537
 0 0.383501
 0 0.437623
 0 0.428318
 0 0.498902
 0 0.551001
 0 0.431157
 0 0.413721
 0 0.323721
 0 0.233278
 0 0.638597
 0 0.504127
 0 0.445089
 0 0.511699
 0 0.346587
 0 0.604337
 0 0.564523
 0 0.564545
