535 1 0 0 1
 0 0.433764
 0 0.313992
 0 0.56569
 0 0.593991
 0 0.429568
 0 0.624322
 0 0.518442
 0 0.526779
 0 0.399008
 0 0.501618
 0 0.500727
 0 0.554218
 0 0.425591
 0 0.592862
 0 0.617901
 0 0.433892
 0 0.483821
 0 0.552171
 0 0.507123
 0 0.620543
 0 0.462856
 0 0.362912
 0 0.553866
 0 0.511813
 0 0.332244
 0 0.54211
 0 0.532475
 0 0.551095
 0 0.498546
 0 0.486253
 0 0.662178
 0 0.480807
 0 0.589429
 0 0.456523
 0 0.525276
 0 0.462913
 0 0.584718
 0 0.516001
 0 0.408211
 0 0.471277
 0 0.587426
 0 0.432079
 0 0.498068
 0 0.626738
 0 0.467993
 0 0.514158
 0 0.438061
 0 0.397932
 0 0.494345
 0 0.48564
 0 0.466284
 0 0.640508
 0 0.623887
 0 0.498336
 0 0.428754
 0 0.455406
 0 0.523993
 0 0.470272
 0 0.616954
 0 0.435065
 0 0.530392
 0 0.570573
 0 0.505359
 0 0.484958
 0 0.343998
 0 0.677587
 0 0.441669
 0 0.439867
 0 0.478245
 0 0.548631
 0 0.447232
 0 0.440839
 0 0.417133
 0 0.50865
 0 0.367
 0 0.423066
 0 0.72761
 0 0.31647
 0 0.439728
 0 0.532597
 0 0.503374
 0 0.384564
 0 0.506483
 0 0.418349
 0 0.601305
 0 0.484199
 0 0.596074
 0 0.492336
 0 0.415992
 0 0.468344
 0 0.437132
 0 0.545171
 0 0.513089
 0 0.540297
 0 0.500288
 0 0.538615
 0 0.533228
 0 0.33599
 0 0.507999
 0 0.633486
 0 0.419087
 0 0.505984
 0 0.468683
 0 0.57997
 0 0.601694
 0 0.50057
 0 0.523728
 0 0.600773
 0 0.213813
 0 0.524059
 0 0.501175
 0 0.576756
 0 0.548279
 0 0.696366
 0 0.329948
 0 0.454773
 0 0.597463
 0 0.393157
 0 0.346418
 0 0.416952
 0 0.44574
 0 0.514715
 0 0.577732
 0 0.561808
 0 0.450204
 0 0.674352
 0 0.475674
 0 0.59408
 0 0.383065
 0 0.593014
 0 0.344763
 0 0.342788
 0 0.437695
 0 0.520108
 0 0.462913
 0 0.383301
 0 0.61176
 0 0.623056
 0 0.523536
 0 0.475472
 0 0.508121
 0 0.551448
 0 0.564456
 0 0.528651
 0 0.502552
 0 0.312032
 0 0.62281
 0 0.455854
 0 0.541034
 0 0.622065
 0 0.493819
 0 0.465176
 0 0.487498
 0 0.350058
 0 0.265493
 0 0.513641
 0 0.454405
 0 0.517943
 0 0.34019
 0 0.478853
 0 0.589341
 0 0.457601
 0 0.364435
 0 0.612375
 0 0.647107
 0 0.548124
 0 0.549921
 0 0.472812
 0 0.584339
 0 0.440194
 0 0.264388
 0 0.500539
 0 0.606177
 0 0.594165
 0 0.468189
 0 0.560049
 0 0.54763
 0 0.353952
 0 0.46611
 0 0.474695
 0 0.44331
 0 0.488194
 0 0.44056
 0 0.612872
 0 0.348818
 0 0.457953
 0 0.500106
 0 0.518638
 0 0.579784
 0 0.565855
 0 0.47601
 0 0.297668
 0 0.541632
 0 0.455281
 0 0.561805
 0 0.436261
 0 0.559172
 0 0.475641
 0 0.525929
 0 0.551252
 0 0.365069
 0 0.582851
 0 0.512654
 0 0.538399
 0 0.437614
 0 0.534568
 0 0.527955
 0 0.358514
 0 0.505596
 0 0.37729
 0 0.434779
 0 0.483913
 0 0.461993
 0 0.576404
 0 0.39419
 0 0.538044
 0 0.652704
 0 0.502033
 0 0.523184
 0 0.489081
 0 0.330648
 0 0.525021
 0 0.488619
 0 0.428159
 0 0.490001
 0 0.454429
 0 0.558359
 0 0.558902
 0 0.587265
 0 0.479076
 0 0.618223
 0 0.644392
 0 0.441615
 0 0.719765
 0 0.52406
 0 0.427963
 0 0.538362
 0 0.644132
 0 0.592025
 0 0.470304
 0 0.424145
 0 0.467942
 0 0.581319
 0 0.465974
 0 0.604604
 0 0.446938
 0 0.553712
 0 0.443862
 0 0.548127
 0 0.525006
 0 0.543057
 0 0.446087
 0 0.500082
 0 0.610065
 0 0.564604
 0 0.578634
 0 0.576223
 0 0.690179
 0 0.60615
 0 0.420987
 0 0.632063
 0 0.512946
 0 0.62007
 0 0.545115
 0 0.491426
 0 0.55952
 0 0.419555
 0 0.549281
 0 0.538669
 0 0.54993
 0 0.488799
 0 0.544304
 0 0.538608
 0 0.499317
 0 0.556216
 0 0.425519
 0 0.496234
 0 0.417972
 0 0.559944
 0 0.470352
 0 0.570343
 0 0.430133
 0 0.438525
 0 0.612146
 0 0.500209
 0 0.510144
 0 0.534572
 0 0.492413
 0 0.502219
 0 0.484874
 0 0.418847
 0 0.480099
 0 0.408658
 0 0.464441
 0 0.54896
 0 0.538736
 0 0.57564
 0 0.485682
 0 0.411137
 0 0.602289
 0 0.449599
 0 0.453633
 0 0.512492
 0 0.511812
 0 0.446562
 0 0.442943
 0 0.466363
 0 0.397896
 0 0.388478
 0 0.512992
 0 0.600084
 0 0.597966
 0 0.416001
 0 0.599282
 0 0.488715
 0 0.527412
 0 0.5382
 0 0.479654
 0 0.567018
 0 0.535305
 0 0.485491
 0 0.414383
 0 0.40086
 0 0.588654
 0 0.433498
 0 0.47547
 0 0.582297
 0 0.473693
 0 0.47014
 0 0.335272
 0 0.473172
 0 0.515739
 0 0.528775
 0 0.512713
 0 0.457231
 0 0.401914
 0 0.415913
 0 0.65579
 0 0.433266
 0 0.390621
 0 0.711519
 0 0.515199
 0 0.683226
 0 0.51045
 0 0.52167
 0 0.398627
 0 0.3223
 0 0.491492
 0 0.388073
 0 0.434511
 0 0.649276
 0 0.479403
 0 0.712292
 0 0.564732
 0 0.457054
 0 0.526097
 0 0.521514
 0 0.446797
 0 0.421013
 0 0.426684
 0 0.358915
 0 0.477746
 0 0.605392
 0 0.477591
 0 0.57186
 0 0.499786
 0 0.44865
 0 0.400424
 0 0.411757
 0 0.569323
 0 0.387903
 0 0.43209
 0 0.564589
 0 0.675345
 0 0.364786
 0 0.61944
 0 0.479503
 0 0.500169
 0 0.561341
 0 0.447959
 0 0.497322
 0 0.685232
 0 0.513267
 0 0.471155
 0 0.264306
 0 0.584665
 0 0.626112
 0 0.424405
 0 0.553724
 0 0.399887
 0 0.588655
 0 0.597862
 0 0.477821
 0 0.515463
 0 0.583563
 0 0.508821
 0 0.370433
 0 0.528859
 0 0.592575
 0 0.580061
 0 0.400491
 0 0.376726
 0 0.551049
 0 0.507905
 0 0.533507
 0 0.408995
 0 0.477286
 0 0.278444
 0 0.483217
 0 0.431782
 0 0.523985
 0 0.354319
 0 0.431744
 0 0.550211
 0 0.434664
 0 0.498425
 0 0.479558
 0 0.566183
 0 0.382511
 0 0.524759
 0 0.602337
 0 0.591675
 0 0.540251
 0 0.403493
 0 0.579519
 0 0.527423
 0 0.609934
 0 0.423602
 0 0.451202
 0 0.507741
 0 0.597701
 0 0.45975
 0 0.552441
 0 0.56865
 0 0.294968
 0 0.448169
 0 0.554805
 0 0.354372
 0 0.617783
 0 0.335928
 0 0.426157
 0 0.552333
 0 0.606878
 0 0.438416
 0 0.38155
 0 0.529081
 0 0.568026
 0 0.607289
 0 0.577837
 0 0.468656
 0 0.580106
 0 0.590292
 0 0.476873
 0 0.534346
 0 0.483453
 0 0.492912
 0 0.347552
 0 0.451779
 0 0.431192
 0 0.567884
 0 0.483691
 0 0.393343
 0 0.440697
 0 0.434742
 0 0.548891
 0 0.708407
 0 0.585449
 0 0.45852
 0 0.401056
 0 0.474592
 0 0.674554
 0 0.534318
 0 0.571185
 0 0.509269
 0 0.368757
 0 0.484126
 0 0.459802
 0 0.475884
 0 0.523272
 0 0.409199
 0 0.479959
 0 0.497297
 0 0.433008
 0 0.479331
 0 0.626155
 0 0.445812
 0 0.509967
 0 0.583276
 0 0.555524
 0 0.397627
 0 0.421522
 0 0.31435
 0 0.440323
 0 0.538348
 0 0.335903
 0 0.478057
 0 0.548273
 0 0.478739
 0 0.552015
 0 0.351112
 0 0.53672
 0 0.48438
 0 0.353846
 0 0.518959
 0 0.466706
 0 0.631798
 0 0.386011
 0 0.584833
 0 0.650955
 0 0.581072
 0 0.531974
 0 0.487334
 0 0.726784
 0 0.450162
 0 0.469915
 0 0.468866
 0 0.621644
 0 0.624076
 0 0.491751
 0 0.567741
 0 0.450065
 0 0.433534
 0 0.603837
 0 0.584653
 0 0.39721
 0 0.508633
 0 0.401212
 0 0.480033
 0 0.470768
 0 0.555619
 0 0.634135
 0 0.504195
 0 0.456966
 0 0.462949
 0 0.582733
