535 1 0 0 1
 0 1.01149
 0 0.942522
 0 0.955081
 0 1.08062
 0 0.859732
 0 1.04683
 0 1.06649
 0 0.809625
 0 0.91513
 0 0.891852
 0 0.790693
 0 0.865361
 0 0.876144
 0 1.16164
 0 1.20758
 0 0.757529
 0 0.975792
 0 0.839295
 0 1.16721
 0 0.83094
 0 0.791433
 0 0.916809
 0 0.74705
 0 0.876596
 0 0.811766
 0 0.994992
 0 1.15454
 0 1.16636
 0 0.769456
 0 0.869628
 0 1.11585
 0 0.828979
 0 1.09372
 0 0.882025
 0 1.00113
 0 1.05603
 0 0.975984
 0 1.0365
 0 1.05181
 0 1.03166
 0 0.99903
 0 0.957907
 0 1.07348
 0 0.924025
 0 0.97951
 0 0.901486
 0 0.578568
 0 0.715825
 0 0.631865
 0 1.02391
 0 0.980139
 0 1.14091
 0 1.04143
 0 0.853786
 0 0.976885
 0 0.89031
 0 0.999887
 0 0.982712
 0 0.92879
 0 0.94776
 0 0.84924
 0 1.10467
 0 0.837124
 0 0.948798
 0 0.928913
 0 0.973011
 0 1.03827
 0 1.12364
 0 0.925158
 0 1.08352
 0 0.850012
 0 1.07881
 0 0.95916
 0 1.01465
 0 0.70094
 0 0.746431
 0 0.958721
 0 0.8861
 0 0.767619
 0 1.11855
 0 0.987237
 0 0.715217
 0 1.00505
 0 0.987745
 0 0.960941
 0 1.08687
 0 1.11851
 0 1.06519
 0 0.793649
 0 1.00109
 0 0.916776
 0 1.05647
 0 0.791948
 0 0.764621
 0 0.974147
 0 1.07404
 0 1.11382
 0 1.06655
 0 1.13073
 0 0.549802
 0 0.850203
 0 0.923476
 0 0.945397
 0 1.21263
 0 1.14782
 0 0.970355
 0 1.0197
 0 0.999581
 0 1.00209
 0 0.955913
 0 1.16931
 0 1.29283
 0 1.05989
 0 1.14812
 0 0.925581
 0 0.92718
 0 0.902673
 0 0.854658
 0 0.853361
 0 0.9327
 0 1.0099
 0 1.10066
 0 0.932396
 0 0.753795
 0 0.828057
 0 1.10956
 0 0.826804
 0 1.02661
 0 0.958979
 0 0.99065
 0 0.738151
 0 0.990482
 0 1.05784
 0 1.0567
 0 0.897263
 0 1.0267
 0 1.01278
 0 0.793882
 0 0.971301
 0 0.709318
 0 1.01949
 0 0.900857
 0 1.03786
 0 1.00076
 0 0.96041
 0 0.883152
 0 0.849061
 0 0.867334
 0 1.01901
 0 0.86454
 0 1.06001
 0 0.916137
 0 1.10712
 0 1.05135
 0 0.763766
 0 1.20482
 0 1.11558
 0 1.11916
 0 0.60998
 0 0.912021
 0 0.946286
 0 0.998292
 0 1.0359
 0 0.90162
 0 1.10398
 0 1.02325
 0 0.827523
 0 0.946344
 0 0.857854
 0 1.00627
 0 0.941538
 0 1.01575
 0 0.953004
 0 1.32038
 0 0.810196
 0 1.03222
 0 1.28733
 0 0.892415
 0 1.04795
 0 0.931086
 0 1.07021
 0 1.26461
 0 0.910239
 0 0.978642
 0 0.942665
 0 1.03262
 0 1.00921
 0 1.2134
 0 1.11367
 0 0.885258
 0 0.783078
 0 0.63059
 0 0.949723
 0 0.996583
 0 1.13415
 0 0.94147
 0 1.00777
 0 0.802505
 0 0.985374
 0 1.06484
 0 0.959181
 0 1.11402
 0 0.730677
 0 1.03656
 0 1.2707
 0 0.941536
 0 0.913941
 0 1.21204
 0 1.00093
 0 1.0396
 0 0.955134
 0 0.88167
 0 0.95482
 0 1.1465
 0 0.984488
 0 1.06652
 0 1.10839
 0 1.04305
 0 0.968082
 0 1.15849
 0 1.17999
 0 1.22668
 0 0.99838
 0 0.87444
 0 0.76881
 0 0.797185
 0 1.13805
 0 1.01018
 0 1.01762
 0 0.903674
 0 1.17417
 0 0.989525
 0 0.846692
 0 1.08253
 0 1.04128
 0 0.685107
 0 0.929557
 0 1.1092
 0 0.831074
 0 0.839212
 0 0.815847
 0 0.963825
 0 1.22803
 0 0.974851
 0 0.978027
 0 1.17969
 0 0.907617
 0 0.855168
 0 0.988319
 0 0.789647
 0 1.1094
 0 0.888537
 0 1.0483
 0 0.959408
 0 1.01643
 0 1.21418
 0 0.953446
 0 1.00039
 0 0.980956
 0 1.04806
 0 1.10258
 0 0.881906
 0 0.963068
 0 1.09072
 0 1.04886
 0 0.904161
 0 0.681141
 0 0.833156
 0 0.836702
 0 0.988543
 0 0.872478
 0 1.31779
 0 1.06724
 0 0.992226
 0 0.956042
 0 0.840836
 0 1.00514
 0 0.910456
 0 1.05041
 0 0.758486
 0 1.00112
 0 0.995817
 0 0.922821
 0 0.898877
 0 0.928739
 0 1.08925
 0 1.02886
 0 1.08439
 0 0.919008
 0 0.847416
 0 0.931046
 0 0.985211
 0 0.925787
 0 0.685709
 0 1.02273
 0 0.977828
 0 0.834961
 0 0.908986
 0 0.920701
 0 0.950107
 0 0.900151
 0 1.02927
 0 1.0344
 0 1.02566
 0 0.788498
 0 1.06078
 0 1.18515
 0 1.20791
 0 0.743756
 0 1.07338
 0 1.05439
 0 1.03649
 0 0.820724
 0 0.944385
 0 0.864859
 0 0.874655
 0 0.960952
 0 1.01293
 0 0.812221
 0 0.798618
 0 0.802824
 0 0.774974
 0 1.04925
 0 0.924826
 0 0.948785
 0 1.0553
 0 1.05516
 0 1.15399
 0 0.912191
 0 0.7818
 0 0.849176
 0 0.976124
 0 0.966398
 0 1.0195
 0 0.897063
 0 0.999489
 0 0.73655
 0 1.29967
 0 0.941297
 0 0.808991
 0 1.10509
 0 0.958664
 0 1.15695
 0 0.981315
 0 0.980764
 0 0.876297
 0 0.939577
 0 0.778487
 0 0.872337
 0 0.9669
 0 1.08135
 0 0.755783
 0 1.09944
 0 0.691031
 0 1.11877
 0 0.826951
 0 0.762505
 0 1.06431
 0 0.816168
 0 0.816546
 0 0.779331
 0 1.26708
 0 0.842795
 0 1.1861
 0 1.13116
 0 1.00265
 0 0.928488
 0 0.791539
 0 0.759651
 0 1.02785
 0 0.87921
 0 0.978023
 0 1.01819
 0 1.29
 0 0.697079
 0 0.887326
 0 0.719417
 0 1.01994
 0 1.04625
 0 0.878872
 0 0.983888
 0 1.02669
 0 1.04357
 0 0.945115
 0 0.982533
 0 0.96165
 0 0.965562
 0 0.627298
 0 0.899245
 0 0.931939
 0 0.962464
 0 1.02138
 0 0.927523
 0 1.02104
 0 1.17174
 0 1.06179
 0 0.824135
 0 1.1714
 0 0.82969
 0 1.08067
 0 0.883142
 0 0.933277
 0 1.19807
 0 0.958585
 0 1.06649
 0 1.02599
 0 1.03587
 0 0.894952
 0 1.11195
 0 0.783236
 0 0.872467
 0 0.840573
 0 0.921192
 0 1.15006
 0 1.07855
 0 0.981496
 0 0.960684
 0 0.896651
 0 0.827637
 0 1.06627
 0 1.03836
 0 0.891496
 0 0.836871
 0 0.964882
 0 1.0061
 0 0.821547
 0 0.941246
 0 0.864319
 0 0.933092
 0 1.03203
 0 1.09698
 0 0.870515
 0 1.03515
 0 0.96966
 0 0.769416
 0 0.948476
 0 1.08026
 0 0.78311
 0 1.06428
 0 0.967699
 0 0.858062
 0 1.09692
 0 1.16115
 0 1.00967
 0 1.00116
 0 0.99261
 0 0.954958
 0 1.03534
 0 0.959136
 0 0.807585
 0 1.11576
 0 1.12704
 0 1.07026
 0 1.16241
 0 0.86643
 0 1.1474
 0 0.908618
 0 0.97189
 0 0.828171
 0 1.24535
 0 0.758943
 0 0.957612
 0 0.801501
 0 0.894969
 0 1.13531
 0 1.08601
 0 0.765223
 0 1.10994
 0 0.852464
 0 0.757029
 0 1.11182
 0 1.24452
 0 1.06681
 0 1.03383
 0 0.922596
 0 0.881976
 0 0.985789
 0 0.947549
 0 1.15966
 0 0.820522
 0 1.14995
 0 0.947239
 0 1.06436
 0 0.746931
 0 1.07983
 0 0.824597
 0 1.24853
 0 1.25551
 0 1.15369
 0 0.787999
 0 0.884851
 0 0.983983
 0 0.846854
 0 0.807589
 0 0.810675
 0 0.989838
 0 1.00777
 0 0.845957
 0 0.935546
 0 0.889738
 0 1.07307
 0 1.19068
 0 0.953699
 0 0.993072
 0 0.881543
 0 0.867104
 0 1.06831
 0 1.13619
 0 1.07708
 0 1.06846
 0 1.26203
 0 0.961173
 0 0.968935
 0 0.93141
 0 0.987558
 0 0.942996
 0 1.03203
 0 0.982487
 0 0.807305
 0 1.20213
 0 0.724484
 0 0.92513
 0 1.08057
 0 0.911715
 0 0.871935
 0 0.852391
 0 0.817786
 0 1.08897
 0 0.811243
 0 0.984424
 0 1.14033
 0 0.951866
 0 0.802837
 0 0.9889
 0 0.950411
