535 1 0 0 1
 0 1.11024
 0 0.865814
 0 0.823266
 0 0.977445
 0 1.12244
 0 1.01326
 0 1.01596
 0 0.887262
 0 1.01256
 0 0.815898
 0 0.913012
 0 1.14018
 0 0.840416
 0 0.965493
 0 1.13988
 0 0.822642
 0 0.812205
 0 0.896902
 0 1.07612
 0 1.1183
 0 0.745703
 0 0.939204
 0 1.09104
 0 0.846979
 0 0.778167
 0 1.13268
 0 0.923401
 0 1.11754
 0 1.01006
 0 0.968983
 0 1.06843
 0 1.19001
 0 0.822956
 0 0.641365
 0 0.953116
 0 0.947215
 0 1.04929
 0 1.07954
 0 1.14625
 0 1.08071
 0 0.941019
 0 0.971054
 0 1.14585
 0 0.969056
 0 0.803553
 0 0.962863
 0 1.01303
 0 0.874445
 0 0.847629
 0 1.1608
 0 1.01728
 0 1.23417
 0 0.867611
 0 1.14216
 0 1.01975
 0 1.00394
 0 1.05865
 0 0.741609
 0 0.953662
 0 1.13217
 0 1.18304
 0 1.10412
 0 0.802763
 0 1.0547
 0 0.923612
 0 0.994748
 0 0.892273
 0 0.940192
 0 1.18442
 0 1.09931
 0 0.73213
 0 0.961305
 0 1.10512
 0 0.894189
 0 0.903737
 0 0.759182
 0 0.937642
 0 0.899705
 0 0.84439
 0 0.813055
 0 1.036
 0 0.787301
 0 0.883227
 0 0.990208
 0 0.978316
 0 0.972106
 0 1.1052
 0 1.08766
 0 1.06096
 0 1.07977
 0 1.06246
 0 0.913868
 0 0.981805
 0 1.03451
 0 0.954934
 0 0.931445
 0 1.12056
 0 0.815382
 0 0.96656
 0 0.782603
 0 0.941714
 0 0.97764
 0 0.944712
 0 1.17992
 0 1.21928
 0 1.01168
 0 1.23335
 0 0.893145
 0 0.876931
 0 0.743975
 0 1.07109
 0 1.07467
 0 1.06579
 0 1.05575
 0 1.08797
 0 0.89445
 0 1.00762
 0 0.624423
 0 1.04778
 0 0.968586
 0 1.17562
 0 1.02912
 0 0.886511
 0 0.902018
 0 0.90327
 0 0.975237
 0 0.824669
 0 1.08141
 0 1.00945
 0 1.21482
 0 0.824913
 0 1.05938
 0 1.25565
 0 1.06237
 0 0.984238
 0 1.10989
 0 0.952401
 0 0.98927
 0 0.900916
 0 0.936834
 0 0.957381
 0 0.997874
 0 1.00047
 0 0.759348
 0 1.04465
 0 0.923442
 0 0.87258
 0 0.772973
 0 0.988891
 0 1.18707
 0 1.04918
 0 0.915723
 0 0.903108
 0 0.857798
 0 0.427808
 0 0.980963
 0 1.15105
 0 1.07481
 0 0.860561
 0 1.13758
 0 1.09675
 0 0.956574
 0 0.931327
 0 0.728015
 0 1.02748
 0 1.09338
 0 1.07855
 0 0.865576
 0 1.03804
 0 0.907833
 0 0.897717
 0 1.02504
 0 1.03665
 0 1.03109
 0 0.857226
 0 1.16673
 0 1.16905
 0 1.07833
 0 0.908605
 0 0.899748
 0 0.977855
 0 1.00769
 0 0.950319
 0 1.14546
 0 0.872617
 0 1.20908
 0 0.985086
 0 1.11551
 0 1.03398
 0 1.08298
 0 0.848667
 0 0.825427
 0 1.1729
 0 0.976959
 0 0.998397
 0 1.18991
 0 1.14005
 0 1.05737
 0 1.1557
 0 1.19395
 0 0.690091
 0 1.16917
 0 0.877921
 0 1.14335
 0 1.0052
 0 1.05608
 0 1.21244
 0 0.777986
 0 1.06939
 0 0.928961
 0 0.882105
 0 0.879807
 0 0.891106
 0 1.25551
 0 0.89524
 0 1.06117
 0 1.06749
 0 0.709331
 0 1.10004
 0 1.26907
 0 1.07128
 0 1.31154
 0 1.15387
 0 1.01576
 0 1.06155
 0 0.802383
 0 1.07701
 0 0.889421
 0 1.16752
 0 0.981308
 0 0.972472
 0 0.990041
 0 1.0873
 0 1.02911
 0 0.882415
 0 0.793999
 0 1.17336
 0 1.02294
 0 0.800311
 0 0.873159
 0 1.12098
 0 1.05992
 0 0.874658
 0 0.97958
 0 0.928204
 0 1.26931
 0 1.00649
 0 0.969854
 0 1.04406
 0 1.03312
 0 0.726075
 0 0.916364
 0 1.23259
 0 1.07594
 0 1.02897
 0 1.05953
 0 0.999179
 0 0.968725
 0 1.04519
 0 0.789862
 0 1.19047
 0 0.77319
 0 0.905885
 0 0.825707
 0 0.993581
 0 1.10951
 0 0.730324
 0 1.03641
 0 0.963417
 0 1.06522
 0 0.739917
 0 1.0563
 0 0.959055
 0 1.05015
 0 0.967964
 0 0.871858
 0 0.922164
 0 1.05563
 0 1.10656
 0 0.712447
 0 1.02713
 0 0.894512
 0 0.948122
 0 0.841061
 0 1.09379
 0 0.872557
 0 1.05033
 0 1.08912
 0 1.16238
 0 0.899186
 0 0.915197
 0 1.02995
 0 1.2298
 0 0.926095
 0 1.0129
 0 0.99574
 0 1.08202
 0 0.964391
 0 1.13825
 0 1.03026
 0 1.00608
 0 1.0918
 0 0.837978
 0 0.92296
 0 0.932586
 0 1.01723
 0 1.1971
 0 1.08331
 0 0.803998
 0 1.16034
 0 0.872627
 0 0.99622
 0 0.781913
 0 1.02239
 0 1.02898
 0 1.03195
 0 1.03065
 0 0.839524
 0 0.983159
 0 0.786842
 0 1.20493
 0 1.0293
 0 0.911899
 0 1.14662
 0 0.874395
 0 1.07878
 0 1.02838
 0 1.24004
 0 0.768887
 0 0.909777
 0 0.992171
 0 1.06889
 0 0.943238
 0 1.00883
 0 0.954936
 0 0.814201
 0 0.744744
 0 1.17059
 0 0.889954
 0 0.907087
 0 1.16172
 0 0.982195
 0 0.955333
 0 0.948397
 0 1.02211
 0 1.00746
 0 0.964045
 0 0.731505
 0 0.864867
 0 0.887291
 0 1.02665
 0 1.09131
 0 1.01454
 0 0.791499
 0 1.12201
 0 0.911245
 0 0.911539
 0 1.17397
 0 0.720717
 0 0.841855
 0 0.688557
 0 0.962503
 0 0.903662
 0 1.16088
 0 0.987163
 0 0.995883
 0 0.88525
 0 0.741721
 0 0.960094
 0 1.1501
 0 0.946485
 0 1.28062
 0 1.05154
 0 0.883352
 0 1.00618
 0 1.07028
 0 0.900974
 0 1.0435
 0 1.02334
 0 0.926424
 0 0.96076
 0 1.15589
 0 0.969521
 0 0.961125
 0 0.715979
 0 1.05541
 0 0.885163
 0 0.749984
 0 0.956928
 0 1.04699
 0 1.00645
 0 1.05637
 0 0.996239
 0 1.04417
 0 1.22844
 0 0.996108
 0 0.962521
 0 1.0613
 0 1.16469
 0 0.900741
 0 0.986552
 0 0.979939
 0 1.24
 0 0.990045
 0 1.15545
 0 1.17248
 0 1.09267
 0 0.91364
 0 0.924056
 0 0.791534
 0 0.876075
 0 0.921612
 0 0.987924
 0 1.10221
 0 1.20123
 0 0.943201
 0 0.963489
 0 0.772479
 0 0.871101
 0 0.954783
 0 1.10447
 0 1.02841
 0 0.882911
 0 1.00076
 0 1.14529
 0 0.743042
 0 0.980512
 0 0.952006
 0 1.09842
 0 1.29837
 0 1.23556
 0 1.15537
 0 1.10332
 0 0.808378
 0 0.731373
 0 1.00744
 0 1.06093
 0 0.716368
 0 1.06511
 0 0.971097
 0 0.956928
 0 0.988693
 0 1.33491
 0 1.10867
 0 0.973733
 0 1.16039
 0 1.21063
 0 1.10612
 0 0.962273
 0 1.00147
 0 1.19652
 0 1.02312
 0 0.963615
 0 1.07077
 0 0.77697
 0 1.21984
 0 0.770202
 0 0.996979
 0 0.919862
 0 1.22738
 0 0.908388
 0 1.02037
 0 0.792204
 0 1.03409
 0 1.03505
 0 1.28782
 0 0.876478
 0 1.06958
 0 0.805733
 0 1.12032
 0 1.05987
 0 1.12791
 0 0.939632
 0 1.13152
 0 0.938548
 0 1.08
 0 1.11923
 0 1.14124
 0 1.35999
 0 1.0465
 0 1.06674
 0 1.11008
 0 1.06948
 0 0.812416
 0 1.06509
 0 1.04429
 0 1.24849
 0 1.14324
 0 1.10939
 0 0.878961
 0 0.737037
 0 1.22234
 0 0.841299
 0 0.981503
 0 0.820154
 0 0.954521
 0 0.963609
 0 0.848303
 0 1.03938
 0 1.17615
 0 0.978862
 0 0.943356
 0 0.786691
 0 0.956967
 0 1.12366
 0 1.12042
 0 1.04005
 0 1.05835
 0 0.934452
 0 1.05917
 0 0.959965
 0 0.832628
 0 1.01092
 0 0.623459
 0 1.18362
 0 1.11153
 0 1.31842
 0 0.936098
 0 0.819935
 0 0.898282
 0 0.844872
 0 0.782766
 0 0.925915
 0 1.15641
 0 0.989222
 0 0.824635
 0 0.817303
 0 0.903948
 0 0.928624
 0 1.03862
 0 1.19995
 0 0.889578
 0 1.01826
 0 0.822392
 0 1.16303
