535 1 0 0 1
 0 0.629205
 0 0.960029
 0 0.448245
 0 0.497917
 0 1.14265
 0 0.130624
 0 1.15672
 0 0.0734098
 0 0.443398
 0 0.58661
 0 0.166977
 0 0.881005
 0 0.604839
 0 0.68739
 0 0.36821
 0 0.835378
 0 0.46225
 0 0.599249
 0 0.726393
 0 0.540498
 0 0.532621
 0 0.0635024
 0 0.712372
 0 0.102602
 0 0.930938
 0 0.799475
 0 0.650827
 0 0.400765
 0 0.586844
 0 0.238669
 0 0.63521
 0 -0.101587
 0 0.471629
 0 0.601132
 0 0.467628
 0 0.697482
 0 0.762379
 0 0.43447
 0 0.304366
 0 0.65162
 0 1.08336
 0 0.620343
 0 0.34326
 0 0.323286
 0 0.471483
 0 0.84271
 0 0.704699
 0 0.82591
 0 0.509305
 0 0.746218
 0 0.581067
 0 0.726767
 0 0.402051
 0 0.578161
 0 0.796003
 0 0.434057
 0 0.303353
 0 0.332652
 0 0.544574
 0 0.454067
 0 0.2829
 0 0.595993
 0 0.60002
 0 0.537864
 0 0.60707
 0 0.465658
 0 0.50152
 0 0.403833
 0 0.444378
 0 0.848693
 0 0.51564
 0 0.474447
 0 0.677544
 0 0.324317
 0 0.556346
 0 0.540788
 0 0.793822
 0 0.570601
 0 0.360805
 0 0.313152
 0 0.467316
 0 0.309481
 0 0.530595
 0 0.868499
 0 0.745805
 0 0.471683
 0 0.274638
 0 0.745493
 0 0.612965
 0 0.433931
 0 0.286654
 0 0.865953
 0 0.551186
 0 0.246972
 0 0.532543
 0 0.256231
 0 0.688721
 0 0.627282
 0 0.634999
 0 0.330207
 0 0.720174
 0 -0.0959732
 0 0.546902
 0 0.713445
 0 0.610788
 0 0.578652
 0 0.555974
 0 0.633905
 0 0.666802
 0 0.584255
 0 0.308444
 0 0.555766
 0 0.73789
 0 0.18589
 0 0.73732
 0 0.760372
 0 0.345062
 0 0.306253
 0 0.269077
 0 0.165803
 0 0.653526
 0 0.223149
 0 0.561111
 0 0.532846
 0 0.303998
 0 0.507602
 0 0.728884
 0 0.191727
 0 0.670479
 0 0.42233
 0 0.191276
 0 0.745027
 0 0.965554
 0 0.349742
 0 0.504883
 0 0.552937
 0 0.603546
 0 0.490927
 0 0.674742
 0 0.848561
 0 0.433763
 0 0.885886
 0 0.377975
 0 0.611313
 0 0.598951
 0 0.685619
 0 0.0711774
 0 0.809029
 0 0.109845
 0 0.678556
 0 0.803113
 0 0.539753
 0 0.383837
 0 0.500751
 0 0.872566
 0 0.374004
 0 0.731113
 0 0.361253
 0 0.102487
 0 0.402262
 0 0.594469
 0 0.378356
 0 0.497637
 0 0.913507
 0 0.42324
 0 0.521499
 0 0.569748
 0 0.144744
 0 0.36023
 0 0.359674
 0 0.607491
 0 0.848814
 0 -0.355448
 0 0.892571
 0 0.672491
 0 0.789401
 0 0.627958
 0 0.529467
 0 0.527646
 0 0.462029
 0 0.789429
 0 0.647694
 0 0.509019
 0 0.689544
 0 0.474499
 0 0.741136
 0 0.528947
 0 0.150568
 0 0.415027
 0 0.82013
 0 0.320278
 0 0.150089
 0 0.839639
 0 0.353916
 0 0.377511
 0 0.251175
 0 0.380586
 0 0.581416
 0 0.535134
 0 0.242545
 0 0.510843
 0 0.312613
 0 0.350406
 0 0.346391
 0 0.227652
 0 0.288397
 0 0.697976
 0 0.756322
 0 0.448526
 0 0.645873
 0 0.738998
 0 0.796649
 0 0.727994
 0 0.212649
 0 0.194889
 0 0.639161
 0 0.998725
 0 0.385081
 0 0.623814
 0 0.86761
 0 0.328333
 0 0.752729
 0 0.404752
 0 0.783024
 0 0.667604
 0 0.315312
 0 0.577522
 0 0.382874
 0 0.458357
 0 0.613181
 0 0.712519
 0 0.715887
 0 0.320964
 0 0.290582
 0 0.639297
 0 0.426678
 0 0.309421
 0 0.550812
 0 0.452091
 0 0.691926
 0 0.609525
 0 0.316885
 0 0.523874
 0 0.405823
 0 0.744188
 0 0.545988
 0 0.177803
 0 0.289912
 0 0.295412
 0 0.0792756
 0 0.0565949
 0 0.780654
 0 0.208905
 0 0.242883
 0 0.443221
 0 0.330371
 0 0.592597
 0 0.342093
 0 1.0042
 0 0.53617
 0 0.28733
 0 0.472135
 0 0.730403
 0 0.48879
 0 0.613832
 0 0.333975
 0 0.80814
 0 0.488135
 0 0.185356
 0 0.385372
 0 0.376305
 0 -0.00278256
 0 0.367674
 0 0.48244
 0 0.821307
 0 0.272848
 0 0.747111
 0 0.505353
 0 0.260187
 0 0.490034
 0 0.58877
 0 0.667437
 0 0.435942
 0 0.634404
 0 0.269726
 0 0.225963
 0 0.285972
 0 0.909471
 0 0.634407
 0 0.147732
 0 0.35736
 0 0.816828
 0 0.811415
 0 0.231435
 0 0.791688
 0 0.463394
 0 0.317736
 0 0.471837
 0 0.464128
 0 0.519556
 0 1.09705
 0 0.703896
 0 0.280958
 0 0.414814
 0 0.436688
 0 0.606543
 0 0.74704
 0 0.858776
 0 0.0729398
 0 0.525894
 0 0.57366
 0 0.545119
 0 0.4386
 0 0.261649
 0 0.34999
 0 0.598031
 0 0.083427
 0 0.2409
 0 0.240998
 0 0.300174
 0 0.875928
 0 0.551954
 0 0.540383
 0 0.047793
 0 0.651473
 0 0.736538
 0 0.636824
 0 0.473953
 0 0.128468
 0 0.498193
 0 0.538832
 0 0.417965
 0 0.565979
 0 0.753857
 0 0.332657
 0 0.511868
 0 0.287432
 0 0.443401
 0 0.355016
 0 0.382314
 0 0.125779
 0 0.450574
 0 0.448842
 0 0.689871
 0 0.692932
 0 0.341473
 0 0.780848
 0 0.984225
 0 0.722343
 0 0.293963
 0 0.754659
 0 0.640584
 0 0.469777
 0 0.451199
 0 0.358185
 0 0.414786
 0 0.602065
 0 0.668777
 0 0.45811
 0 0.371856
 0 0.602865
 0 0.260591
 0 0.620487
 0 0.635689
 0 0.650639
 0 0.397246
 0 0.536336
 0 0.579807
 0 0.636885
 0 0.50296
 0 0.358324
 0 0.308513
 0 0.172795
 0 0.450439
 0 0.50737
 0 0.976558
 0 0.429294
 0 0.429377
 0 0.654241
 0 0.361436
 0 0.757195
 0 0.474368
 0 0.526276
 0 0.920957
 0 0.853889
 0 0.81121
 0 0.780565
 0 0.435808
 0 0.605878
 0 0.657326
 0 0.383686
 0 0.55626
 0 0.709004
 0 0.500894
 0 0.351887
 0 0.392968
 0 0.646062
 0 1.30303
 0 0.28211
 0 0.997353
 0 0.557638
 0 0.633567
 0 0.30746
 0 0.399998
 0 0.707487
 0 0.144597
 0 1.01793
 0 0.257117
 0 0.946625
 0 0.598522
 0 0.583214
 0 0.188048
 0 0.523543
 0 0.24506
 0 0.577425
 0 0.125516
 0 0.570088
 0 0.412687
 0 0.448841
 0 0.235397
 0 0.862025
 0 0.389243
 0 0.385304
 0 0.403129
 0 0.357817
 0 0.852697
 0 0.47021
 0 0.189727
 0 0.334713
 0 0.850886
 0 0.453421
 0 0.968742
 0 0.619461
 0 0.734492
 0 0.665328
 0 0.351017
 0 0.672999
 0 0.440409
 0 0.821565
 0 0.828647
 0 0.800131
 0 0.318181
 0 0.0577507
 0 0.490232
 0 0.277315
 0 0.563504
 0 0.404691
 0 0.785756
 0 0.637715
 0 0.299719
 0 0.418671
 0 0.75389
 0 0.434717
 0 0.483738
 0 0.549133
 0 0.517548
 0 0.648571
 0 0.33396
 0 0.743609
 0 0.441196
 0 0.160131
 0 0.374067
 0 0.429556
 0 0.665347
 0 0.49251
 0 0.687808
 0 0.445028
 0 0.41736
 0 0.611352
 0 0.431274
 0 0.92162
 0 0.883679
 0 0.605056
 0 0.736105
 0 0.604491
 0 0.389419
 0 0.97535
 0 0.95961
 0 0.435487
 0 0.189712
 0 0.456291
 0 0.679204
 0 0.876215
 0 0.0809544
 0 0.313382
 0 0.503289
 0 0.779672
 0 0.730334
 0 0.463856
 0 0.63038
 0 0.489672
 0 0.2005
 0 0.477675
 0 0.717054
 0 0.373317
 0 0.257062
 0 0.459055
 0 0.530701
 0 0.528644
 0 0.527425
 0 0.317932
 0 0.0837002
 0 0.692559
 0 0.36063
 0 0.357322
 0 0.510492
 0 0.612224
 0 0.427256
 0 0.100125
 0 0.448638
 0 0.642856
 0 0.516154
 0 1.11955
 0 0.320114
 0 0.626318
 0 1.08973
 0 0.524461
 0 1.22784
 0 0.462225
 0 0.558557
 0 0.491908
 0 0.219155
 0 0.531917
 0 0.680765
 0 0.8147
 0 0.622545
 0 0.642549
 0 0.584664
 0 0.505406
 0 0.322494
 0 0.417509
 0 0.43888
 0 0.577769
 0 0.79546
 0 0.649937
