535 1 0 0 1
 0 0.26003
 0 0.262429
 0 0.263201
 0 0.26586
 0 0.268171
 0 0.269467
 0 0.265376
 0 0.268067
 0 0.263468
 0 0.258624
 0 0.262019
 0 0.268589
 0 0.277943
 0 0.27812
 0 0.273668
 0 0.260537
 0 0.263888
 0 0.263896
 0 0.265122
 0 0.271426
 0 0.267581
 0 0.276162
 0 0.265784
 0 0.270163
 0 0.272212
 0 0.259752
 0 0.266436
 0 0.272929
 0 0.272471
 0 0.267817
 0 0.269633
 0 0.26267
 0 0.270348
 0 0.263293
 0 0.273997
 0 0.262863
 0 0.274507
 0 0.263234
 0 0.265646
 0 0.281769
 0 0.269005
 0 0.272351
 0 0.259247
 0 0.278799
 0 0.27446
 0 0.263861
 0 0.268446
 0 0.265873
 0 0.266588
 0 0.275771
 0 0.271282
 0 0.272138
 0 0.265483
 0 0.266528
 0 0.26731
 0 0.264817
 0 0.265712
 0 0.267296
 0 0.271503
 0 0.256216
 0 0.263793
 0 0.262816
 0 0.269068
 0 0.262981
 0 0.264262
 0 0.259334
 0 0.270758
 0 0.273955
 0 0.26927
 0 0.26688
 0 0.271798
 0 0.265565
 0 0.267391
 0 0.261218
 0 0.272103
 0 0.253691
 0 0.254579
 0 0.25252
 0 0.265128
 0 0.265071
 0 0.25857
 0 0.255878
 0 0.268292
 0 0.268496
 0 0.261956
 0 0.26507
 0 0.263672
 0 0.26743
 0 0.259955
 0 0.268551
 0 0.262721
 0 0.274094
 0 0.265642
 0 0.26549
 0 0.268636
 0 0.265443
 0 0.275103
 0 0.276463
 0 0.270471
 0 0.275686
 0 0.265313
 0 0.269345
 0 0.260533
 0 0.267712
 0 0.274095
 0 0.270788
 0 0.264666
 0 0.268076
 0 0.268609
 0 0.272116
 0 0.267476
 0 0.272096
 0 0.261557
 0 0.261371
 0 0.261502
 0 0.261286
 0 0.255437
 0 0.263571
 0 0.27273
 0 0.277713
 0 0.271116
 0 0.276422
 0 0.271927
 0 0.27279
 0 0.263985
 0 0.266389
 0 0.276454
 0 0.265862
 0 0.275775
 0 0.279021
 0 0.277343
 0 0.273911
 0 0.269492
 0 0.274294
 0 0.266572
 0 0.275757
 0 0.263592
 0 0.259788
 0 0.270252
 0 0.257945
 0 0.271306
 0 0.26245
 0 0.267123
 0 0.263733
 0 0.268878
 0 0.258621
 0 0.269878
 0 0.274332
 0 0.264649
 0 0.261662
 0 0.268937
 0 0.268997
 0 0.267158
 0 0.266861
 0 0.264053
 0 0.277977
 0 0.270543
 0 0.270265
 0 0.272839
 0 0.269467
 0 0.271176
 0 0.263455
 0 0.272585
 0 0.249461
 0 0.266348
 0 0.261474
 0 0.259388
 0 0.269611
 0 0.265917
 0 0.26128
 0 0.265908
 0 0.27005
 0 0.267192
 0 0.271743
 0 0.268615
 0 0.264372
 0 0.275067
 0 0.26723
 0 0.265296
 0 0.26706
 0 0.263281
 0 0.263973
 0 0.268809
 0 0.273969
 0 0.275525
 0 0.262277
 0 0.270336
 0 0.257239
 0 0.26657
 0 0.268597
 0 0.276636
 0 0.267066
 0 0.266064
 0 0.264772
 0 0.263046
 0 0.277622
 0 0.273349
 0 0.271124
 0 0.270799
 0 0.262687
 0 0.268255
 0 0.268418
 0 0.266279
 0 0.275403
 0 0.277063
 0 0.264935
 0 0.261786
 0 0.265652
 0 0.262634
 0 0.256552
 0 0.277256
 0 0.261176
 0 0.25767
 0 0.268045
 0 0.263461
 0 0.28036
 0 0.265983
 0 0.26172
 0 0.263492
 0 0.282061
 0 0.268732
 0 0.28269
 0 0.26358
 0 0.262635
 0 0.263522
 0 0.264259
 0 0.261896
 0 0.251814
 0 0.254833
 0 0.253137
 0 0.260563
 0 0.26692
 0 0.270644
 0 0.255901
 0 0.275552
 0 0.264573
 0 0.261605
 0 0.268524
 0 0.270769
 0 0.265291
 0 0.271055
 0 0.269038
 0 0.266647
 0 0.254648
 0 0.258965
 0 0.260992
 0 0.267141
 0 0.258273
 0 0.266565
 0 0.267949
 0 0.265832
 0 0.258737
 0 0.266815
 0 0.269618
 0 0.266107
 0 0.277093
 0 0.269004
 0 0.263369
 0 0.269642
 0 0.272543
 0 0.270175
 0 0.267601
 0 0.266197
 0 0.259545
 0 0.266309
 0 0.275913
 0 0.270681
 0 0.27614
 0 0.27604
 0 0.261753
 0 0.265511
 0 0.26641
 0 0.264409
 0 0.279791
 0 0.267002
 0 0.261394
 0 0.268919
 0 0.258408
 0 0.2768
 0 0.26991
 0 0.271801
 0 0.26694
 0 0.27397
 0 0.26621
 0 0.268054
 0 0.262442
 0 0.249583
 0 0.26251
 0 0.256704
 0 0.257973
 0 0.272802
 0 0.269064
 0 0.269637
 0 0.267234
 0 0.274485
 0 0.275878
 0 0.275274
 0 0.268516
 0 0.260296
 0 0.260464
 0 0.270921
 0 0.268791
 0 0.28133
 0 0.259566
 0 0.260275
 0 0.260816
 0 0.259822
 0 0.276817
 0 0.271475
 0 0.27619
 0 0.269649
 0 0.278806
 0 0.267619
 0 0.267641
 0 0.266376
 0 0.279919
 0 0.260126
 0 0.261543
 0 0.260153
 0 0.262498
 0 0.263484
 0 0.265543
 0 0.269527
 0 0.266073
 0 0.270635
 0 0.275834
 0 0.27037
 0 0.270294
 0 0.267356
 0 0.26923
 0 0.280552
 0 0.276441
 0 0.266844
 0 0.265871
 0 0.277712
 0 0.273235
 0 0.267621
 0 0.273148
 0 0.271566
 0 0.274615
 0 0.261426
 0 0.265772
 0 0.255853
 0 0.269628
 0 0.272137
 0 0.267193
 0 0.26919
 0 0.273381
 0 0.261735
 0 0.260329
 0 0.271701
 0 0.274449
 0 0.25987
 0 0.266641
 0 0.268334
 0 0.248455
 0 0.253773
 0 0.270436
 0 0.263331
 0 0.266434
 0 0.262353
 0 0.261639
 0 0.267079
 0 0.272023
 0 0.263018
 0 0.268738
 0 0.26358
 0 0.264538
 0 0.271057
 0 0.257169
 0 0.273561
 0 0.260894
 0 0.260409
 0 0.26252
 0 0.265619
 0 0.25434
 0 0.267823
 0 0.260783
 0 0.258988
 0 0.270451
 0 0.263286
 0 0.265279
 0 0.259909
 0 0.267154
 0 0.262758
 0 0.27271
 0 0.265348
 0 0.264469
 0 0.268231
 0 0.26975
 0 0.263087
 0 0.259529
 0 0.264975
 0 0.280048
 0 0.263833
 0 0.267918
 0 0.263958
 0 0.274391
 0 0.266448
 0 0.273393
 0 0.273761
 0 0.27485
 0 0.266969
 0 0.269145
 0 0.270277
 0 0.259875
 0 0.271858
 0 0.282085
 0 0.276404
 0 0.267715
 0 0.260396
 0 0.267031
 0 0.273344
 0 0.271341
 0 0.279304
 0 0.270706
 0 0.273254
 0 0.254216
 0 0.269014
 0 0.260109
 0 0.267803
 0 0.254028
 0 0.259743
 0 0.267844
 0 0.274897
 0 0.263687
 0 0.268404
 0 0.257255
 0 0.269958
 0 0.267818
 0 0.262372
 0 0.259012
 0 0.261075
 0 0.273019
 0 0.267546
 0 0.266219
 0 0.265793
 0 0.263409
 0 0.260597
 0 0.273111
 0 0.2728
 0 0.265883
 0 0.269544
 0 0.256701
 0 0.264129
 0 0.262268
 0 0.266885
 0 0.271732
 0 0.272312
 0 0.277633
 0 0.272403
 0 0.274725
 0 0.263908
 0 0.269565
 0 0.278766
 0 0.267105
 0 0.274182
 0 0.278379
 0 0.263092
 0 0.270055
 0 0.268145
 0 0.258569
 0 0.269067
 0 0.267654
 0 0.258601
 0 0.264993
 0 0.270968
 0 0.265875
 0 0.281635
 0 0.26472
 0 0.26326
 0 0.272012
 0 0.26092
 0 0.270496
 0 0.275918
 0 0.271105
 0 0.275649
 0 0.273368
 0 0.278826
 0 0.261578
 0 0.269398
 0 0.270073
 0 0.266565
 0 0.268038
 0 0.267273
 0 0.266208
 0 0.269136
 0 0.266194
 0 0.260293
 0 0.265299
 0 0.264382
 0 0.262067
 0 0.277275
 0 0.270211
 0 0.264753
 0 0.266878
 0 0.261975
 0 0.263099
 0 0.266757
 0 0.263171
 0 0.257383
 0 0.264178
 0 0.27828
 0 0.269249
 0 0.267669
 0 0.263511
 0 0.271026
 0 0.259358
 0 0.266335
 0 0.273609
 0 0.268554
 0 0.262436
 0 0.260679
 0 0.267329
 0 0.271315
 0 0.279842
 0 0.273735
 0 0.272066
 0 0.273517
 0 0.264669
 0 0.257622
 0 0.269888
 0 0.267327
 0 0.270146
 0 0.263963
 0 0.281405
 0 0.268076
 0 0.267731
 0 0.264949
 0 0.277576
 0 0.262274
 0 0.274108
 0 0.271417
 0 0.2681
 0 0.271645
