535 1 0 0 1
 0 0.260948
 0 0.270553
 0 0.274992
 0 0.27034
 0 0.268122
 0 0.265876
 0 0.264323
 0 0.27949
 0 0.270686
 0 0.270942
 0 0.269037
 0 0.268905
 0 0.270632
 0 0.284157
 0 0.270953
 0 0.254253
 0 0.264879
 0 0.268403
 0 0.267309
 0 0.271203
 0 0.266056
 0 0.277235
 0 0.269083
 0 0.265009
 0 0.276966
 0 0.273913
 0 0.27738
 0 0.27217
 0 0.268466
 0 0.273519
 0 0.277524
 0 0.259047
 0 0.271231
 0 0.264368
 0 0.281861
 0 0.26974
 0 0.284477
 0 0.270396
 0 0.266073
 0 0.269127
 0 0.272268
 0 0.266039
 0 0.260541
 0 0.274603
 0 0.265354
 0 0.261883
 0 0.268086
 0 0.266849
 0 0.267213
 0 0.277068
 0 0.278819
 0 0.281039
 0 0.266734
 0 0.2674
 0 0.258625
 0 0.262002
 0 0.264193
 0 0.266336
 0 0.275456
 0 0.259217
 0 0.254737
 0 0.266766
 0 0.269794
 0 0.261746
 0 0.268107
 0 0.265024
 0 0.269358
 0 0.277839
 0 0.275768
 0 0.258025
 0 0.272401
 0 0.26945
 0 0.272052
 0 0.266092
 0 0.257375
 0 0.267002
 0 0.266032
 0 0.255384
 0 0.264437
 0 0.27076
 0 0.265782
 0 0.263802
 0 0.268721
 0 0.276652
 0 0.271883
 0 0.26114
 0 0.272452
 0 0.265558
 0 0.272126
 0 0.271871
 0 0.269128
 0 0.277239
 0 0.255409
 0 0.275419
 0 0.274245
 0 0.267096
 0 0.273282
 0 0.278538
 0 0.280791
 0 0.270208
 0 0.273884
 0 0.272192
 0 0.26958
 0 0.265698
 0 0.269164
 0 0.276822
 0 0.256948
 0 0.269625
 0 0.27764
 0 0.281296
 0 0.261362
 0 0.268564
 0 0.263143
 0 0.273029
 0 0.265272
 0 0.269757
 0 0.267839
 0 0.259002
 0 0.2728
 0 0.28061
 0 0.274887
 0 0.267242
 0 0.275778
 0 0.27449
 0 0.267652
 0 0.275302
 0 0.280005
 0 0.268942
 0 0.274485
 0 0.272082
 0 0.264722
 0 0.259052
 0 0.267464
 0 0.267931
 0 0.269109
 0 0.272976
 0 0.264418
 0 0.269405
 0 0.268005
 0 0.263391
 0 0.26481
 0 0.266208
 0 0.258999
 0 0.266847
 0 0.271187
 0 0.266182
 0 0.273739
 0 0.280902
 0 0.272791
 0 0.278689
 0 0.276227
 0 0.262254
 0 0.279752
 0 0.272218
 0 0.270852
 0 0.270496
 0 0.279781
 0 0.265307
 0 0.267958
 0 0.27039
 0 0.27158
 0 0.263884
 0 0.260505
 0 0.257183
 0 0.277652
 0 0.265645
 0 0.25683
 0 0.265991
 0 0.268554
 0 0.263692
 0 0.26809
 0 0.285461
 0 0.265946
 0 0.264438
 0 0.249557
 0 0.262792
 0 0.27021
 0 0.256308
 0 0.273888
 0 0.275314
 0 0.267576
 0 0.267666
 0 0.271428
 0 0.259195
 0 0.279891
 0 0.269
 0 0.277798
 0 0.24971
 0 0.273008
 0 0.274134
 0 0.272376
 0 0.265944
 0 0.263091
 0 0.274025
 0 0.271526
 0 0.275348
 0 0.268444
 0 0.264008
 0 0.281562
 0 0.272111
 0 0.275957
 0 0.275255
 0 0.270705
 0 0.268784
 0 0.270144
 0 0.259806
 0 0.259838
 0 0.277138
 0 0.260817
 0 0.267357
 0 0.270607
 0 0.257257
 0 0.258597
 0 0.272876
 0 0.270893
 0 0.262785
 0 0.26506
 0 0.26669
 0 0.279722
 0 0.275497
 0 0.26931
 0 0.286743
 0 0.276879
 0 0.273849
 0 0.267169
 0 0.271544
 0 0.258143
 0 0.256952
 0 0.260254
 0 0.268702
 0 0.26642
 0 0.268675
 0 0.270743
 0 0.261511
 0 0.267394
 0 0.265184
 0 0.249081
 0 0.270227
 0 0.271269
 0 0.262886
 0 0.255834
 0 0.26486
 0 0.268931
 0 0.255864
 0 0.266418
 0 0.266218
 0 0.259223
 0 0.270029
 0 0.279586
 0 0.275144
 0 0.283493
 0 0.263502
 0 0.272973
 0 0.278457
 0 0.263253
 0 0.277338
 0 0.261055
 0 0.280363
 0 0.280108
 0 0.27318
 0 0.272191
 0 0.272489
 0 0.266504
 0 0.266095
 0 0.252559
 0 0.265238
 0 0.266118
 0 0.265352
 0 0.272046
 0 0.268397
 0 0.271891
 0 0.262983
 0 0.264468
 0 0.278371
 0 0.266228
 0 0.269311
 0 0.274333
 0 0.271053
 0 0.265504
 0 0.262327
 0 0.270133
 0 0.263975
 0 0.266372
 0 0.265582
 0 0.271437
 0 0.275546
 0 0.256759
 0 0.260064
 0 0.265216
 0 0.269479
 0 0.275764
 0 0.269575
 0 0.276324
 0 0.271298
 0 0.271309
 0 0.282372
 0 0.269954
 0 0.265918
 0 0.271431
 0 0.26199
 0 0.268624
 0 0.265496
 0 0.28126
 0 0.256456
 0 0.262326
 0 0.269005
 0 0.256753
 0 0.274239
 0 0.287908
 0 0.278667
 0 0.273599
 0 0.272947
 0 0.271006
 0 0.266839
 0 0.259249
 0 0.289131
 0 0.256127
 0 0.265788
 0 0.261641
 0 0.260859
 0 0.258953
 0 0.262447
 0 0.269961
 0 0.256339
 0 0.265034
 0 0.275664
 0 0.255372
 0 0.272817
 0 0.258596
 0 0.271472
 0 0.285535
 0 0.281563
 0 0.273622
 0 0.276666
 0 0.272132
 0 0.271781
 0 0.276815
 0 0.276179
 0 0.273213
 0 0.272662
 0 0.256204
 0 0.278757
 0 0.260549
 0 0.269234
 0 0.259575
 0 0.270042
 0 0.265355
 0 0.26866
 0 0.264976
 0 0.261974
 0 0.274997
 0 0.2708
 0 0.266757
 0 0.265876
 0 0.264059
 0 0.254999
 0 0.254761
 0 0.264566
 0 0.263559
 0 0.272136
 0 0.261835
 0 0.260311
 0 0.264303
 0 0.272423
 0 0.255292
 0 0.265273
 0 0.271547
 0 0.274035
 0 0.279404
 0 0.259748
 0 0.26894
 0 0.263321
 0 0.261294
 0 0.264093
 0 0.275387
 0 0.256725
 0 0.27106
 0 0.25413
 0 0.280367
 0 0.27158
 0 0.261224
 0 0.26538
 0 0.260325
 0 0.26472
 0 0.265091
 0 0.255886
 0 0.272492
 0 0.266404
 0 0.274893
 0 0.282425
 0 0.267425
 0 0.260284
 0 0.269215
 0 0.274015
 0 0.26851
 0 0.275341
 0 0.27365
 0 0.269827
 0 0.271456
 0 0.270539
 0 0.275738
 0 0.271191
 0 0.270711
 0 0.274202
 0 0.271268
 0 0.262612
 0 0.273921
 0 0.285264
 0 0.274717
 0 0.273874
 0 0.254681
 0 0.26189
 0 0.271735
 0 0.283153
 0 0.273334
 0 0.279059
 0 0.262557
 0 0.27035
 0 0.277653
 0 0.259825
 0 0.26742
 0 0.258946
 0 0.268785
 0 0.262598
 0 0.280965
 0 0.260548
 0 0.272405
 0 0.25588
 0 0.270432
 0 0.26493
 0 0.269876
 0 0.257217
 0 0.251943
 0 0.276972
 0 0.263322
 0 0.268469
 0 0.259281
 0 0.26642
 0 0.262118
 0 0.27706
 0 0.268151
 0 0.273709
 0 0.274164
 0 0.261168
 0 0.280406
 0 0.271129
 0 0.276788
 0 0.272192
 0 0.270551
 0 0.269988
 0 0.269187
 0 0.272816
 0 0.271162
 0 0.273067
 0 0.285307
 0 0.272925
 0 0.271251
 0 0.26661
 0 0.262217
 0 0.275451
 0 0.267495
 0 0.262889
 0 0.274438
 0 0.262083
 0 0.26234
 0 0.267483
 0 0.283392
 0 0.262106
 0 0.273871
 0 0.278099
 0 0.266989
 0 0.26862
 0 0.268141
 0 0.279518
 0 0.281445
 0 0.277444
 0 0.271279
 0 0.272375
 0 0.279085
 0 0.271119
 0 0.273885
 0 0.273802
 0 0.271698
 0 0.26725
 0 0.256371
 0 0.266492
 0 0.258819
 0 0.264988
 0 0.266869
 0 0.264197
 0 0.269286
 0 0.252252
 0 0.268397
 0 0.271379
 0 0.264332
 0 0.273838
 0 0.271958
 0 0.273423
 0 0.277117
 0 0.265804
 0 0.262294
 0 0.260649
 0 0.278872
 0 0.270172
 0 0.273796
 0 0.270417
 0 0.277882
 0 0.262929
 0 0.263834
 0 0.274027
 0 0.266637
 0 0.274212
 0 0.265118
 0 0.256364
 0 0.263972
 0 0.279518
 0 0.275732
 0 0.277229
 0 0.269065
 0 0.263531
 0 0.26015
 0 0.266177
 0 0.270447
 0 0.268798
 0 0.268676
 0 0.2786
 0 0.258255
 0 0.27426
 0 0.258833
 0 0.276667
 0 0.26684
 0 0.271085
 0 0.274145
 0 0.273846
 0 0.282041
