535 1 0 0 1
 0 0.656866
 0 0.61961
 0 0.67697
 0 0.484206
 0 0.624714
 0 0.644244
 0 0.549026
 0 0.647932
 0 0.625022
 0 0.636186
 0 0.55883
 0 0.610002
 0 0.54727
 0 0.688964
 0 0.607114
 0 0.5351
 0 0.727224
 0 0.54727
 0 0.609464
 0 0.616368
 0 0.582242
 0 0.579126
 0 0.6785
 0 0.545706
 0 0.674996
 0 0.640792
 0 0.637628
 0 0.6642
 0 0.729978
 0 0.55919
 0 0.65812
 0 0.493292
 0 0.635962
 0 0.602038
 0 0.591542
 0 0.536262
 0 0.618296
 0 0.685036
 0 0.53314
 0 0.589654
 0 0.562118
 0 0.563104
 0 0.5787
 0 0.648076
 0 0.704954
 0 0.494566
 0 0.6042
 0 0.693914
 0 0.629842
 0 0.622902
 0 0.577282
 0 0.628552
 0 0.543994
 0 0.549808
 0 0.593258
 0 0.70381
 0 0.458896
 0 0.633662
 0 0.623286
 0 0.523794
 0 0.545998
 0 0.657868
 0 0.58866
 0 0.577926
 0 0.512922
 0 0.68741
 0 0.575766
 0 0.557978
 0 0.524612
 0 0.670094
 0 0.696638
 0 0.556834
 0 0.588876
 0 0.586936
 0 0.686332
 0 0.597082
 0 0.662396
 0 0.648412
 0 0.551966
 0 0.624426
 0 0.744188
 0 0.580822
 0 0.609438
 0 0.539752
 0 0.577994
 0 0.581058
 0 0.805564
 0 0.63774
 0 0.54798
 0 0.60527
 0 0.609514
 0 0.636444
 0 0.594038
 0 0.68024
 0 0.716488
 0 0.684932
 0 0.655128
 0 0.769834
 0 0.65083
 0 0.628118
 0 0.471842
 0 0.687464
 0 0.682542
 0 0.658168
 0 0.629196
 0 0.601462
 0 0.610034
 0 0.539322
 0 0.558134
 0 0.705338
 0 0.8001
 0 0.695052
 0 0.642188
 0 0.576014
 0 0.64508
 0 0.700022
 0 0.625078
 0 0.555332
 0 0.501346
 0 0.604632
 0 0.595518
 0 0.577084
 0 0.502356
 0 0.615488
 0 0.724484
 0 0.667094
 0 0.693076
 0 0.676866
 0 0.596648
 0 0.574444
 0 0.61317
 0 0.554328
 0 0.677378
 0 0.662538
 0 0.536244
 0 0.663754
 0 0.544726
 0 0.574212
 0 0.6074
 0 0.696252
 0 0.614152
 0 0.577248
 0 0.577974
 0 0.583824
 0 0.56573
 0 0.561568
 0 0.654426
 0 0.574666
 0 0.550482
 0 0.60284
 0 0.52722
 0 0.761984
 0 0.640694
 0 0.569062
 0 0.769154
 0 0.567422
 0 0.607744
 0 0.60219
 0 0.656928
 0 0.641532
 0 0.64835
 0 0.641308
 0 0.755838
 0 0.667008
 0 0.594056
 0 0.61938
 0 0.57597
 0 0.597578
 0 0.651496
 0 0.638076
 0 0.573618
 0 0.693366
 0 0.6207
 0 0.536112
 0 0.745614
 0 0.6518
 0 0.608392
 0 0.727252
 0 0.651128
 0 0.65402
 0 0.57243
 0 0.656482
 0 0.692266
 0 0.535306
 0 0.609054
 0 0.646282
 0 0.722724
 0 0.6616
 0 0.682466
 0 0.59591
 0 0.624156
 0 0.57779
 0 0.715172
 0 0.78263
 0 0.624196
 0 0.59416
 0 0.58074
 0 0.61228
 0 0.620252
 0 0.616996
 0 0.622494
 0 0.590848
 0 0.584714
 0 0.59314
 0 0.639706
 0 0.573806
 0 0.63205
 0 0.637598
 0 0.717866
 0 0.565554
 0 0.623122
 0 0.530392
 0 0.551122
 0 0.554228
 0 0.640258
 0 0.578596
 0 0.667628
 0 0.539496
 0 0.683732
 0 0.624986
 0 0.636378
 0 0.640974
 0 0.64807
 0 0.51727
 0 0.734164
 0 0.489588
 0 0.53526
 0 0.52113
 0 0.764
 0 0.698586
 0 0.677498
 0 0.517014
 0 0.680284
 0 0.623652
 0 0.623614
 0 0.595576
 0 0.609468
 0 0.57921
 0 0.690856
 0 0.693688
 0 0.645744
 0 0.525156
 0 0.595784
 0 0.577978
 0 0.588324
 0 0.602716
 0 0.566198
 0 0.640524
 0 0.666898
 0 0.487656
 0 0.458688
 0 0.56715
 0 0.56922
 0 0.701538
 0 0.5397
 0 0.634862
 0 0.681674
 0 0.63318
 0 0.662782
 0 0.589978
 0 0.660374
 0 0.510626
 0 0.619046
 0 0.646218
 0 0.671696
 0 0.682382
 0 0.623812
 0 0.718712
 0 0.572346
 0 0.571354
 0 0.598508
 0 0.61137
 0 0.663552
 0 0.510934
 0 0.657918
 0 0.672594
 0 0.537018
 0 0.585298
 0 0.717998
 0 0.67205
 0 0.604444
 0 0.583326
 0 0.567294
 0 0.704268
 0 0.622376
 0 0.67006
 0 0.67076
 0 0.685608
 0 0.627116
 0 0.622174
 0 0.584948
 0 0.723246
 0 0.675178
 0 0.671902
 0 0.663392
 0 0.509486
 0 0.57611
 0 0.618074
 0 0.664778
 0 0.669536
 0 0.656828
 0 0.67888
 0 0.552412
 0 0.574026
 0 0.604874
 0 0.622828
 0 0.706466
 0 0.611614
 0 0.637722
 0 0.541892
 0 0.611954
 0 0.724968
 0 0.659694
 0 0.596698
 0 0.692746
 0 0.517688
 0 0.624716
 0 0.463802
 0 0.609994
 0 0.64102
 0 0.559206
 0 0.563208
 0 0.574178
 0 0.605654
 0 0.563124
 0 0.609558
 0 0.708286
 0 0.584114
 0 0.704396
 0 0.636972
 0 0.585702
 0 0.628552
 0 0.646476
 0 0.671352
 0 0.705684
 0 0.415924
 0 0.676002
 0 0.560116
 0 0.686418
 0 0.653086
 0 0.614142
 0 0.612104
 0 0.67621
 0 0.623706
 0 0.713352
 0 0.560152
 0 0.57551
 0 0.5666
 0 0.538966
 0 0.66428
 0 0.566808
 0 0.695254
 0 0.661882
 0 0.628068
 0 0.534402
 0 0.559756
 0 0.690352
 0 0.537822
 0 0.684244
 0 0.62686
 0 0.657406
 0 0.53422
 0 0.521834
 0 0.545716
 0 0.573396
 0 0.634464
 0 0.6688
 0 0.62373
 0 0.5677
 0 0.550136
 0 0.681482
 0 0.664076
 0 0.589592
 0 0.67617
 0 0.651032
 0 0.56358
 0 0.531552
 0 0.548596
 0 0.658264
 0 0.669592
 0 0.603596
 0 0.54591
 0 0.736772
 0 0.617362
 0 0.54427
 0 0.574566
 0 0.593718
 0 0.608314
 0 0.534498
 0 0.626192
 0 0.653428
 0 0.618934
 0 0.588828
 0 0.73519
 0 0.55648
 0 0.618702
 0 0.607054
 0 0.647594
 0 0.572428
 0 0.618516
 0 0.606394
 0 0.605558
 0 0.68006
 0 0.613712
 0 0.623216
 0 0.55203
 0 0.61503
 0 0.703584
 0 0.607504
 0 0.596678
 0 0.62346
 0 0.567154
 0 0.60428
 0 0.694792
 0 0.683434
 0 0.743444
 0 0.556438
 0 0.631826
 0 0.552316
 0 0.683778
 0 0.662952
 0 0.668116
 0 0.606994
 0 0.608688
 0 0.708142
 0 0.652992
 0 0.590042
 0 0.594464
 0 0.69026
 0 0.560922
 0 0.589824
 0 0.615206
 0 0.634074
 0 0.576682
 0 0.550858
 0 0.510276
 0 0.604586
 0 0.609156
 0 0.610258
 0 0.68747
 0 0.65054
 0 0.717764
 0 0.638276
 0 0.639704
 0 0.578636
 0 0.60579
 0 0.755262
 0 0.673954
 0 0.555472
 0 0.661988
 0 0.619648
 0 0.709256
 0 0.60898
 0 0.498814
 0 0.678714
 0 0.507528
 0 0.54013
 0 0.700458
 0 0.718608
 0 0.540792
 0 0.677978
 0 0.611312
 0 0.688276
 0 0.541726
 0 0.516992
 0 0.537966
 0 0.556004
 0 0.574466
 0 0.619862
 0 0.617162
 0 0.641112
 0 0.7131
 0 0.737822
 0 0.5928
 0 0.658538
 0 0.625272
 0 0.779934
 0 0.522182
 0 0.696066
 0 0.638118
 0 0.639076
 0 0.63956
 0 0.543834
 0 0.710028
 0 0.659572
 0 0.60856
 0 0.549104
 0 0.657262
 0 0.633208
 0 0.617676
 0 0.562438
 0 0.680128
 0 0.559202
 0 0.66688
 0 0.635516
 0 0.627412
 0 0.699978
 0 0.538588
 0 0.652038
 0 0.438872
 0 0.635862
 0 0.585202
 0 0.54317
 0 0.596902
 0 0.756506
 0 0.625128
 0 0.585284
 0 0.59257
 0 0.641214
 0 0.604916
 0 0.586798
 0 0.615808
 0 0.619786
 0 0.581018
 0 0.604794
 0 0.545948
 0 0.670854
 0 0.67834
 0 0.623052
 0 0.616142
 0 0.588154
 0 0.553698
 0 0.51451
 0 0.65687
 0 0.73846
 0 0.79298
 0 0.628292
 0 0.620596
 0 0.637704
 0 0.60479
 0 0.682458
 0 0.529528
 0 0.615246
 0 0.624458
 0 0.568428
