535 1 0 0 1
 0 0.240722
 0 0.241795
 0 0.241254
 0 0.240081
 0 0.244607
 0 0.243358
 0 0.239645
 0 0.240956
 0 0.237959
 0 0.238917
 0 0.241475
 0 0.244516
 0 0.24576
 0 0.245689
 0 0.240312
 0 0.241031
 0 0.238215
 0 0.239084
 0 0.245936
 0 0.24403
 0 0.242853
 0 0.247228
 0 0.240698
 0 0.24328
 0 0.248301
 0 0.245544
 0 0.246341
 0 0.239771
 0 0.243107
 0 0.247164
 0 0.242347
 0 0.23738
 0 0.238987
 0 0.239926
 0 0.247632
 0 0.244559
 0 0.240352
 0 0.242338
 0 0.243531
 0 0.243252
 0 0.237273
 0 0.247251
 0 0.24065
 0 0.246992
 0 0.24308
 0 0.243959
 0 0.242614
 0 0.236592
 0 0.245022
 0 0.248215
 0 0.246018
 0 0.244356
 0 0.234974
 0 0.245078
 0 0.236235
 0 0.236686
 0 0.235009
 0 0.242078
 0 0.246599
 0 0.234
 0 0.231184
 0 0.238289
 0 0.24029
 0 0.243657
 0 0.240187
 0 0.240778
 0 0.237844
 0 0.246715
 0 0.247536
 0 0.245616
 0 0.240087
 0 0.250119
 0 0.246966
 0 0.237716
 0 0.242308
 0 0.236321
 0 0.236701
 0 0.235266
 0 0.237624
 0 0.236487
 0 0.233166
 0 0.24227
 0 0.236441
 0 0.235896
 0 0.241084
 0 0.236402
 0 0.239242
 0 0.242902
 0 0.248429
 0 0.246993
 0 0.241196
 0 0.246186
 0 0.242233
 0 0.239354
 0 0.244024
 0 0.242845
 0 0.247611
 0 0.249346
 0 0.2451
 0 0.252199
 0 0.244925
 0 0.246149
 0 0.243151
 0 0.239915
 0 0.246147
 0 0.250517
 0 0.241902
 0 0.248017
 0 0.247295
 0 0.246631
 0 0.240513
 0 0.24814
 0 0.236881
 0 0.236677
 0 0.236444
 0 0.235998
 0 0.243416
 0 0.237901
 0 0.247813
 0 0.24705
 0 0.247238
 0 0.24882
 0 0.237915
 0 0.244014
 0 0.233561
 0 0.242703
 0 0.241751
 0 0.24356
 0 0.253041
 0 0.245514
 0 0.250741
 0 0.246845
 0 0.238136
 0 0.237519
 0 0.237408
 0 0.245004
 0 0.243859
 0 0.239455
 0 0.244624
 0 0.240496
 0 0.244268
 0 0.24741
 0 0.247295
 0 0.24008
 0 0.245675
 0 0.246427
 0 0.250554
 0 0.249219
 0 0.248631
 0 0.250128
 0 0.246807
 0 0.246848
 0 0.2453
 0 0.251449
 0 0.243588
 0 0.253303
 0 0.252084
 0 0.247966
 0 0.251339
 0 0.241115
 0 0.245729
 0 0.236756
 0 0.244794
 0 0.230046
 0 0.239749
 0 0.237922
 0 0.237169
 0 0.245705
 0 0.236839
 0 0.23889
 0 0.240872
 0 0.246838
 0 0.250903
 0 0.245899
 0 0.245779
 0 0.243469
 0 0.252053
 0 0.244393
 0 0.248738
 0 0.245606
 0 0.239894
 0 0.246208
 0 0.245952
 0 0.248586
 0 0.250401
 0 0.242134
 0 0.245044
 0 0.238588
 0 0.247077
 0 0.241799
 0 0.242031
 0 0.240113
 0 0.241763
 0 0.24391
 0 0.24958
 0 0.24905
 0 0.247633
 0 0.244066
 0 0.249156
 0 0.236769
 0 0.250805
 0 0.252293
 0 0.246051
 0 0.251596
 0 0.247307
 0 0.241507
 0 0.242174
 0 0.243975
 0 0.242425
 0 0.237689
 0 0.242422
 0 0.238642
 0 0.234603
 0 0.244186
 0 0.239497
 0 0.242168
 0 0.239077
 0 0.239389
 0 0.235878
 0 0.247194
 0 0.24203
 0 0.248798
 0 0.248754
 0 0.244668
 0 0.242147
 0 0.238018
 0 0.235961
 0 0.229956
 0 0.230562
 0 0.238201
 0 0.24644
 0 0.242346
 0 0.239523
 0 0.232948
 0 0.23617
 0 0.241208
 0 0.228546
 0 0.247443
 0 0.242162
 0 0.235774
 0 0.242047
 0 0.238644
 0 0.234562
 0 0.237154
 0 0.234322
 0 0.227756
 0 0.236762
 0 0.242779
 0 0.234001
 0 0.240692
 0 0.241126
 0 0.243402
 0 0.245531
 0 0.24404
 0 0.239368
 0 0.253392
 0 0.243506
 0 0.243368
 0 0.249258
 0 0.243936
 0 0.246438
 0 0.243154
 0 0.238197
 0 0.247766
 0 0.248936
 0 0.247875
 0 0.244163
 0 0.245996
 0 0.246024
 0 0.240422
 0 0.246091
 0 0.245711
 0 0.239879
 0 0.244785
 0 0.240807
 0 0.237365
 0 0.241272
 0 0.243523
 0 0.243791
 0 0.248261
 0 0.242876
 0 0.243932
 0 0.242913
 0 0.242351
 0 0.24501
 0 0.240288
 0 0.235455
 0 0.238091
 0 0.244709
 0 0.245622
 0 0.249183
 0 0.248261
 0 0.241137
 0 0.246881
 0 0.241615
 0 0.243673
 0 0.240118
 0 0.249555
 0 0.240215
 0 0.24706
 0 0.242337
 0 0.242309
 0 0.242215
 0 0.243805
 0 0.238134
 0 0.242845
 0 0.24385
 0 0.251602
 0 0.251611
 0 0.250021
 0 0.248629
 0 0.254982
 0 0.241889
 0 0.244558
 0 0.245424
 0 0.251495
 0 0.231785
 0 0.238627
 0 0.239472
 0 0.239596
 0 0.242126
 0 0.235756
 0 0.248619
 0 0.245183
 0 0.233015
 0 0.242635
 0 0.246652
 0 0.244311
 0 0.244256
 0 0.245512
 0 0.252782
 0 0.249623
 0 0.241875
 0 0.241797
 0 0.244861
 0 0.243294
 0 0.24154
 0 0.241762
 0 0.25112
 0 0.243216
 0 0.241071
 0 0.244368
 0 0.245932
 0 0.238104
 0 0.241377
 0 0.239368
 0 0.239096
 0 0.243099
 0 0.241234
 0 0.242642
 0 0.241774
 0 0.245628
 0 0.24635
 0 0.244664
 0 0.240074
 0 0.228893
 0 0.234999
 0 0.24743
 0 0.241645
 0 0.240923
 0 0.236399
 0 0.230692
 0 0.245309
 0 0.242179
 0 0.236801
 0 0.238209
 0 0.248117
 0 0.24571
 0 0.244528
 0 0.240158
 0 0.236067
 0 0.24094
 0 0.244086
 0 0.240889
 0 0.233594
 0 0.227406
 0 0.245241
 0 0.239288
 0 0.238671
 0 0.243365
 0 0.23626
 0 0.238207
 0 0.241397
 0 0.241791
 0 0.235053
 0 0.247542
 0 0.237257
 0 0.243857
 0 0.249697
 0 0.251389
 0 0.243543
 0 0.236423
 0 0.236632
 0 0.246563
 0 0.245682
 0 0.248913
 0 0.248232
 0 0.252263
 0 0.243636
 0 0.249133
 0 0.240989
 0 0.245972
 0 0.249532
 0 0.250121
 0 0.250027
 0 0.242445
 0 0.251373
 0 0.250958
 0 0.245525
 0 0.244387
 0 0.234029
 0 0.249907
 0 0.249978
 0 0.247286
 0 0.248478
 0 0.243198
 0 0.237788
 0 0.237044
 0 0.236709
 0 0.233658
 0 0.241065
 0 0.236016
 0 0.236691
 0 0.236996
 0 0.248012
 0 0.237751
 0 0.24483
 0 0.242121
 0 0.243234
 0 0.24168
 0 0.239499
 0 0.238151
 0 0.233012
 0 0.246714
 0 0.242419
 0 0.242705
 0 0.244828
 0 0.244559
 0 0.238505
 0 0.242597
 0 0.245825
 0 0.24215
 0 0.249709
 0 0.239212
 0 0.242171
 0 0.245411
 0 0.244038
 0 0.238882
 0 0.24331
 0 0.248241
 0 0.248524
 0 0.243582
 0 0.243708
 0 0.241676
 0 0.249087
 0 0.244663
 0 0.250842
 0 0.25168
 0 0.247597
 0 0.243275
 0 0.245637
 0 0.245221
 0 0.24514
 0 0.235896
 0 0.238676
 0 0.2408
 0 0.243341
 0 0.233864
 0 0.248363
 0 0.233771
 0 0.241891
 0 0.245894
 0 0.250073
 0 0.244423
 0 0.248782
 0 0.243913
 0 0.248445
 0 0.246016
 0 0.248488
 0 0.242764
 0 0.247934
 0 0.243037
 0 0.245793
 0 0.250934
 0 0.250505
 0 0.249461
 0 0.243702
 0 0.241474
 0 0.236627
 0 0.242229
 0 0.243568
 0 0.242698
 0 0.248032
 0 0.239603
 0 0.239402
 0 0.24339
 0 0.239771
 0 0.246952
 0 0.241259
 0 0.236057
 0 0.233046
 0 0.246519
 0 0.248728
 0 0.244299
 0 0.244907
 0 0.242487
 0 0.244367
 0 0.236479
 0 0.236719
 0 0.241243
 0 0.248477
 0 0.238432
 0 0.239124
 0 0.235318
 0 0.242328
 0 0.251178
 0 0.242541
 0 0.243522
 0 0.246865
 0 0.24453
 0 0.242128
 0 0.244099
 0 0.250818
 0 0.245074
 0 0.240432
 0 0.250411
 0 0.245733
 0 0.241047
 0 0.240932
 0 0.249244
 0 0.243793
 0 0.244586
 0 0.24364
 0 0.245632
 0 0.243129
