535 1 0 0 1
 0 0.524582
 0 0.529214
 0 0.524186
 0 0.535854
 0 0.531748
 0 0.524628
 0 0.544448
 0 0.518202
 0 0.536966
 0 0.540292
 0 0.540802
 0 0.542388
 0 0.54799
 0 0.520736
 0 0.551414
 0 0.515024
 0 0.524846
 0 0.529828
 0 0.538696
 0 0.510838
 0 0.502568
 0 0.541264
 0 0.522904
 0 0.545866
 0 0.573334
 0 0.543604
 0 0.547594
 0 0.542898
 0 0.52908
 0 0.55493
 0 0.566828
 0 0.530604
 0 0.549504
 0 0.543994
 0 0.562078
 0 0.52923
 0 0.531164
 0 0.550584
 0 0.54341
 0 0.53519
 0 0.560562
 0 0.550464
 0 0.522556
 0 0.56034
 0 0.545024
 0 0.522316
 0 0.541116
 0 0.540506
 0 0.532532
 0 0.546292
 0 0.547768
 0 0.565348
 0 0.526566
 0 0.549072
 0 0.521528
 0 0.529974
 0 0.51635
 0 0.567636
 0 0.547762
 0 0.535474
 0 0.520768
 0 0.533686
 0 0.54059
 0 0.517892
 0 0.535536
 0 0.527778
 0 0.529944
 0 0.54727
 0 0.541506
 0 0.540354
 0 0.534442
 0 0.554584
 0 0.540836
 0 0.539604
 0 0.522652
 0 0.539016
 0 0.531358
 0 0.525594
 0 0.534798
 0 0.545552
 0 0.52812
 0 0.547298
 0 0.553432
 0 0.551394
 0 0.542512
 0 0.525972
 0 0.563564
 0 0.532516
 0 0.537104
 0 0.548958
 0 0.510866
 0 0.548566
 0 0.536642
 0 0.557804
 0 0.550604
 0 0.553532
 0 0.561106
 0 0.546004
 0 0.574158
 0 0.555296
 0 0.516496
 0 0.52298
 0 0.5482
 0 0.53095
 0 0.53978
 0 0.541916
 0 0.53349
 0 0.52554
 0 0.550754
 0 0.542496
 0 0.53034
 0 0.543468
 0 0.535842
 0 0.50835
 0 0.522594
 0 0.528862
 0 0.542586
 0 0.557286
 0 0.53812
 0 0.54884
 0 0.544928
 0 0.531144
 0 0.541754
 0 0.538314
 0 0.536582
 0 0.537664
 0 0.548488
 0 0.556338
 0 0.54163
 0 0.53923
 0 0.537664
 0 0.542404
 0 0.54395
 0 0.537876
 0 0.55438
 0 0.527068
 0 0.536262
 0 0.522722
 0 0.542902
 0 0.520096
 0 0.530454
 0 0.553666
 0 0.509144
 0 0.535634
 0 0.524214
 0 0.522142
 0 0.536958
 0 0.554508
 0 0.55053
 0 0.549548
 0 0.56572
 0 0.529972
 0 0.547592
 0 0.531504
 0 0.513834
 0 0.542068
 0 0.554388
 0 0.538362
 0 0.54904
 0 0.511184
 0 0.536034
 0 0.522398
 0 0.520302
 0 0.50998
 0 0.533858
 0 0.52591
 0 0.515044
 0 0.54237
 0 0.535294
 0 0.535144
 0 0.543984
 0 0.563786
 0 0.536606
 0 0.530918
 0 0.512548
 0 0.551276
 0 0.556656
 0 0.539308
 0 0.552582
 0 0.553862
 0 0.523444
 0 0.534742
 0 0.540264
 0 0.520126
 0 0.548306
 0 0.521758
 0 0.548512
 0 0.507516
 0 0.548462
 0 0.551616
 0 0.544438
 0 0.52436
 0 0.53771
 0 0.549302
 0 0.559244
 0 0.568172
 0 0.53851
 0 0.52962
 0 0.567972
 0 0.52539
 0 0.540152
 0 0.572742
 0 0.529308
 0 0.548436
 0 0.563614
 0 0.539638
 0 0.544578
 0 0.56679
 0 0.524392
 0 0.51414
 0 0.533798
 0 0.531852
 0 0.52353
 0 0.535388
 0 0.54531
 0 0.528382
 0 0.534944
 0 0.53199
 0 0.529156
 0 0.52385
 0 0.510302
 0 0.540998
 0 0.537382
 0 0.525924
 0 0.51879
 0 0.539782
 0 0.523326
 0 0.515544
 0 0.498918
 0 0.533978
 0 0.521714
 0 0.513214
 0 0.533266
 0 0.523368
 0 0.52198
 0 0.53139
 0 0.51627
 0 0.552124
 0 0.536878
 0 0.52142
 0 0.528374
 0 0.531718
 0 0.524202
 0 0.54708
 0 0.516316
 0 0.514642
 0 0.528322
 0 0.545442
 0 0.54622
 0 0.534018
 0 0.535026
 0 0.518778
 0 0.523264
 0 0.536666
 0 0.521656
 0 0.561084
 0 0.539438
 0 0.539378
 0 0.568866
 0 0.551934
 0 0.542164
 0 0.534678
 0 0.526538
 0 0.52181
 0 0.533638
 0 0.541682
 0 0.530036
 0 0.521178
 0 0.544768
 0 0.535004
 0 0.55459
 0 0.540606
 0 0.529368
 0 0.548638
 0 0.519282
 0 0.527792
 0 0.539878
 0 0.523344
 0 0.54031
 0 0.551742
 0 0.552022
 0 0.549264
 0 0.532692
 0 0.532872
 0 0.528376
 0 0.548878
 0 0.522944
 0 0.516822
 0 0.538414
 0 0.534862
 0 0.552816
 0 0.523502
 0 0.514324
 0 0.526842
 0 0.53314
 0 0.5522
 0 0.534908
 0 0.554708
 0 0.524958
 0 0.53686
 0 0.532576
 0 0.52387
 0 0.54945
 0 0.52945
 0 0.506822
 0 0.541076
 0 0.507598
 0 0.537272
 0 0.55606
 0 0.540034
 0 0.561004
 0 0.565714
 0 0.551124
 0 0.541052
 0 0.526978
 0 0.555566
 0 0.52877
 0 0.50573
 0 0.517516
 0 0.516182
 0 0.537664
 0 0.516246
 0 0.515466
 0 0.538032
 0 0.514322
 0 0.530186
 0 0.518032
 0 0.536014
 0 0.52241
 0 0.54426
 0 0.566604
 0 0.548406
 0 0.518876
 0 0.55964
 0 0.536574
 0 0.532882
 0 0.529346
 0 0.553638
 0 0.547774
 0 0.549202
 0 0.539044
 0 0.545526
 0 0.51486
 0 0.521
 0 0.531334
 0 0.50539
 0 0.51394
 0 0.53546
 0 0.530728
 0 0.537076
 0 0.534654
 0 0.547354
 0 0.552678
 0 0.550558
 0 0.543916
 0 0.505418
 0 0.524236
 0 0.553432
 0 0.505858
 0 0.514178
 0 0.513782
 0 0.534144
 0 0.54942
 0 0.568158
 0 0.515878
 0 0.52172
 0 0.535612
 0 0.522592
 0 0.54925
 0 0.521522
 0 0.541164
 0 0.531702
 0 0.509592
 0 0.513346
 0 0.548026
 0 0.491424
 0 0.548118
 0 0.511728
 0 0.539348
 0 0.546534
 0 0.525018
 0 0.53912
 0 0.521694
 0 0.529506
 0 0.53209
 0 0.53063
 0 0.531972
 0 0.545098
 0 0.549838
 0 0.563046
 0 0.548258
 0 0.523692
 0 0.525002
 0 0.544598
 0 0.51797
 0 0.534186
 0 0.538052
 0 0.541792
 0 0.553286
 0 0.552682
 0 0.53827
 0 0.538548
 0 0.53531
 0 0.563716
 0 0.538172
 0 0.532592
 0 0.559754
 0 0.561422
 0 0.567818
 0 0.54781
 0 0.5138
 0 0.550704
 0 0.545126
 0 0.562946
 0 0.542764
 0 0.527948
 0 0.550478
 0 0.527782
 0 0.550244
 0 0.53104
 0 0.535384
 0 0.533838
 0 0.5232
 0 0.546284
 0 0.54728
 0 0.516968
 0 0.562808
 0 0.50119
 0 0.544326
 0 0.518842
 0 0.520372
 0 0.526512
 0 0.523918
 0 0.547378
 0 0.525342
 0 0.551734
 0 0.515986
 0 0.529504
 0 0.51302
 0 0.541584
 0 0.533632
 0 0.532142
 0 0.55844
 0 0.530088
 0 0.539786
 0 0.54402
 0 0.538568
 0 0.531754
 0 0.541768
 0 0.53301
 0 0.530828
 0 0.54973
 0 0.530164
 0 0.558962
 0 0.571738
 0 0.542734
 0 0.561086
 0 0.527174
 0 0.53418
 0 0.549276
 0 0.530254
 0 0.531094
 0 0.532186
 0 0.520534
 0 0.514342
 0 0.52693
 0 0.57032
 0 0.53079
 0 0.56248
 0 0.53949
 0 0.533662
 0 0.529968
 0 0.535624
 0 0.564624
 0 0.577118
 0 0.562838
 0 0.557514
 0 0.557176
 0 0.55604
 0 0.537732
 0 0.538902
 0 0.545606
 0 0.520216
 0 0.532708
 0 0.540438
 0 0.547042
 0 0.542604
 0 0.548716
 0 0.537982
 0 0.54102
 0 0.528246
 0 0.512672
 0 0.53427
 0 0.536718
 0 0.528068
 0 0.543712
 0 0.541784
 0 0.54872
 0 0.520532
 0 0.519274
 0 0.54022
 0 0.545258
 0 0.559662
 0 0.556066
 0 0.548574
 0 0.54746
 0 0.530494
 0 0.525024
 0 0.508826
 0 0.540912
 0 0.541954
 0 0.551198
 0 0.522584
 0 0.53093
 0 0.532396
 0 0.54703
 0 0.545012
 0 0.519482
 0 0.548914
 0 0.533202
 0 0.529514
 0 0.53481
 0 0.542646
 0 0.538526
 0 0.543092
 0 0.554528
 0 0.5377
 0 0.533842
 0 0.518074
 0 0.568634
 0 0.534224
 0 0.549076
 0 0.539676
 0 0.53858
 0 0.545898
