535 1 0 0 1
 0 0.46357
 0 0.471644
 0 0.486943
 0 0.478185
 0 0.487374
 0 0.486369
 0 0.479507
 0 0.49412
 0 0.49304
 0 0.477117
 0 0.481813
 0 0.483356
 0 0.494722
 0 0.495721
 0 0.496793
 0 0.487653
 0 0.495336
 0 0.47565
 0 0.497981
 0 0.490834
 0 0.482977
 0 0.486626
 0 0.484247
 0 0.487344
 0 0.502942
 0 0.492614
 0 0.489082
 0 0.494967
 0 0.479792
 0 0.482698
 0 0.503049
 0 0.484215
 0 0.498577
 0 0.505971
 0 0.492548
 0 0.487571
 0 0.498029
 0 0.500114
 0 0.483401
 0 0.489327
 0 0.482134
 0 0.484569
 0 0.475202
 0 0.496697
 0 0.488296
 0 0.487328
 0 0.498916
 0 0.498589
 0 0.49767
 0 0.51037
 0 0.506571
 0 0.492532
 0 0.47853
 0 0.496094
 0 0.478453
 0 0.494983
 0 0.482778
 0 0.48852
 0 0.477817
 0 0.461465
 0 0.460453
 0 0.484352
 0 0.486744
 0 0.488631
 0 0.472326
 0 0.489702
 0 0.471847
 0 0.48273
 0 0.490302
 0 0.500767
 0 0.482355
 0 0.49433
 0 0.505346
 0 0.481135
 0 0.469079
 0 0.485151
 0 0.47228
 0 0.486477
 0 0.469759
 0 0.50111
 0 0.48607
 0 0.471851
 0 0.485889
 0 0.488293
 0 0.493718
 0 0.468447
 0 0.49887
 0 0.493337
 0 0.483395
 0 0.489464
 0 0.493112
 0 0.485869
 0 0.494248
 0 0.486905
 0 0.492436
 0 0.499117
 0 0.503695
 0 0.505961
 0 0.504762
 0 0.511389
 0 0.477853
 0 0.490814
 0 0.478785
 0 0.478598
 0 0.503661
 0 0.490104
 0 0.499579
 0 0.489056
 0 0.475632
 0 0.505064
 0 0.49351
 0 0.495137
 0 0.480657
 0 0.481245
 0 0.487224
 0 0.482062
 0 0.46697
 0 0.497628
 0 0.502944
 0 0.499139
 0 0.506541
 0 0.500875
 0 0.484416
 0 0.504463
 0 0.48102
 0 0.481771
 0 0.505421
 0 0.50765
 0 0.50226
 0 0.492462
 0 0.501684
 0 0.490457
 0 0.499851
 0 0.508339
 0 0.494955
 0 0.505752
 0 0.484862
 0 0.464786
 0 0.499111
 0 0.488099
 0 0.480976
 0 0.473673
 0 0.493409
 0 0.475429
 0 0.481085
 0 0.488727
 0 0.492924
 0 0.501553
 0 0.498286
 0 0.485283
 0 0.484541
 0 0.49875
 0 0.484805
 0 0.499229
 0 0.499111
 0 0.490808
 0 0.504492
 0 0.49436
 0 0.498569
 0 0.488394
 0 0.505043
 0 0.473817
 0 0.50471
 0 0.47733
 0 0.493586
 0 0.481568
 0 0.472461
 0 0.483916
 0 0.490146
 0 0.486541
 0 0.485367
 0 0.486104
 0 0.477149
 0 0.481919
 0 0.48852
 0 0.474106
 0 0.505543
 0 0.487206
 0 0.491483
 0 0.503301
 0 0.481781
 0 0.494627
 0 0.497634
 0 0.495529
 0 0.506396
 0 0.49897
 0 0.517456
 0 0.474743
 0 0.504459
 0 0.498326
 0 0.502537
 0 0.499542
 0 0.504303
 0 0.494322
 0 0.490463
 0 0.507867
 0 0.493935
 0 0.485969
 0 0.507638
 0 0.496187
 0 0.499787
 0 0.499567
 0 0.483264
 0 0.494065
 0 0.496472
 0 0.491551
 0 0.482786
 0 0.492446
 0 0.488681
 0 0.478154
 0 0.49294
 0 0.470004
 0 0.46828
 0 0.474006
 0 0.489309
 0 0.469739
 0 0.492165
 0 0.489504
 0 0.478283
 0 0.49542
 0 0.470895
 0 0.499599
 0 0.487571
 0 0.480769
 0 0.485062
 0 0.477227
 0 0.465027
 0 0.460537
 0 0.477498
 0 0.484434
 0 0.481127
 0 0.475481
 0 0.494041
 0 0.481542
 0 0.482943
 0 0.490694
 0 0.465426
 0 0.494192
 0 0.495151
 0 0.485468
 0 0.500618
 0 0.474899
 0 0.470084
 0 0.476507
 0 0.485353
 0 0.467471
 0 0.48089
 0 0.507939
 0 0.505503
 0 0.481881
 0 0.486676
 0 0.4878
 0 0.49765
 0 0.495442
 0 0.488635
 0 0.505479
 0 0.495593
 0 0.491264
 0 0.51029
 0 0.50116
 0 0.500767
 0 0.47218
 0 0.475132
 0 0.474682
 0 0.484733
 0 0.503311
 0 0.486022
 0 0.515281
 0 0.504277
 0 0.474227
 0 0.491683
 0 0.489977
 0 0.484555
 0 0.50579
 0 0.488733
 0 0.49261
 0 0.479355
 0 0.478562
 0 0.499908
 0 0.497939
 0 0.503281
 0 0.495587
 0 0.487152
 0 0.487954
 0 0.487394
 0 0.483559
 0 0.48097
 0 0.482365
 0 0.47627
 0 0.489596
 0 0.488366
 0 0.489799
 0 0.493895
 0 0.494798
 0 0.495805
 0 0.493172
 0 0.490072
 0 0.501122
 0 0.488761
 0 0.500221
 0 0.502035
 0 0.487274
 0 0.4903
 0 0.481691
 0 0.470097
 0 0.496677
 0 0.474351
 0 0.49704
 0 0.500084
 0 0.482222
 0 0.490244
 0 0.499639
 0 0.488745
 0 0.502007
 0 0.497389
 0 0.498571
 0 0.477873
 0 0.488498
 0 0.472118
 0 0.481594
 0 0.480555
 0 0.480087
 0 0.488163
 0 0.484932
 0 0.483244
 0 0.499856
 0 0.497327
 0 0.469693
 0 0.488595
 0 0.474863
 0 0.502262
 0 0.500847
 0 0.485389
 0 0.497875
 0 0.496903
 0 0.475202
 0 0.49136
 0 0.488091
 0 0.493066
 0 0.492889
 0 0.472202
 0 0.464551
 0 0.483186
 0 0.482154
 0 0.501802
 0 0.490597
 0 0.471489
 0 0.484711
 0 0.478379
 0 0.490445
 0 0.501495
 0 0.510968
 0 0.502184
 0 0.480796
 0 0.486786
 0 0.469862
 0 0.487505
 0 0.484498
 0 0.484635
 0 0.482361
 0 0.480348
 0 0.477267
 0 0.487956
 0 0.485709
 0 0.479393
 0 0.484278
 0 0.477675
 0 0.491525
 0 0.507068
 0 0.487224
 0 0.486058
 0 0.465418
 0 0.485865
 0 0.481952
 0 0.498936
 0 0.451582
 0 0.48488
 0 0.466127
 0 0.467415
 0 0.490519
 0 0.495916
 0 0.494928
 0 0.477179
 0 0.481267
 0 0.477147
 0 0.477665
 0 0.486883
 0 0.488458
 0 0.493506
 0 0.493622
 0 0.494896
 0 0.465553
 0 0.4739
 0 0.515574
 0 0.493279
 0 0.484699
 0 0.492217
 0 0.500311
 0 0.498124
 0 0.499296
 0 0.484555
 0 0.485452
 0 0.495633
 0 0.502745
 0 0.50245
 0 0.495282
 0 0.512353
 0 0.506029
 0 0.493493
 0 0.495442
 0 0.482357
 0 0.474323
 0 0.478086
 0 0.490074
 0 0.49312
 0 0.484119
 0 0.498798
 0 0.487599
 0 0.472258
 0 0.485056
 0 0.476216
 0 0.473181
 0 0.475883
 0 0.49022
 0 0.498041
 0 0.481905
 0 0.488653
 0 0.461433
 0 0.50302
 0 0.490499
 0 0.478423
 0 0.472059
 0 0.467612
 0 0.484298
 0 0.48164
 0 0.485359
 0 0.471648
 0 0.478447
 0 0.479929
 0 0.492317
 0 0.499151
 0 0.50684
 0 0.496949
 0 0.491475
 0 0.465314
 0 0.495244
 0 0.493435
 0 0.481691
 0 0.485907
 0 0.495697
 0 0.500153
 0 0.491912
 0 0.483061
 0 0.488996
 0 0.507873
 0 0.49353
 0 0.500138
 0 0.493319
 0 0.493024
 0 0.484111
 0 0.499257
 0 0.505748
 0 0.490919
 0 0.48147
 0 0.4837
 0 0.475427
 0 0.482987
 0 0.487974
 0 0.502103
 0 0.487362
 0 0.503436
 0 0.492428
 0 0.493991
 0 0.492167
 0 0.516836
 0 0.500542
 0 0.501315
 0 0.501126
 0 0.485086
 0 0.497491
 0 0.503175
 0 0.506195
 0 0.491701
 0 0.498473
 0 0.5045
 0 0.496512
 0 0.472055
 0 0.483479
 0 0.495077
 0 0.488025
 0 0.4897
 0 0.471969
 0 0.500767
 0 0.487798
 0 0.483256
 0 0.496528
 0 0.498262
 0 0.484019
 0 0.476896
 0 0.466697
 0 0.490461
 0 0.476924
 0 0.490959
 0 0.486168
 0 0.482987
 0 0.484733
 0 0.49305
 0 0.481347
 0 0.477765
 0 0.477251
 0 0.502691
 0 0.495834
 0 0.465567
 0 0.499727
 0 0.490487
 0 0.506103
 0 0.488611
 0 0.490995
 0 0.488811
 0 0.477247
 0 0.476721
 0 0.485225
 0 0.501804
 0 0.484545
 0 0.495426
 0 0.522472
 0 0.504658
 0 0.503283
 0 0.499346
 0 0.506677
 0 0.503769
 0 0.505941
 0 0.4989
 0 0.49122
 0 0.496815
