535 1 0 0 1
 0 -0.4182
 0 -0.423768
 0 -0.433782
 0 -0.432282
 0 -0.42503
 0 -0.42637
 0 -0.423296
 0 -0.43405
 0 -0.429552
 0 -0.408268
 0 -0.426384
 0 -0.434784
 0 -0.438836
 0 -0.432602
 0 -0.43036
 0 -0.434096
 0 -0.42426
 0 -0.42884
 0 -0.443434
 0 -0.432978
 0 -0.433162
 0 -0.433146
 0 -0.436942
 0 -0.42886
 0 -0.436946
 0 -0.434074
 0 -0.434902
 0 -0.425974
 0 -0.43807
 0 -0.439796
 0 -0.44325
 0 -0.426506
 0 -0.431082
 0 -0.432888
 0 -0.434026
 0 -0.424176
 0 -0.440334
 0 -0.436504
 0 -0.444052
 0 -0.438268
 0 -0.423578
 0 -0.42788
 0 -0.420768
 0 -0.43193
 0 -0.432104
 0 -0.43769
 0 -0.440064
 0 -0.436404
 0 -0.428118
 0 -0.439234
 0 -0.432718
 0 -0.42794
 0 -0.422872
 0 -0.44801
 0 -0.42674
 0 -0.433996
 0 -0.42881
 0 -0.425222
 0 -0.430416
 0 -0.410858
 0 -0.407002
 0 -0.416274
 0 -0.413664
 0 -0.42402
 0 -0.418598
 0 -0.429266
 0 -0.424476
 0 -0.429584
 0 -0.440218
 0 -0.4437
 0 -0.417294
 0 -0.437538
 0 -0.438154
 0 -0.421986
 0 -0.417108
 0 -0.424086
 0 -0.416976
 0 -0.425918
 0 -0.421258
 0 -0.429886
 0 -0.43271
 0 -0.429558
 0 -0.41398
 0 -0.416192
 0 -0.430334
 0 -0.423082
 0 -0.421028
 0 -0.427752
 0 -0.438608
 0 -0.433156
 0 -0.425138
 0 -0.433304
 0 -0.442146
 0 -0.42009
 0 -0.437944
 0 -0.437576
 0 -0.4517
 0 -0.446904
 0 -0.44541
 0 -0.452264
 0 -0.429476
 0 -0.434402
 0 -0.427692
 0 -0.427572
 0 -0.435664
 0 -0.440572
 0 -0.433334
 0 -0.4411
 0 -0.429602
 0 -0.441524
 0 -0.428074
 0 -0.444252
 0 -0.423632
 0 -0.432596
 0 -0.42121
 0 -0.421302
 0 -0.420816
 0 -0.421762
 0 -0.434028
 0 -0.446168
 0 -0.443026
 0 -0.44336
 0 -0.430408
 0 -0.43812
 0 -0.414442
 0 -0.426014
 0 -0.429994
 0 -0.441652
 0 -0.452508
 0 -0.437434
 0 -0.452056
 0 -0.442246
 0 -0.436544
 0 -0.435084
 0 -0.432518
 0 -0.433644
 0 -0.43225
 0 -0.424422
 0 -0.432074
 0 -0.42901
 0 -0.430414
 0 -0.436472
 0 -0.42934
 0 -0.437164
 0 -0.427622
 0 -0.44219
 0 -0.439066
 0 -0.445268
 0 -0.448644
 0 -0.442928
 0 -0.443222
 0 -0.44427
 0 -0.433162
 0 -0.443256
 0 -0.436398
 0 -0.440032
 0 -0.44532
 0 -0.43926
 0 -0.444256
 0 -0.43748
 0 -0.430658
 0 -0.424678
 0 -0.43046
 0 -0.4252
 0 -0.434686
 0 -0.419006
 0 -0.409142
 0 -0.41547
 0 -0.42877
 0 -0.436236
 0 -0.427306
 0 -0.439744
 0 -0.432792
 0 -0.419666
 0 -0.432854
 0 -0.42266
 0 -0.451662
 0 -0.435496
 0 -0.445832
 0 -0.434566
 0 -0.429446
 0 -0.444232
 0 -0.439998
 0 -0.443414
 0 -0.445706
 0 -0.437556
 0 -0.447278
 0 -0.424498
 0 -0.443054
 0 -0.442414
 0 -0.436502
 0 -0.438296
 0 -0.434406
 0 -0.432256
 0 -0.436424
 0 -0.445928
 0 -0.43059
 0 -0.430996
 0 -0.450664
 0 -0.437878
 0 -0.44327
 0 -0.435324
 0 -0.43266
 0 -0.44905
 0 -0.43153
 0 -0.4305
 0 -0.42764
 0 -0.430598
 0 -0.428322
 0 -0.418744
 0 -0.43805
 0 -0.415808
 0 -0.42074
 0 -0.431062
 0 -0.42956
 0 -0.428212
 0 -0.438086
 0 -0.433256
 0 -0.432596
 0 -0.434984
 0 -0.418684
 0 -0.452336
 0 -0.443614
 0 -0.429432
 0 -0.430046
 0 -0.428898
 0 -0.41313
 0 -0.41339
 0 -0.424426
 0 -0.432098
 0 -0.43793
 0 -0.433018
 0 -0.431066
 0 -0.421656
 0 -0.428554
 0 -0.422772
 0 -0.40287
 0 -0.43627
 0 -0.426452
 0 -0.426436
 0 -0.428906
 0 -0.425828
 0 -0.418698
 0 -0.41872
 0 -0.406188
 0 -0.41539
 0 -0.408984
 0 -0.43739
 0 -0.423262
 0 -0.429854
 0 -0.430218
 0 -0.43547
 0 -0.439758
 0 -0.44013
 0 -0.436666
 0 -0.45643
 0 -0.429868
 0 -0.435146
 0 -0.440592
 0 -0.437856
 0 -0.44219
 0 -0.416754
 0 -0.421708
 0 -0.429672
 0 -0.433188
 0 -0.4294
 0 -0.418578
 0 -0.449944
 0 -0.44091
 0 -0.420726
 0 -0.439982
 0 -0.435652
 0 -0.433986
 0 -0.446338
 0 -0.426384
 0 -0.419212
 0 -0.41593
 0 -0.425912
 0 -0.437124
 0 -0.433548
 0 -0.44288
 0 -0.421786
 0 -0.42467
 0 -0.425206
 0 -0.42256
 0 -0.417706
 0 -0.420024
 0 -0.425164
 0 -0.427246
 0 -0.44102
 0 -0.431212
 0 -0.440176
 0 -0.43749
 0 -0.430128
 0 -0.430372
 0 -0.431582
 0 -0.42921
 0 -0.436886
 0 -0.428346
 0 -0.441392
 0 -0.434108
 0 -0.419968
 0 -0.431178
 0 -0.431036
 0 -0.427486
 0 -0.437506
 0 -0.422938
 0 -0.437762
 0 -0.448786
 0 -0.437838
 0 -0.436198
 0 -0.442202
 0 -0.441378
 0 -0.4389
 0 -0.436948
 0 -0.43837
 0 -0.425086
 0 -0.427818
 0 -0.43604
 0 -0.430544
 0 -0.429514
 0 -0.433394
 0 -0.433726
 0 -0.435682
 0 -0.432118
 0 -0.434852
 0 -0.4441
 0 -0.44102
 0 -0.43081
 0 -0.43302
 0 -0.4464
 0 -0.446848
 0 -0.433652
 0 -0.444298
 0 -0.434178
 0 -0.431236
 0 -0.428446
 0 -0.427776
 0 -0.44076
 0 -0.430192
 0 -0.429386
 0 -0.422966
 0 -0.426954
 0 -0.42966
 0 -0.43752
 0 -0.425538
 0 -0.437688
 0 -0.440222
 0 -0.427746
 0 -0.432168
 0 -0.43856
 0 -0.445468
 0 -0.435096
 0 -0.431686
 0 -0.43024
 0 -0.416716
 0 -0.423382
 0 -0.436432
 0 -0.4187
 0 -0.431212
 0 -0.427706
 0 -0.416654
 0 -0.43325
 0 -0.436742
 0 -0.425906
 0 -0.41796
 0 -0.431824
 0 -0.432324
 0 -0.439462
 0 -0.436388
 0 -0.416098
 0 -0.419218
 0 -0.4284
 0 -0.429396
 0 -0.439606
 0 -0.417996
 0 -0.42622
 0 -0.41657
 0 -0.421258
 0 -0.43433
 0 -0.430324
 0 -0.437278
 0 -0.420662
 0 -0.411754
 0 -0.417772
 0 -0.433002
 0 -0.434908
 0 -0.431808
 0 -0.441906
 0 -0.44305
 0 -0.436918
 0 -0.420378
 0 -0.413786
 0 -0.438082
 0 -0.441414
 0 -0.439038
 0 -0.441056
 0 -0.445518
 0 -0.440306
 0 -0.438298
 0 -0.424812
 0 -0.437238
 0 -0.434744
 0 -0.44641
 0 -0.443894
 0 -0.436296
 0 -0.449616
 0 -0.446918
 0 -0.4421
 0 -0.43647
 0 -0.426438
 0 -0.426312
 0 -0.433342
 0 -0.43121
 0 -0.448658
 0 -0.430684
 0 -0.41565
 0 -0.436094
 0 -0.416146
 0 -0.427402
 0 -0.42059
 0 -0.418806
 0 -0.406276
 0 -0.427094
 0 -0.44009
 0 -0.424394
 0 -0.42714
 0 -0.417772
 0 -0.435642
 0 -0.433228
 0 -0.427078
 0 -0.41737
 0 -0.41216
 0 -0.438442
 0 -0.419124
 0 -0.43318
 0 -0.426686
 0 -0.430136
 0 -0.42402
 0 -0.43104
 0 -0.424518
 0 -0.43656
 0 -0.453808
 0 -0.42662
 0 -0.42462
 0 -0.435724
 0 -0.430286
 0 -0.431932
 0 -0.435832
 0 -0.43834
 0 -0.446854
 0 -0.434586
 0 -0.44156
 0 -0.43746
 0 -0.439346
 0 -0.435456
 0 -0.439332
 0 -0.442292
 0 -0.433212
 0 -0.431492
 0 -0.436944
 0 -0.432754
 0 -0.429482
 0 -0.423316
 0 -0.433
 0 -0.41833
 0 -0.42701
 0 -0.421736
 0 -0.44282
 0 -0.417404
 0 -0.436622
 0 -0.435036
 0 -0.444036
 0 -0.434322
 0 -0.454706
 0 -0.433732
 0 -0.443198
 0 -0.449194
 0 -0.445252
 0 -0.43066
 0 -0.437278
 0 -0.443612
 0 -0.442484
 0 -0.443918
 0 -0.443804
 0 -0.44312
 0 -0.432994
 0 -0.435204
 0 -0.43513
 0 -0.432272
 0 -0.42219
 0 -0.433492
 0 -0.428924
 0 -0.426878
 0 -0.417754
 0 -0.437568
 0 -0.431512
 0 -0.427572
 0 -0.423246
 0 -0.420848
 0 -0.425894
 0 -0.436874
 0 -0.433058
 0 -0.440166
 0 -0.430518
 0 -0.423956
 0 -0.42408
 0 -0.42039
 0 -0.421312
 0 -0.424328
 0 -0.44711
 0 -0.43195
 0 -0.417144
 0 -0.430488
 0 -0.42861
 0 -0.44523
 0 -0.435238
 0 -0.437374
 0 -0.445184
 0 -0.435108
 0 -0.428974
 0 -0.430652
 0 -0.448182
 0 -0.433552
 0 -0.448328
 0 -0.458284
 0 -0.446052
 0 -0.430906
 0 -0.42766
 0 -0.440202
 0 -0.436712
 0 -0.444468
 0 -0.442294
 0 -0.427428
 0 -0.42152
