535 1 0 0 1
 0 0.52006
 0 0.524858
 0 0.526402
 0 0.53172
 0 0.536342
 0 0.538934
 0 0.530752
 0 0.536134
 0 0.526936
 0 0.517248
 0 0.524038
 0 0.537178
 0 0.555886
 0 0.55624
 0 0.547336
 0 0.521074
 0 0.527776
 0 0.527792
 0 0.530244
 0 0.542852
 0 0.535162
 0 0.552324
 0 0.531568
 0 0.540326
 0 0.544424
 0 0.519504
 0 0.532872
 0 0.545858
 0 0.544942
 0 0.535634
 0 0.539266
 0 0.52534
 0 0.540696
 0 0.526586
 0 0.547994
 0 0.525726
 0 0.549014
 0 0.526468
 0 0.531292
 0 0.563538
 0 0.53801
 0 0.544702
 0 0.518494
 0 0.557598
 0 0.54892
 0 0.527722
 0 0.536892
 0 0.531746
 0 0.533176
 0 0.551542
 0 0.542564
 0 0.544276
 0 0.530966
 0 0.533056
 0 0.53462
 0 0.529634
 0 0.531424
 0 0.534592
 0 0.543006
 0 0.512432
 0 0.527586
 0 0.525632
 0 0.538136
 0 0.525962
 0 0.528524
 0 0.518668
 0 0.541516
 0 0.54791
 0 0.53854
 0 0.53376
 0 0.543596
 0 0.53113
 0 0.534782
 0 0.522436
 0 0.544206
 0 0.507382
 0 0.509158
 0 0.50504
 0 0.530256
 0 0.530142
 0 0.51714
 0 0.511756
 0 0.536584
 0 0.536992
 0 0.523912
 0 0.53014
 0 0.527344
 0 0.53486
 0 0.51991
 0 0.537102
 0 0.525442
 0 0.548188
 0 0.531284
 0 0.53098
 0 0.537272
 0 0.530886
 0 0.550206
 0 0.552926
 0 0.540942
 0 0.551372
 0 0.530626
 0 0.53869
 0 0.521066
 0 0.535424
 0 0.54819
 0 0.541576
 0 0.529332
 0 0.536152
 0 0.537218
 0 0.544232
 0 0.534952
 0 0.544192
 0 0.523114
 0 0.522742
 0 0.523004
 0 0.522572
 0 0.510874
 0 0.527142
 0 0.54546
 0 0.555426
 0 0.542232
 0 0.552844
 0 0.543854
 0 0.54558
 0 0.52797
 0 0.532778
 0 0.552908
 0 0.531724
 0 0.55155
 0 0.558042
 0 0.554686
 0 0.547822
 0 0.538984
 0 0.548588
 0 0.533144
 0 0.551514
 0 0.527184
 0 0.519576
 0 0.540504
 0 0.51589
 0 0.542612
 0 0.5249
 0 0.534246
 0 0.527466
 0 0.537756
 0 0.517242
 0 0.539756
 0 0.548664
 0 0.529298
 0 0.523324
 0 0.537874
 0 0.537994
 0 0.534316
 0 0.533722
 0 0.528106
 0 0.555954
 0 0.541086
 0 0.54053
 0 0.545678
 0 0.538934
 0 0.542352
 0 0.52691
 0 0.54517
 0 0.498922
 0 0.532696
 0 0.522948
 0 0.518776
 0 0.539222
 0 0.531834
 0 0.52256
 0 0.531816
 0 0.5401
 0 0.534384
 0 0.543486
 0 0.53723
 0 0.528744
 0 0.550134
 0 0.53446
 0 0.530592
 0 0.53412
 0 0.526562
 0 0.527946
 0 0.537618
 0 0.547938
 0 0.55105
 0 0.524554
 0 0.540672
 0 0.514478
 0 0.53314
 0 0.537194
 0 0.553272
 0 0.534132
 0 0.532128
 0 0.529544
 0 0.526092
 0 0.555244
 0 0.546698
 0 0.542248
 0 0.541598
 0 0.525374
 0 0.53651
 0 0.536836
 0 0.532558
 0 0.550806
 0 0.554126
 0 0.52987
 0 0.523572
 0 0.531304
 0 0.525268
 0 0.513104
 0 0.554512
 0 0.522352
 0 0.51534
 0 0.53609
 0 0.526922
 0 0.56072
 0 0.531966
 0 0.52344
 0 0.526984
 0 0.564122
 0 0.537464
 0 0.56538
 0 0.52716
 0 0.52527
 0 0.527044
 0 0.528518
 0 0.523792
 0 0.503628
 0 0.509666
 0 0.506274
 0 0.521126
 0 0.53384
 0 0.541288
 0 0.511802
 0 0.551104
 0 0.529146
 0 0.52321
 0 0.537048
 0 0.541538
 0 0.530582
 0 0.54211
 0 0.538076
 0 0.533294
 0 0.509296
 0 0.51793
 0 0.521984
 0 0.534282
 0 0.516546
 0 0.53313
 0 0.535898
 0 0.531664
 0 0.517474
 0 0.53363
 0 0.539236
 0 0.532214
 0 0.554186
 0 0.538008
 0 0.526738
 0 0.539284
 0 0.545086
 0 0.54035
 0 0.535202
 0 0.532394
 0 0.51909
 0 0.532618
 0 0.551826
 0 0.541362
 0 0.55228
 0 0.55208
 0 0.523506
 0 0.531022
 0 0.53282
 0 0.528818
 0 0.559582
 0 0.534004
 0 0.522788
 0 0.537838
 0 0.516816
 0 0.5536
 0 0.53982
 0 0.543602
 0 0.53388
 0 0.54794
 0 0.53242
 0 0.536108
 0 0.524884
 0 0.499166
 0 0.52502
 0 0.513408
 0 0.515946
 0 0.545604
 0 0.538128
 0 0.539274
 0 0.534468
 0 0.54897
 0 0.551756
 0 0.550548
 0 0.537032
 0 0.520592
 0 0.520928
 0 0.541842
 0 0.537582
 0 0.56266
 0 0.519132
 0 0.52055
 0 0.521632
 0 0.519644
 0 0.553634
 0 0.54295
 0 0.55238
 0 0.539298
 0 0.557612
 0 0.535238
 0 0.535282
 0 0.532752
 0 0.559838
 0 0.520252
 0 0.523086
 0 0.520306
 0 0.524996
 0 0.526968
 0 0.531086
 0 0.539054
 0 0.532146
 0 0.54127
 0 0.551668
 0 0.54074
 0 0.540588
 0 0.534712
 0 0.53846
 0 0.561104
 0 0.552882
 0 0.533688
 0 0.531742
 0 0.555424
 0 0.54647
 0 0.535242
 0 0.546296
 0 0.543132
 0 0.54923
 0 0.522852
 0 0.531544
 0 0.511706
 0 0.539256
 0 0.544274
 0 0.534386
 0 0.53838
 0 0.546762
 0 0.52347
 0 0.520658
 0 0.543402
 0 0.548898
 0 0.51974
 0 0.533282
 0 0.536668
 0 0.49691
 0 0.507546
 0 0.540872
 0 0.526662
 0 0.532868
 0 0.524706
 0 0.523278
 0 0.534158
 0 0.544046
 0 0.526036
 0 0.537476
 0 0.52716
 0 0.529076
 0 0.542114
 0 0.514338
 0 0.547122
 0 0.521788
 0 0.520818
 0 0.52504
 0 0.531238
 0 0.50868
 0 0.535646
 0 0.521566
 0 0.517976
 0 0.540902
 0 0.526572
 0 0.530558
 0 0.519818
 0 0.534308
 0 0.525516
 0 0.54542
 0 0.530696
 0 0.528938
 0 0.536462
 0 0.5395
 0 0.526174
 0 0.519058
 0 0.52995
 0 0.560096
 0 0.527666
 0 0.535836
 0 0.527916
 0 0.548782
 0 0.532896
 0 0.546786
 0 0.547522
 0 0.5497
 0 0.533938
 0 0.53829
 0 0.540554
 0 0.51975
 0 0.543716
 0 0.56417
 0 0.552808
 0 0.53543
 0 0.520792
 0 0.534062
 0 0.546688
 0 0.542682
 0 0.558608
 0 0.541412
 0 0.546508
 0 0.508432
 0 0.538028
 0 0.520218
 0 0.535606
 0 0.508056
 0 0.519486
 0 0.535688
 0 0.549794
 0 0.527374
 0 0.536808
 0 0.51451
 0 0.539916
 0 0.535636
 0 0.524744
 0 0.518024
 0 0.52215
 0 0.546038
 0 0.535092
 0 0.532438
 0 0.531586
 0 0.526818
 0 0.521194
 0 0.546222
 0 0.5456
 0 0.531766
 0 0.539088
 0 0.513402
 0 0.528258
 0 0.524536
 0 0.53377
 0 0.543464
 0 0.544624
 0 0.555266
 0 0.544806
 0 0.54945
 0 0.527816
 0 0.53913
 0 0.557532
 0 0.53421
 0 0.548364
 0 0.556758
 0 0.526184
 0 0.54011
 0 0.53629
 0 0.517138
 0 0.538134
 0 0.535308
 0 0.517202
 0 0.529986
 0 0.541936
 0 0.53175
 0 0.56327
 0 0.52944
 0 0.52652
 0 0.544024
 0 0.52184
 0 0.540992
 0 0.551836
 0 0.54221
 0 0.551298
 0 0.546736
 0 0.557652
 0 0.523156
 0 0.538796
 0 0.540146
 0 0.53313
 0 0.536076
 0 0.534546
 0 0.532416
 0 0.538272
 0 0.532388
 0 0.520586
 0 0.530598
 0 0.528764
 0 0.524134
 0 0.55455
 0 0.540422
 0 0.529506
 0 0.533756
 0 0.52395
 0 0.526198
 0 0.533514
 0 0.526342
 0 0.514766
 0 0.528356
 0 0.55656
 0 0.538498
 0 0.535338
 0 0.527022
 0 0.542052
 0 0.518716
 0 0.53267
 0 0.547218
 0 0.537108
 0 0.524872
 0 0.521358
 0 0.534658
 0 0.54263
 0 0.559684
 0 0.54747
 0 0.544132
 0 0.547034
 0 0.529338
 0 0.515244
 0 0.539776
 0 0.534654
 0 0.540292
 0 0.527926
 0 0.56281
 0 0.536152
 0 0.535462
 0 0.529898
 0 0.555152
 0 0.524548
 0 0.548216
 0 0.542834
 0 0.5362
 0 0.54329
