535 1 0 0 1
 0 0.2091
 0 0.211884
 0 0.216891
 0 0.216141
 0 0.212515
 0 0.213185
 0 0.211648
 0 0.217025
 0 0.214776
 0 0.204134
 0 0.213192
 0 0.217392
 0 0.219418
 0 0.216301
 0 0.21518
 0 0.217048
 0 0.21213
 0 0.21442
 0 0.221717
 0 0.216489
 0 0.216581
 0 0.216573
 0 0.218471
 0 0.21443
 0 0.218473
 0 0.217037
 0 0.217451
 0 0.212987
 0 0.219035
 0 0.219898
 0 0.221625
 0 0.213253
 0 0.215541
 0 0.216444
 0 0.217013
 0 0.212088
 0 0.220167
 0 0.218252
 0 0.222026
 0 0.219134
 0 0.211789
 0 0.21394
 0 0.210384
 0 0.215965
 0 0.216052
 0 0.218845
 0 0.220032
 0 0.218202
 0 0.214059
 0 0.219617
 0 0.216359
 0 0.21397
 0 0.211436
 0 0.224005
 0 0.21337
 0 0.216998
 0 0.214405
 0 0.212611
 0 0.215208
 0 0.205429
 0 0.203501
 0 0.208137
 0 0.206832
 0 0.21201
 0 0.209299
 0 0.214633
 0 0.212238
 0 0.214792
 0 0.220109
 0 0.22185
 0 0.208647
 0 0.218769
 0 0.219077
 0 0.210993
 0 0.208554
 0 0.212043
 0 0.208488
 0 0.212959
 0 0.210629
 0 0.214943
 0 0.216355
 0 0.214779
 0 0.20699
 0 0.208096
 0 0.215167
 0 0.211541
 0 0.210514
 0 0.213876
 0 0.219304
 0 0.216578
 0 0.212569
 0 0.216652
 0 0.221073
 0 0.210045
 0 0.218972
 0 0.218788
 0 0.22585
 0 0.223452
 0 0.222705
 0 0.226132
 0 0.214738
 0 0.217201
 0 0.213846
 0 0.213786
 0 0.217832
 0 0.220286
 0 0.216667
 0 0.22055
 0 0.214801
 0 0.220762
 0 0.214037
 0 0.222126
 0 0.211816
 0 0.216298
 0 0.210605
 0 0.210651
 0 0.210408
 0 0.210881
 0 0.217014
 0 0.223084
 0 0.221513
 0 0.22168
 0 0.215204
 0 0.21906
 0 0.207221
 0 0.213007
 0 0.214997
 0 0.220826
 0 0.226254
 0 0.218717
 0 0.226028
 0 0.221123
 0 0.218272
 0 0.217542
 0 0.216259
 0 0.216822
 0 0.216125
 0 0.212211
 0 0.216037
 0 0.214505
 0 0.215207
 0 0.218236
 0 0.21467
 0 0.218582
 0 0.213811
 0 0.221095
 0 0.219533
 0 0.222634
 0 0.224322
 0 0.221464
 0 0.221611
 0 0.222135
 0 0.216581
 0 0.221628
 0 0.218199
 0 0.220016
 0 0.22266
 0 0.21963
 0 0.222128
 0 0.21874
 0 0.215329
 0 0.212339
 0 0.21523
 0 0.2126
 0 0.217343
 0 0.209503
 0 0.204571
 0 0.207735
 0 0.214385
 0 0.218118
 0 0.213653
 0 0.219872
 0 0.216396
 0 0.209833
 0 0.216427
 0 0.21133
 0 0.225831
 0 0.217748
 0 0.222916
 0 0.217283
 0 0.214723
 0 0.222116
 0 0.219999
 0 0.221707
 0 0.222853
 0 0.218778
 0 0.223639
 0 0.212249
 0 0.221527
 0 0.221207
 0 0.218251
 0 0.219148
 0 0.217203
 0 0.216128
 0 0.218212
 0 0.222964
 0 0.215295
 0 0.215498
 0 0.225332
 0 0.218939
 0 0.221635
 0 0.217662
 0 0.21633
 0 0.224525
 0 0.215765
 0 0.21525
 0 0.21382
 0 0.215299
 0 0.214161
 0 0.209372
 0 0.219025
 0 0.207904
 0 0.21037
 0 0.215531
 0 0.21478
 0 0.214106
 0 0.219043
 0 0.216628
 0 0.216298
 0 0.217492
 0 0.209342
 0 0.226168
 0 0.221807
 0 0.214716
 0 0.215023
 0 0.214449
 0 0.206565
 0 0.206695
 0 0.212213
 0 0.216049
 0 0.218965
 0 0.216509
 0 0.215533
 0 0.210828
 0 0.214277
 0 0.211386
 0 0.201435
 0 0.218135
 0 0.213226
 0 0.213218
 0 0.214453
 0 0.212914
 0 0.209349
 0 0.20936
 0 0.203094
 0 0.207695
 0 0.204492
 0 0.218695
 0 0.211631
 0 0.214927
 0 0.215109
 0 0.217735
 0 0.219879
 0 0.220065
 0 0.218333
 0 0.228215
 0 0.214934
 0 0.217573
 0 0.220296
 0 0.218928
 0 0.221095
 0 0.208377
 0 0.210854
 0 0.214836
 0 0.216594
 0 0.2147
 0 0.209289
 0 0.224972
 0 0.220455
 0 0.210363
 0 0.219991
 0 0.217826
 0 0.216993
 0 0.223169
 0 0.213192
 0 0.209606
 0 0.207965
 0 0.212956
 0 0.218562
 0 0.216774
 0 0.22144
 0 0.210893
 0 0.212335
 0 0.212603
 0 0.21128
 0 0.208853
 0 0.210012
 0 0.212582
 0 0.213623
 0 0.22051
 0 0.215606
 0 0.220088
 0 0.218745
 0 0.215064
 0 0.215186
 0 0.215791
 0 0.214605
 0 0.218443
 0 0.214173
 0 0.220696
 0 0.217054
 0 0.209984
 0 0.215589
 0 0.215518
 0 0.213743
 0 0.218753
 0 0.211469
 0 0.218881
 0 0.224393
 0 0.218919
 0 0.218099
 0 0.221101
 0 0.220689
 0 0.21945
 0 0.218474
 0 0.219185
 0 0.212543
 0 0.213909
 0 0.21802
 0 0.215272
 0 0.214757
 0 0.216697
 0 0.216863
 0 0.217841
 0 0.216059
 0 0.217426
 0 0.22205
 0 0.22051
 0 0.215405
 0 0.21651
 0 0.2232
 0 0.223424
 0 0.216826
 0 0.222149
 0 0.217089
 0 0.215618
 0 0.214223
 0 0.213888
 0 0.22038
 0 0.215096
 0 0.214693
 0 0.211483
 0 0.213477
 0 0.21483
 0 0.21876
 0 0.212769
 0 0.218844
 0 0.220111
 0 0.213873
 0 0.216084
 0 0.21928
 0 0.222734
 0 0.217548
 0 0.215843
 0 0.21512
 0 0.208358
 0 0.211691
 0 0.218216
 0 0.20935
 0 0.215606
 0 0.213853
 0 0.208327
 0 0.216625
 0 0.218371
 0 0.212953
 0 0.20898
 0 0.215912
 0 0.216162
 0 0.219731
 0 0.218194
 0 0.208049
 0 0.209609
 0 0.2142
 0 0.214698
 0 0.219803
 0 0.208998
 0 0.21311
 0 0.208285
 0 0.210629
 0 0.217165
 0 0.215162
 0 0.218639
 0 0.210331
 0 0.205877
 0 0.208886
 0 0.216501
 0 0.217454
 0 0.215904
 0 0.220953
 0 0.221525
 0 0.218459
 0 0.210189
 0 0.206893
 0 0.219041
 0 0.220707
 0 0.219519
 0 0.220528
 0 0.222759
 0 0.220153
 0 0.219149
 0 0.212406
 0 0.218619
 0 0.217372
 0 0.223205
 0 0.221947
 0 0.218148
 0 0.224808
 0 0.223459
 0 0.22105
 0 0.218235
 0 0.213219
 0 0.213156
 0 0.216671
 0 0.215605
 0 0.224329
 0 0.215342
 0 0.207825
 0 0.218047
 0 0.208073
 0 0.213701
 0 0.210295
 0 0.209403
 0 0.203138
 0 0.213547
 0 0.220045
 0 0.212197
 0 0.21357
 0 0.208886
 0 0.217821
 0 0.216614
 0 0.213539
 0 0.208685
 0 0.20608
 0 0.219221
 0 0.209562
 0 0.21659
 0 0.213343
 0 0.215068
 0 0.21201
 0 0.21552
 0 0.212259
 0 0.21828
 0 0.226904
 0 0.21331
 0 0.21231
 0 0.217862
 0 0.215143
 0 0.215966
 0 0.217916
 0 0.21917
 0 0.223427
 0 0.217293
 0 0.22078
 0 0.21873
 0 0.219673
 0 0.217728
 0 0.219666
 0 0.221146
 0 0.216606
 0 0.215746
 0 0.218472
 0 0.216377
 0 0.214741
 0 0.211658
 0 0.2165
 0 0.209165
 0 0.213505
 0 0.210868
 0 0.22141
 0 0.208702
 0 0.218311
 0 0.217518
 0 0.222018
 0 0.217161
 0 0.227353
 0 0.216866
 0 0.221599
 0 0.224597
 0 0.222626
 0 0.21533
 0 0.218639
 0 0.221806
 0 0.221242
 0 0.221959
 0 0.221902
 0 0.22156
 0 0.216497
 0 0.217602
 0 0.217565
 0 0.216136
 0 0.211095
 0 0.216746
 0 0.214462
 0 0.213439
 0 0.208877
 0 0.218784
 0 0.215756
 0 0.213786
 0 0.211623
 0 0.210424
 0 0.212947
 0 0.218437
 0 0.216529
 0 0.220083
 0 0.215259
 0 0.211978
 0 0.21204
 0 0.210195
 0 0.210656
 0 0.212164
 0 0.223555
 0 0.215975
 0 0.208572
 0 0.215244
 0 0.214305
 0 0.222615
 0 0.217619
 0 0.218687
 0 0.222592
 0 0.217554
 0 0.214487
 0 0.215326
 0 0.224091
 0 0.216776
 0 0.224164
 0 0.229142
 0 0.223026
 0 0.215453
 0 0.21383
 0 0.220101
 0 0.218356
 0 0.222234
 0 0.221147
 0 0.213714
 0 0.21076
