535 1 0 0 1
 0 0.521896
 0 0.541106
 0 0.549984
 0 0.54068
 0 0.536244
 0 0.531752
 0 0.528646
 0 0.55898
 0 0.541372
 0 0.541884
 0 0.538074
 0 0.53781
 0 0.541264
 0 0.568314
 0 0.541906
 0 0.508506
 0 0.529758
 0 0.536806
 0 0.534618
 0 0.542406
 0 0.532112
 0 0.55447
 0 0.538166
 0 0.530018
 0 0.553932
 0 0.547826
 0 0.55476
 0 0.54434
 0 0.536932
 0 0.547038
 0 0.555048
 0 0.518094
 0 0.542462
 0 0.528736
 0 0.563722
 0 0.53948
 0 0.568954
 0 0.540792
 0 0.532146
 0 0.538254
 0 0.544536
 0 0.532078
 0 0.521082
 0 0.549206
 0 0.530708
 0 0.523766
 0 0.536172
 0 0.533698
 0 0.534426
 0 0.554136
 0 0.557638
 0 0.562078
 0 0.533468
 0 0.5348
 0 0.51725
 0 0.524004
 0 0.528386
 0 0.532672
 0 0.550912
 0 0.518434
 0 0.509474
 0 0.533532
 0 0.539588
 0 0.523492
 0 0.536214
 0 0.530048
 0 0.538716
 0 0.555678
 0 0.551536
 0 0.51605
 0 0.544802
 0 0.5389
 0 0.544104
 0 0.532184
 0 0.51475
 0 0.534004
 0 0.532064
 0 0.510768
 0 0.528874
 0 0.54152
 0 0.531564
 0 0.527604
 0 0.537442
 0 0.553304
 0 0.543766
 0 0.52228
 0 0.544904
 0 0.531116
 0 0.544252
 0 0.543742
 0 0.538256
 0 0.554478
 0 0.510818
 0 0.550838
 0 0.54849
 0 0.534192
 0 0.546564
 0 0.557076
 0 0.561582
 0 0.540416
 0 0.547768
 0 0.544384
 0 0.53916
 0 0.531396
 0 0.538328
 0 0.553644
 0 0.513896
 0 0.53925
 0 0.55528
 0 0.562592
 0 0.522724
 0 0.537128
 0 0.526286
 0 0.546058
 0 0.530544
 0 0.539514
 0 0.535678
 0 0.518004
 0 0.5456
 0 0.56122
 0 0.549774
 0 0.534484
 0 0.551556
 0 0.54898
 0 0.535304
 0 0.550604
 0 0.56001
 0 0.537884
 0 0.54897
 0 0.544164
 0 0.529444
 0 0.518104
 0 0.534928
 0 0.535862
 0 0.538218
 0 0.545952
 0 0.528836
 0 0.53881
 0 0.53601
 0 0.526782
 0 0.52962
 0 0.532416
 0 0.517998
 0 0.533694
 0 0.542374
 0 0.532364
 0 0.547478
 0 0.561804
 0 0.545582
 0 0.557378
 0 0.552454
 0 0.524508
 0 0.559504
 0 0.544436
 0 0.541704
 0 0.540992
 0 0.559562
 0 0.530614
 0 0.535916
 0 0.54078
 0 0.54316
 0 0.527768
 0 0.52101
 0 0.514366
 0 0.555304
 0 0.53129
 0 0.51366
 0 0.531982
 0 0.537108
 0 0.527384
 0 0.53618
 0 0.570922
 0 0.531892
 0 0.528876
 0 0.499114
 0 0.525584
 0 0.54042
 0 0.512616
 0 0.547776
 0 0.550628
 0 0.535152
 0 0.535332
 0 0.542856
 0 0.51839
 0 0.559782
 0 0.538
 0 0.555596
 0 0.49942
 0 0.546016
 0 0.548268
 0 0.544752
 0 0.531888
 0 0.526182
 0 0.54805
 0 0.543052
 0 0.550696
 0 0.536888
 0 0.528016
 0 0.563124
 0 0.544222
 0 0.551914
 0 0.55051
 0 0.54141
 0 0.537568
 0 0.540288
 0 0.519612
 0 0.519676
 0 0.554276
 0 0.521634
 0 0.534714
 0 0.541214
 0 0.514514
 0 0.517194
 0 0.545752
 0 0.541786
 0 0.52557
 0 0.53012
 0 0.53338
 0 0.559444
 0 0.550994
 0 0.53862
 0 0.573486
 0 0.553758
 0 0.547698
 0 0.534338
 0 0.543088
 0 0.516286
 0 0.513904
 0 0.520508
 0 0.537404
 0 0.53284
 0 0.53735
 0 0.541486
 0 0.523022
 0 0.534788
 0 0.530368
 0 0.498162
 0 0.540454
 0 0.542538
 0 0.525772
 0 0.511668
 0 0.52972
 0 0.537862
 0 0.511728
 0 0.532836
 0 0.532436
 0 0.518446
 0 0.540058
 0 0.559172
 0 0.550288
 0 0.566986
 0 0.527004
 0 0.545946
 0 0.556914
 0 0.526506
 0 0.554676
 0 0.52211
 0 0.560726
 0 0.560216
 0 0.54636
 0 0.544382
 0 0.544978
 0 0.533008
 0 0.53219
 0 0.505118
 0 0.530476
 0 0.532236
 0 0.530704
 0 0.544092
 0 0.536794
 0 0.543782
 0 0.525966
 0 0.528936
 0 0.556742
 0 0.532456
 0 0.538622
 0 0.548666
 0 0.542106
 0 0.531008
 0 0.524654
 0 0.540266
 0 0.52795
 0 0.532744
 0 0.531164
 0 0.542874
 0 0.551092
 0 0.513518
 0 0.520128
 0 0.530432
 0 0.538958
 0 0.551528
 0 0.53915
 0 0.552648
 0 0.542596
 0 0.542618
 0 0.564744
 0 0.539908
 0 0.531836
 0 0.542862
 0 0.52398
 0 0.537248
 0 0.530992
 0 0.56252
 0 0.512912
 0 0.524652
 0 0.53801
 0 0.513506
 0 0.548478
 0 0.575816
 0 0.557334
 0 0.547198
 0 0.545894
 0 0.542012
 0 0.533678
 0 0.518498
 0 0.578262
 0 0.512254
 0 0.531576
 0 0.523282
 0 0.521718
 0 0.517906
 0 0.524894
 0 0.539922
 0 0.512678
 0 0.530068
 0 0.551328
 0 0.510744
 0 0.545634
 0 0.517192
 0 0.542944
 0 0.57107
 0 0.563126
 0 0.547244
 0 0.553332
 0 0.544264
 0 0.543562
 0 0.55363
 0 0.552358
 0 0.546426
 0 0.545324
 0 0.512408
 0 0.557514
 0 0.521098
 0 0.538468
 0 0.51915
 0 0.540084
 0 0.53071
 0 0.53732
 0 0.529952
 0 0.523948
 0 0.549994
 0 0.5416
 0 0.533514
 0 0.531752
 0 0.528118
 0 0.509998
 0 0.509522
 0 0.529132
 0 0.527118
 0 0.544272
 0 0.52367
 0 0.520622
 0 0.528606
 0 0.544846
 0 0.510584
 0 0.530546
 0 0.543094
 0 0.54807
 0 0.558808
 0 0.519496
 0 0.53788
 0 0.526642
 0 0.522588
 0 0.528186
 0 0.550774
 0 0.51345
 0 0.54212
 0 0.50826
 0 0.560734
 0 0.54316
 0 0.522448
 0 0.53076
 0 0.52065
 0 0.52944
 0 0.530182
 0 0.511772
 0 0.544984
 0 0.532808
 0 0.549786
 0 0.56485
 0 0.53485
 0 0.520568
 0 0.53843
 0 0.54803
 0 0.53702
 0 0.550682
 0 0.5473
 0 0.539654
 0 0.542912
 0 0.541078
 0 0.551476
 0 0.542382
 0 0.541422
 0 0.548404
 0 0.542536
 0 0.525224
 0 0.547842
 0 0.570528
 0 0.549434
 0 0.547748
 0 0.509362
 0 0.52378
 0 0.54347
 0 0.566306
 0 0.546668
 0 0.558118
 0 0.525114
 0 0.5407
 0 0.555306
 0 0.51965
 0 0.53484
 0 0.517892
 0 0.53757
 0 0.525196
 0 0.56193
 0 0.521096
 0 0.54481
 0 0.51176
 0 0.540864
 0 0.52986
 0 0.539752
 0 0.514434
 0 0.503886
 0 0.553944
 0 0.526644
 0 0.536938
 0 0.518562
 0 0.53284
 0 0.524236
 0 0.55412
 0 0.536302
 0 0.547418
 0 0.548328
 0 0.522336
 0 0.560812
 0 0.542258
 0 0.553576
 0 0.544384
 0 0.541102
 0 0.539976
 0 0.538374
 0 0.545632
 0 0.542324
 0 0.546134
 0 0.570614
 0 0.54585
 0 0.542502
 0 0.53322
 0 0.524434
 0 0.550902
 0 0.53499
 0 0.525778
 0 0.548876
 0 0.524166
 0 0.52468
 0 0.534966
 0 0.566784
 0 0.524212
 0 0.547742
 0 0.556198
 0 0.533978
 0 0.53724
 0 0.536282
 0 0.559036
 0 0.56289
 0 0.554888
 0 0.542558
 0 0.54475
 0 0.55817
 0 0.542238
 0 0.54777
 0 0.547604
 0 0.543396
 0 0.5345
 0 0.512742
 0 0.532984
 0 0.517638
 0 0.529976
 0 0.533738
 0 0.528394
 0 0.538572
 0 0.504504
 0 0.536794
 0 0.542758
 0 0.528664
 0 0.547676
 0 0.543916
 0 0.546846
 0 0.554234
 0 0.531608
 0 0.524588
 0 0.521298
 0 0.557744
 0 0.540344
 0 0.547592
 0 0.540834
 0 0.555764
 0 0.525858
 0 0.527668
 0 0.548054
 0 0.533274
 0 0.548424
 0 0.530236
 0 0.512728
 0 0.527944
 0 0.559036
 0 0.551464
 0 0.554458
 0 0.53813
 0 0.527062
 0 0.5203
 0 0.532354
 0 0.540894
 0 0.537596
 0 0.537352
 0 0.5572
 0 0.51651
 0 0.54852
 0 0.517666
 0 0.553334
 0 0.53368
 0 0.54217
 0 0.54829
 0 0.547692
 0 0.564082
