535 1 0 0 1
 0 0.282951
 0 0.285213
 0 0.285494
 0 0.288192
 0 0.280868
 0 0.285019
 0 0.298766
 0 0.301172
 0 0.289568
 0 0.293714
 0 0.290775
 0 0.290402
 0 0.299325
 0 0.292781
 0 0.29288
 0 0.275652
 0 0.2868
 0 0.279089
 0 0.2861
 0 0.291214
 0 0.292045
 0 0.289927
 0 0.287628
 0 0.291298
 0 0.300083
 0 0.288561
 0 0.294169
 0 0.293966
 0 0.287325
 0 0.285765
 0 0.290575
 0 0.292145
 0 0.289057
 0 0.290575
 0 0.289941
 0 0.282536
 0 0.294677
 0 0.285125
 0 0.295668
 0 0.286789
 0 0.291408
 0 0.291024
 0 0.281635
 0 0.304342
 0 0.288818
 0 0.286882
 0 0.289509
 0 0.29133
 0 0.287994
 0 0.301197
 0 0.293874
 0 0.295625
 0 0.288017
 0 0.296356
 0 0.291705
 0 0.290847
 0 0.285713
 0 0.285341
 0 0.290002
 0 0.279478
 0 0.289394
 0 0.292474
 0 0.293105
 0 0.277589
 0 0.27968
 0 0.28062
 0 0.290297
 0 0.291404
 0 0.295972
 0 0.302595
 0 0.296316
 0 0.290981
 0 0.287505
 0 0.286385
 0 0.288872
 0 0.278216
 0 0.275861
 0 0.279001
 0 0.294891
 0 0.283044
 0 0.288771
 0 0.284964
 0 0.29724
 0 0.296783
 0 0.292252
 0 0.29363
 0 0.285449
 0 0.287497
 0 0.285072
 0 0.287928
 0 0.292824
 0 0.296141
 0 0.288178
 0 0.28634
 0 0.299505
 0 0.290078
 0 0.294872
 0 0.301823
 0 0.291536
 0 0.289276
 0 0.29247
 0 0.297036
 0 0.290019
 0 0.28989
 0 0.291507
 0 0.295548
 0 0.28925
 0 0.290245
 0 0.290241
 0 0.292212
 0 0.292609
 0 0.298748
 0 0.293017
 0 0.284266
 0 0.287916
 0 0.282014
 0 0.284411
 0 0.292379
 0 0.300528
 0 0.29817
 0 0.290608
 0 0.292167
 0 0.289702
 0 0.297867
 0 0.284273
 0 0.298504
 0 0.29289
 0 0.291972
 0 0.295553
 0 0.307419
 0 0.304248
 0 0.297867
 0 0.294462
 0 0.286288
 0 0.301264
 0 0.28874
 0 0.290623
 0 0.286629
 0 0.298316
 0 0.288715
 0 0.285372
 0 0.290027
 0 0.296551
 0 0.288193
 0 0.284873
 0 0.283541
 0 0.298443
 0 0.297554
 0 0.292845
 0 0.284106
 0 0.302875
 0 0.28873
 0 0.295454
 0 0.292608
 0 0.291
 0 0.293695
 0 0.292436
 0 0.289519
 0 0.301829
 0 0.287448
 0 0.298429
 0 0.285545
 0 0.293364
 0 0.281719
 0 0.288363
 0 0.291536
 0 0.288369
 0 0.284677
 0 0.28377
 0 0.296013
 0 0.28651
 0 0.297226
 0 0.29426
 0 0.289341
 0 0.28635
 0 0.29239
 0 0.295872
 0 0.285965
 0 0.297371
 0 0.292143
 0 0.287012
 0 0.289423
 0 0.293969
 0 0.293758
 0 0.298067
 0 0.284112
 0 0.297785
 0 0.28067
 0 0.291728
 0 0.290369
 0 0.28787
 0 0.290352
 0 0.285478
 0 0.285949
 0 0.290111
 0 0.299937
 0 0.298489
 0 0.294249
 0 0.299511
 0 0.292245
 0 0.29565
 0 0.299012
 0 0.295125
 0 0.291407
 0 0.297039
 0 0.284518
 0 0.291328
 0 0.293436
 0 0.286046
 0 0.28715
 0 0.291755
 0 0.288039
 0 0.289461
 0 0.296755
 0 0.280387
 0 0.296646
 0 0.291416
 0 0.287048
 0 0.290443
 0 0.297504
 0 0.29227
 0 0.29991
 0 0.293269
 0 0.287128
 0 0.290619
 0 0.284067
 0 0.282939
 0 0.280563
 0 0.290012
 0 0.285663
 0 0.288118
 0 0.287649
 0 0.2975
 0 0.285085
 0 0.285163
 0 0.284919
 0 0.281113
 0 0.290404
 0 0.286239
 0 0.288214
 0 0.288651
 0 0.283984
 0 0.285892
 0 0.289935
 0 0.287533
 0 0.286389
 0 0.287804
 0 0.281938
 0 0.288971
 0 0.304757
 0 0.286301
 0 0.28647
 0 0.290912
 0 0.293159
 0 0.294525
 0 0.313573
 0 0.285066
 0 0.285608
 0 0.294671
 0 0.291179
 0 0.283566
 0 0.28855
 0 0.281203
 0 0.286383
 0 0.288801
 0 0.297206
 0 0.290406
 0 0.29327
 0 0.304793
 0 0.290239
 0 0.29128
 0 0.285315
 0 0.278343
 0 0.297137
 0 0.295202
 0 0.284597
 0 0.293862
 0 0.290648
 0 0.293596
 0 0.288083
 0 0.297771
 0 0.28728
 0 0.291074
 0 0.285082
 0 0.298936
 0 0.286746
 0 0.272573
 0 0.284061
 0 0.286899
 0 0.280052
 0 0.287587
 0 0.290621
 0 0.294465
 0 0.28956
 0 0.294335
 0 0.303943
 0 0.285504
 0 0.291461
 0 0.295437
 0 0.296593
 0 0.285749
 0 0.291785
 0 0.297133
 0 0.28475
 0 0.285644
 0 0.28739
 0 0.283251
 0 0.290436
 0 0.290135
 0 0.298337
 0 0.298895
 0 0.295301
 0 0.290748
 0 0.289412
 0 0.294286
 0 0.298869
 0 0.279722
 0 0.289422
 0 0.279665
 0 0.285858
 0 0.285499
 0 0.288037
 0 0.286626
 0 0.286957
 0 0.288852
 0 0.289123
 0 0.287139
 0 0.283575
 0 0.287306
 0 0.288967
 0 0.298439
 0 0.301048
 0 0.28567
 0 0.286289
 0 0.287817
 0 0.291713
 0 0.281997
 0 0.287651
 0 0.28819
 0 0.295124
 0 0.281733
 0 0.296292
 0 0.274649
 0 0.2966
 0 0.288237
 0 0.293463
 0 0.293099
 0 0.282998
 0 0.291421
 0 0.290692
 0 0.294772
 0 0.29354
 0 0.286438
 0 0.28992
 0 0.282004
 0 0.274751
 0 0.283191
 0 0.293685
 0 0.282638
 0 0.288333
 0 0.28259
 0 0.281051
 0 0.284109
 0 0.294709
 0 0.282114
 0 0.287104
 0 0.28789
 0 0.291555
 0 0.287335
 0 0.287245
 0 0.28939
 0 0.284257
 0 0.283016
 0 0.288452
 0 0.292141
 0 0.278786
 0 0.295498
 0 0.280459
 0 0.281513
 0 0.289902
 0 0.287174
 0 0.28836
 0 0.295514
 0 0.289253
 0 0.291691
 0 0.285181
 0 0.289916
 0 0.292096
 0 0.292158
 0 0.297059
 0 0.290187
 0 0.277526
 0 0.287421
 0 0.301931
 0 0.292477
 0 0.291689
 0 0.29662
 0 0.287984
 0 0.286672
 0 0.292416
 0 0.299392
 0 0.296326
 0 0.290606
 0 0.290727
 0 0.300141
 0 0.28633
 0 0.294817
 0 0.30115
 0 0.297039
 0 0.292602
 0 0.290408
 0 0.29403
 0 0.29702
 0 0.293919
 0 0.297005
 0 0.291533
 0 0.299769
 0 0.282658
 0 0.292313
 0 0.287676
 0 0.285844
 0 0.279209
 0 0.284413
 0 0.283379
 0 0.296202
 0 0.288677
 0 0.297266
 0 0.289172
 0 0.290485
 0 0.294984
 0 0.28638
 0 0.27738
 0 0.275174
 0 0.304244
 0 0.288259
 0 0.283296
 0 0.289352
 0 0.288229
 0 0.293369
 0 0.292095
 0 0.289024
 0 0.292407
 0 0.294989
 0 0.275279
 0 0.290423
 0 0.288196
 0 0.288754
 0 0.295834
 0 0.291503
 0 0.292832
 0 0.293373
 0 0.293217
 0 0.285178
 0 0.297373
 0 0.307579
 0 0.286909
 0 0.291332
 0 0.293449
 0 0.285827
 0 0.295146
 0 0.290708
 0 0.288441
 0 0.287548
 0 0.284074
 0 0.283122
 0 0.294166
 0 0.295598
 0 0.291145
 0 0.304125
 0 0.291803
 0 0.286766
 0 0.280222
 0 0.285702
 0 0.29324
 0 0.304796
 0 0.294552
 0 0.297298
 0 0.290994
 0 0.294591
 0 0.283945
 0 0.294863
 0 0.290229
 0 0.28268
 0 0.280104
 0 0.288666
 0 0.289498
 0 0.298412
 0 0.297053
 0 0.291362
 0 0.29488
 0 0.287764
 0 0.287932
 0 0.298384
 0 0.303199
 0 0.2851
 0 0.293386
 0 0.290831
 0 0.294385
 0 0.281647
 0 0.293496
 0 0.28459
 0 0.286248
 0 0.298611
 0 0.288895
 0 0.291353
 0 0.294419
 0 0.292754
 0 0.286344
 0 0.285458
 0 0.303043
 0 0.296494
 0 0.292281
 0 0.288163
 0 0.29418
 0 0.289791
 0 0.295368
 0 0.294213
 0 0.29243
 0 0.292394
 0 0.290166
 0 0.290477
 0 0.292237
 0 0.293163
 0 0.293007
 0 0.293123
 0 0.297309
 0 0.290171
 0 0.296725
 0 0.29218
 0 0.297729
 0 0.288885
 0 0.297749
 0 0.303929
 0 0.295282
 0 0.294731
