535 1 0 0 1
 0 0.560204
 0 0.595802
 0 0.585728
 0 0.572854
 0 0.566098
 0 0.565988
 0 0.593054
 0 0.57598
 0 0.57614
 0 0.612816
 0 0.594696
 0 0.596066
 0 0.610116
 0 0.593372
 0 0.598316
 0 0.568314
 0 0.558638
 0 0.559962
 0 0.58835
 0 0.56268
 0 0.554502
 0 0.572632
 0 0.582084
 0 0.59417
 0 0.599252
 0 0.58712
 0 0.585452
 0 0.579904
 0 0.596026
 0 0.586888
 0 0.595442
 0 0.59813
 0 0.585096
 0 0.581524
 0 0.592456
 0 0.572502
 0 0.58769
 0 0.587358
 0 0.614806
 0 0.58054
 0 0.572464
 0 0.600202
 0 0.560376
 0 0.58997
 0 0.580384
 0 0.571044
 0 0.578804
 0 0.581698
 0 0.574064
 0 0.628092
 0 0.587932
 0 0.598232
 0 0.569426
 0 0.582288
 0 0.592388
 0 0.594398
 0 0.571216
 0 0.612102
 0 0.590676
 0 0.595024
 0 0.55706
 0 0.56955
 0 0.604432
 0 0.565292
 0 0.56607
 0 0.574762
 0 0.591034
 0 0.602402
 0 0.594698
 0 0.580218
 0 0.587904
 0 0.60142
 0 0.590536
 0 0.586884
 0 0.575812
 0 0.559498
 0 0.55446
 0 0.556108
 0 0.580564
 0 0.595718
 0 0.586654
 0 0.5917
 0 0.612362
 0 0.567266
 0 0.587016
 0 0.57823
 0 0.5763
 0 0.567202
 0 0.576884
 0 0.574312
 0 0.574674
 0 0.587908
 0 0.59708
 0 0.591392
 0 0.617368
 0 0.604024
 0 0.596636
 0 0.624038
 0 0.613022
 0 0.604408
 0 0.58935
 0 0.57657
 0 0.57589
 0 0.583868
 0 0.558198
 0 0.607238
 0 0.565788
 0 0.557704
 0 0.58926
 0 0.58794
 0 0.566052
 0 0.574774
 0 0.59475
 0 0.559876
 0 0.597964
 0 0.554944
 0 0.570564
 0 0.60745
 0 0.586884
 0 0.600854
 0 0.58997
 0 0.594846
 0 0.590728
 0 0.595948
 0 0.563922
 0 0.576554
 0 0.600998
 0 0.589638
 0 0.58957
 0 0.60262
 0 0.58595
 0 0.575726
 0 0.601746
 0 0.583846
 0 0.59909
 0 0.563916
 0 0.584526
 0 0.574682
 0 0.588562
 0 0.59179
 0 0.569858
 0 0.588422
 0 0.596356
 0 0.579028
 0 0.569186
 0 0.552932
 0 0.601786
 0 0.593812
 0 0.615372
 0 0.602114
 0 0.608788
 0 0.554868
 0 0.595926
 0 0.590094
 0 0.58076
 0 0.576976
 0 0.589592
 0 0.578284
 0 0.594238
 0 0.559028
 0 0.577468
 0 0.57709
 0 0.568426
 0 0.561406
 0 0.593468
 0 0.556832
 0 0.58208
 0 0.586096
 0 0.580624
 0 0.56612
 0 0.582248
 0 0.622486
 0 0.591154
 0 0.585648
 0 0.55434
 0 0.599064
 0 0.597384
 0 0.570186
 0 0.59867
 0 0.578546
 0 0.57675
 0 0.57417
 0 0.587114
 0 0.582422
 0 0.601032
 0 0.557454
 0 0.592936
 0 0.567788
 0 0.601712
 0 0.59294
 0 0.61004
 0 0.561254
 0 0.614202
 0 0.568276
 0 0.61055
 0 0.620908
 0 0.583054
 0 0.58995
 0 0.620322
 0 0.588082
 0 0.594376
 0 0.632604
 0 0.587274
 0 0.572532
 0 0.608886
 0 0.55826
 0 0.60216
 0 0.628484
 0 0.602908
 0 0.556508
 0 0.575762
 0 0.586016
 0 0.564508
 0 0.588594
 0 0.578158
 0 0.558768
 0 0.576962
 0 0.57411
 0 0.564738
 0 0.571646
 0 0.553456
 0 0.615128
 0 0.574624
 0 0.548854
 0 0.588886
 0 0.57606
 0 0.580064
 0 0.563338
 0 0.5792
 0 0.597728
 0 0.561754
 0 0.569888
 0 0.5883
 0 0.55053
 0 0.584214
 0 0.539338
 0 0.56722
 0 0.614692
 0 0.556178
 0 0.568626
 0 0.57815
 0 0.561786
 0 0.552382
 0 0.598622
 0 0.579442
 0 0.587068
 0 0.583216
 0 0.587274
 0 0.595456
 0 0.59141
 0 0.590818
 0 0.55926
 0 0.586302
 0 0.589612
 0 0.56682
 0 0.627638
 0 0.5728
 0 0.590484
 0 0.626138
 0 0.597918
 0 0.555048
 0 0.579532
 0 0.58166
 0 0.578502
 0 0.592786
 0 0.585334
 0 0.582328
 0 0.596894
 0 0.590374
 0 0.579482
 0 0.567126
 0 0.56754
 0 0.582352
 0 0.598268
 0 0.58086
 0 0.5692
 0 0.601792
 0 0.56746
 0 0.571224
 0 0.596798
 0 0.595902
 0 0.569656
 0 0.583704
 0 0.565196
 0 0.596078
 0 0.596602
 0 0.567764
 0 0.56819
 0 0.596066
 0 0.56942
 0 0.597788
 0 0.578336
 0 0.562788
 0 0.585552
 0 0.59058
 0 0.60559
 0 0.590016
 0 0.593812
 0 0.565308
 0 0.579454
 0 0.590022
 0 0.594054
 0 0.600938
 0 0.591604
 0 0.559896
 0 0.570978
 0 0.568634
 0 0.593726
 0 0.583826
 0 0.586472
 0 0.579344
 0 0.605712
 0 0.59251
 0 0.579256
 0 0.55847
 0 0.583002
 0 0.588714
 0 0.577852
 0 0.568226
 0 0.566722
 0 0.572438
 0 0.582532
 0 0.581444
 0 0.598278
 0 0.579746
 0 0.573176
 0 0.566808
 0 0.586024
 0 0.54335
 0 0.580146
 0 0.602502
 0 0.60721
 0 0.572134
 0 0.591008
 0 0.597212
 0 0.601326
 0 0.570056
 0 0.583716
 0 0.615234
 0 0.603854
 0 0.587106
 0 0.60979
 0 0.542014
 0 0.577318
 0 0.595912
 0 0.554392
 0 0.577862
 0 0.576642
 0 0.583282
 0 0.588454
 0 0.576416
 0 0.589478
 0 0.60679
 0 0.588118
 0 0.589054
 0 0.553472
 0 0.553346
 0 0.579816
 0 0.547018
 0 0.569084
 0 0.561604
 0 0.563798
 0 0.595836
 0 0.614018
 0 0.565634
 0 0.579846
 0 0.57023
 0 0.589256
 0 0.585732
 0 0.580348
 0 0.586626
 0 0.539326
 0 0.555518
 0 0.58042
 0 0.610374
 0 0.557146
 0 0.593752
 0 0.563812
 0 0.593008
 0 0.59733
 0 0.557052
 0 0.563788
 0 0.597866
 0 0.594398
 0 0.577702
 0 0.583936
 0 0.585362
 0 0.587662
 0 0.598518
 0 0.59568
 0 0.603452
 0 0.567856
 0 0.588142
 0 0.600626
 0 0.562512
 0 0.578234
 0 0.584146
 0 0.575682
 0 0.593804
 0 0.6083
 0 0.59116
 0 0.602702
 0 0.58033
 0 0.62404
 0 0.597898
 0 0.569544
 0 0.585422
 0 0.608028
 0 0.633194
 0 0.593636
 0 0.569772
 0 0.576688
 0 0.566518
 0 0.612742
 0 0.60082
 0 0.597498
 0 0.608306
 0 0.575806
 0 0.578962
 0 0.58559
 0 0.578608
 0 0.590366
 0 0.55719
 0 0.595404
 0 0.597672
 0 0.57156
 0 0.608902
 0 0.579604
 0 0.595042
 0 0.572792
 0 0.595482
 0 0.581194
 0 0.54256
 0 0.601398
 0 0.580412
 0 0.58196
 0 0.570182
 0 0.572514
 0 0.570518
 0 0.595646
 0 0.58701
 0 0.591432
 0 0.622732
 0 0.578446
 0 0.602418
 0 0.593252
 0 0.57591
 0 0.57012
 0 0.586332
 0 0.596768
 0 0.5645
 0 0.5971
 0 0.572694
 0 0.573252
 0 0.622956
 0 0.577028
 0 0.598494
 0 0.585944
 0 0.562856
 0 0.597332
 0 0.558872
 0 0.593682
 0 0.585348
 0 0.57611
 0 0.55264
 0 0.587278
 0 0.593718
 0 0.589948
 0 0.624962
 0 0.61183
 0 0.571292
 0 0.574894
 0 0.58909
 0 0.59123
 0 0.62302
 0 0.597154
 0 0.605022
 0 0.588672
 0 0.598916
 0 0.577966
 0 0.572204
 0 0.591328
 0 0.561156
 0 0.565318
 0 0.576192
 0 0.601344
 0 0.589488
 0 0.580006
 0 0.57567
 0 0.572356
 0 0.56275
 0 0.550016
 0 0.565784
 0 0.562498
 0 0.592918
 0 0.59498
 0 0.569732
 0 0.584284
 0 0.565928
 0 0.546582
 0 0.57799
 0 0.585018
 0 0.57943
 0 0.619378
 0 0.589876
 0 0.591922
 0 0.602622
 0 0.587732
 0 0.56953
 0 0.582454
 0 0.595312
 0 0.595168
 0 0.581584
 0 0.588602
 0 0.556328
 0 0.591174
 0 0.588568
 0 0.573144
 0 0.577116
 0 0.600764
 0 0.57866
 0 0.609226
 0 0.58498
 0 0.589822
 0 0.57581
 0 0.614986
 0 0.564644
 0 0.580464
 0 0.565634
 0 0.608182
 0 0.573574
 0 0.592218
 0 0.604912
 0 0.582006
 0 0.569934
