535 1 0 0 1
 0 0.230983
 0 0.235006
 0 0.242629
 0 0.238265
 0 0.242844
 0 0.242343
 0 0.238924
 0 0.246205
 0 0.245667
 0 0.237733
 0 0.240073
 0 0.240842
 0 0.246505
 0 0.247003
 0 0.247537
 0 0.242983
 0 0.246811
 0 0.237002
 0 0.248129
 0 0.244568
 0 0.240653
 0 0.242471
 0 0.241286
 0 0.242829
 0 0.250601
 0 0.245455
 0 0.243695
 0 0.246627
 0 0.239066
 0 0.240514
 0 0.250654
 0 0.24127
 0 0.248426
 0 0.25211
 0 0.245422
 0 0.242942
 0 0.248153
 0 0.249192
 0 0.240864
 0 0.243817
 0 0.240233
 0 0.241446
 0 0.236779
 0 0.247489
 0 0.243303
 0 0.242821
 0 0.248595
 0 0.248432
 0 0.247974
 0 0.254302
 0 0.252409
 0 0.245414
 0 0.238437
 0 0.247189
 0 0.238399
 0 0.246635
 0 0.240554
 0 0.243415
 0 0.238082
 0 0.229934
 0 0.22943
 0 0.241338
 0 0.24253
 0 0.24347
 0 0.235346
 0 0.244004
 0 0.235107
 0 0.24053
 0 0.244303
 0 0.249517
 0 0.240343
 0 0.24631
 0 0.251799
 0 0.239735
 0 0.233728
 0 0.241736
 0 0.235323
 0 0.242397
 0 0.234067
 0 0.249688
 0 0.242194
 0 0.235109
 0 0.242104
 0 0.243302
 0 0.246005
 0 0.233413
 0 0.248572
 0 0.245815
 0 0.240861
 0 0.243885
 0 0.245703
 0 0.242094
 0 0.246269
 0 0.24261
 0 0.245366
 0 0.248695
 0 0.250976
 0 0.252105
 0 0.251508
 0 0.25481
 0 0.2381
 0 0.244558
 0 0.238564
 0 0.238471
 0 0.250959
 0 0.244204
 0 0.248925
 0 0.243682
 0 0.236993
 0 0.251658
 0 0.245901
 0 0.246712
 0 0.239497
 0 0.23979
 0 0.242769
 0 0.240197
 0 0.232677
 0 0.247953
 0 0.250602
 0 0.248706
 0 0.252394
 0 0.249571
 0 0.24137
 0 0.251359
 0 0.239678
 0 0.240052
 0 0.251836
 0 0.252947
 0 0.250261
 0 0.245379
 0 0.249974
 0 0.24438
 0 0.249061
 0 0.25329
 0 0.246621
 0 0.252001
 0 0.241592
 0 0.231589
 0 0.248692
 0 0.243205
 0 0.239656
 0 0.236017
 0 0.245851
 0 0.236892
 0 0.23971
 0 0.243518
 0 0.245609
 0 0.249909
 0 0.248281
 0 0.241802
 0 0.241432
 0 0.248512
 0 0.241564
 0 0.248751
 0 0.248692
 0 0.244555
 0 0.251373
 0 0.246325
 0 0.248422
 0 0.243352
 0 0.251648
 0 0.236089
 0 0.251482
 0 0.237839
 0 0.245939
 0 0.239951
 0 0.235413
 0 0.241121
 0 0.244225
 0 0.242429
 0 0.241844
 0 0.242211
 0 0.237749
 0 0.240126
 0 0.243415
 0 0.236233
 0 0.251897
 0 0.24276
 0 0.244891
 0 0.25078
 0 0.240057
 0 0.246458
 0 0.247956
 0 0.246907
 0 0.252322
 0 0.248622
 0 0.257833
 0 0.23655
 0 0.251357
 0 0.248301
 0 0.250399
 0 0.248907
 0 0.251279
 0 0.246306
 0 0.244383
 0 0.253055
 0 0.246113
 0 0.242144
 0 0.252941
 0 0.247235
 0 0.249029
 0 0.248919
 0 0.240796
 0 0.246178
 0 0.247377
 0 0.244925
 0 0.240558
 0 0.245371
 0 0.243495
 0 0.23825
 0 0.245617
 0 0.234189
 0 0.23333
 0 0.236183
 0 0.243808
 0 0.234057
 0 0.245231
 0 0.243905
 0 0.238314
 0 0.246853
 0 0.234633
 0 0.248935
 0 0.242942
 0 0.239553
 0 0.241692
 0 0.237788
 0 0.231709
 0 0.229472
 0 0.237923
 0 0.241379
 0 0.239731
 0 0.236918
 0 0.246166
 0 0.239938
 0 0.240636
 0 0.244498
 0 0.231908
 0 0.246241
 0 0.246719
 0 0.241894
 0 0.249443
 0 0.236628
 0 0.234229
 0 0.237429
 0 0.241837
 0 0.232927
 0 0.239613
 0 0.253091
 0 0.251877
 0 0.240107
 0 0.242496
 0 0.243056
 0 0.247964
 0 0.246864
 0 0.243472
 0 0.251865
 0 0.246939
 0 0.244782
 0 0.254262
 0 0.249713
 0 0.249517
 0 0.235273
 0 0.236744
 0 0.23652
 0 0.241528
 0 0.250785
 0 0.24217
 0 0.256749
 0 0.251266
 0 0.236293
 0 0.244991
 0 0.244141
 0 0.241439
 0 0.25202
 0 0.243521
 0 0.245453
 0 0.238848
 0 0.238453
 0 0.249089
 0 0.248108
 0 0.25077
 0 0.246936
 0 0.242733
 0 0.243133
 0 0.242854
 0 0.240943
 0 0.239653
 0 0.240348
 0 0.237311
 0 0.243951
 0 0.243338
 0 0.244052
 0 0.246093
 0 0.246543
 0 0.247045
 0 0.245733
 0 0.244188
 0 0.249694
 0 0.243535
 0 0.249245
 0 0.250149
 0 0.242794
 0 0.244302
 0 0.240012
 0 0.234235
 0 0.247479
 0 0.236355
 0 0.24766
 0 0.249177
 0 0.240277
 0 0.244274
 0 0.248955
 0 0.243527
 0 0.250135
 0 0.247834
 0 0.248423
 0 0.23811
 0 0.243404
 0 0.235242
 0 0.239964
 0 0.239446
 0 0.239213
 0 0.243237
 0 0.241627
 0 0.240786
 0 0.249063
 0 0.247803
 0 0.234034
 0 0.243452
 0 0.23661
 0 0.250262
 0 0.249557
 0 0.241855
 0 0.248076
 0 0.247592
 0 0.236779
 0 0.24483
 0 0.243201
 0 0.24568
 0 0.245592
 0 0.235284
 0 0.231472
 0 0.240757
 0 0.240243
 0 0.250033
 0 0.24445
 0 0.234929
 0 0.241517
 0 0.238362
 0 0.244374
 0 0.24988
 0 0.2546
 0 0.250223
 0 0.239566
 0 0.242551
 0 0.234118
 0 0.242909
 0 0.241411
 0 0.241479
 0 0.240346
 0 0.239343
 0 0.237808
 0 0.243134
 0 0.242014
 0 0.238867
 0 0.241301
 0 0.238011
 0 0.244912
 0 0.252657
 0 0.242769
 0 0.242188
 0 0.231904
 0 0.242092
 0 0.240142
 0 0.248605
 0 0.22501
 0 0.241601
 0 0.232257
 0 0.232899
 0 0.244411
 0 0.2471
 0 0.246608
 0 0.237764
 0 0.239801
 0 0.237748
 0 0.238006
 0 0.242599
 0 0.243384
 0 0.245899
 0 0.245957
 0 0.246592
 0 0.231971
 0 0.23613
 0 0.256895
 0 0.245786
 0 0.241511
 0 0.245257
 0 0.24929
 0 0.2482
 0 0.248784
 0 0.241439
 0 0.241886
 0 0.246959
 0 0.250503
 0 0.250356
 0 0.246784
 0 0.25529
 0 0.252139
 0 0.245893
 0 0.246864
 0 0.240344
 0 0.236341
 0 0.238216
 0 0.244189
 0 0.245707
 0 0.241222
 0 0.248536
 0 0.242956
 0 0.235312
 0 0.241689
 0 0.237284
 0 0.235772
 0 0.237118
 0 0.244262
 0 0.248159
 0 0.240119
 0 0.243481
 0 0.229918
 0 0.25064
 0 0.244401
 0 0.238384
 0 0.235213
 0 0.232997
 0 0.241311
 0 0.239987
 0 0.24184
 0 0.235008
 0 0.238396
 0 0.239134
 0 0.245307
 0 0.248712
 0 0.252543
 0 0.247615
 0 0.244887
 0 0.231852
 0 0.246765
 0 0.245864
 0 0.240012
 0 0.242113
 0 0.246991
 0 0.249211
 0 0.245105
 0 0.240695
 0 0.243652
 0 0.253058
 0 0.245911
 0 0.249204
 0 0.245806
 0 0.245659
 0 0.241218
 0 0.248765
 0 0.251999
 0 0.24461
 0 0.239902
 0 0.241013
 0 0.236891
 0 0.240658
 0 0.243143
 0 0.250183
 0 0.242838
 0 0.250847
 0 0.245362
 0 0.246141
 0 0.245232
 0 0.257524
 0 0.249405
 0 0.24979
 0 0.249696
 0 0.241704
 0 0.247885
 0 0.250717
 0 0.252222
 0 0.245
 0 0.248374
 0 0.251377
 0 0.247397
 0 0.235211
 0 0.240903
 0 0.246682
 0 0.243168
 0 0.244003
 0 0.235168
 0 0.249517
 0 0.243055
 0 0.240792
 0 0.247405
 0 0.248269
 0 0.241172
 0 0.237623
 0 0.232541
 0 0.244382
 0 0.237637
 0 0.24463
 0 0.242243
 0 0.240658
 0 0.241528
 0 0.245672
 0 0.239841
 0 0.238056
 0 0.2378
 0 0.250476
 0 0.247059
 0 0.231978
 0 0.248999
 0 0.244395
 0 0.252176
 0 0.24346
 0 0.244648
 0 0.24356
 0 0.237798
 0 0.237536
 0 0.241773
 0 0.250034
 0 0.241434
 0 0.246856
 0 0.260332
 0 0.251456
 0 0.250771
 0 0.248809
 0 0.252462
 0 0.251013
 0 0.252095
 0 0.248587
 0 0.24476
 0 0.247548
