535 1 0 0 1
 0 0.608444
 0 0.617011
 0 0.620045
 0 0.615269
 0 0.636207
 0 0.636562
 0 0.62309
 0 0.631467
 0 0.635517
 0 0.621793
 0 0.640337
 0 0.640222
 0 0.622182
 0 0.61125
 0 0.652266
 0 0.605012
 0 0.608043
 0 0.623203
 0 0.617161
 0 0.623911
 0 0.614289
 0 0.626625
 0 0.618046
 0 0.62308
 0 0.634934
 0 0.606345
 0 0.629017
 0 0.647333
 0 0.637568
 0 0.617487
 0 0.627926
 0 0.629687
 0 0.649771
 0 0.624048
 0 0.631
 0 0.623144
 0 0.636394
 0 0.618506
 0 0.615426
 0 0.656572
 0 0.612085
 0 0.605187
 0 0.633738
 0 0.645244
 0 0.608327
 0 0.627172
 0 0.612395
 0 0.622017
 0 0.644145
 0 0.615753
 0 0.632435
 0 0.64002
 0 0.597427
 0 0.628729
 0 0.602509
 0 0.62835
 0 0.621902
 0 0.606631
 0 0.63707
 0 0.608801
 0 0.585067
 0 0.625427
 0 0.610748
 0 0.614083
 0 0.611173
 0 0.620293
 0 0.60428
 0 0.64387
 0 0.638984
 0 0.620291
 0 0.633478
 0 0.640956
 0 0.604092
 0 0.634811
 0 0.628914
 0 0.612823
 0 0.600224
 0 0.618395
 0 0.627228
 0 0.627698
 0 0.601876
 0 0.617092
 0 0.640654
 0 0.599375
 0 0.638992
 0 0.617929
 0 0.614315
 0 0.605139
 0 0.608604
 0 0.632968
 0 0.607495
 0 0.617883
 0 0.619432
 0 0.590647
 0 0.631326
 0 0.623003
 0 0.655259
 0 0.645191
 0 0.630548
 0 0.628291
 0 0.622372
 0 0.623386
 0 0.615428
 0 0.623273
 0 0.618455
 0 0.664622
 0 0.616971
 0 0.613147
 0 0.632409
 0 0.63269
 0 0.630191
 0 0.631905
 0 0.639431
 0 0.600591
 0 0.603393
 0 0.583316
 0 0.628783
 0 0.628106
 0 0.660329
 0 0.615816
 0 0.662257
 0 0.642896
 0 0.622836
 0 0.634105
 0 0.64317
 0 0.611504
 0 0.611554
 0 0.632482
 0 0.621521
 0 0.631183
 0 0.620716
 0 0.632845
 0 0.621037
 0 0.632185
 0 0.605486
 0 0.619897
 0 0.612452
 0 0.635406
 0 0.635844
 0 0.60724
 0 0.637241
 0 0.605145
 0 0.639048
 0 0.605639
 0 0.61055
 0 0.61153
 0 0.630439
 0 0.644147
 0 0.6501
 0 0.617241
 0 0.62412
 0 0.628382
 0 0.633204
 0 0.628253
 0 0.583046
 0 0.661747
 0 0.634103
 0 0.642537
 0 0.647109
 0 0.627678
 0 0.637608
 0 0.619766
 0 0.64386
 0 0.59396
 0 0.611127
 0 0.636156
 0 0.622031
 0 0.601325
 0 0.641547
 0 0.645506
 0 0.627014
 0 0.654759
 0 0.642743
 0 0.610528
 0 0.624606
 0 0.609205
 0 0.648458
 0 0.598214
 0 0.638106
 0 0.630899
 0 0.607386
 0 0.634192
 0 0.623661
 0 0.626486
 0 0.64403
 0 0.599873
 0 0.635622
 0 0.608586
 0 0.644885
 0 0.625861
 0 0.616251
 0 0.607249
 0 0.64356
 0 0.62863
 0 0.627244
 0 0.63301
 0 0.605212
 0 0.631237
 0 0.656957
 0 0.60362
 0 0.646228
 0 0.643622
 0 0.604887
 0 0.636483
 0 0.638889
 0 0.601955
 0 0.628902
 0 0.646623
 0 0.605613
 0 0.601914
 0 0.633081
 0 0.607261
 0 0.616269
 0 0.630062
 0 0.643168
 0 0.623209
 0 0.60377
 0 0.609443
 0 0.608432
 0 0.617054
 0 0.626317
 0 0.63851
 0 0.616685
 0 0.636564
 0 0.632464
 0 0.629743
 0 0.606283
 0 0.610368
 0 0.584687
 0 0.599857
 0 0.610965
 0 0.618103
 0 0.633093
 0 0.590798
 0 0.629908
 0 0.611831
 0 0.589862
 0 0.636919
 0 0.61825
 0 0.612476
 0 0.620706
 0 0.624665
 0 0.611683
 0 0.613625
 0 0.616078
 0 0.617717
 0 0.598103
 0 0.592081
 0 0.6091
 0 0.627432
 0 0.624788
 0 0.644082
 0 0.617891
 0 0.618796
 0 0.61928
 0 0.626811
 0 0.616336
 0 0.612268
 0 0.664693
 0 0.644401
 0 0.634944
 0 0.638615
 0 0.616794
 0 0.624679
 0 0.620178
 0 0.631909
 0 0.642158
 0 0.619444
 0 0.650491
 0 0.631161
 0 0.620821
 0 0.598655
 0 0.62333
 0 0.634071
 0 0.625677
 0 0.619105
 0 0.635934
 0 0.632443
 0 0.63906
 0 0.62718
 0 0.610824
 0 0.605224
 0 0.643566
 0 0.624336
 0 0.647371
 0 0.622328
 0 0.588039
 0 0.61078
 0 0.631181
 0 0.611905
 0 0.620664
 0 0.612788
 0 0.62353
 0 0.637499
 0 0.601608
 0 0.619817
 0 0.640067
 0 0.644324
 0 0.612452
 0 0.635216
 0 0.605296
 0 0.628067
 0 0.664786
 0 0.632121
 0 0.60962
 0 0.639661
 0 0.595374
 0 0.629898
 0 0.630895
 0 0.623471
 0 0.631008
 0 0.626436
 0 0.639054
 0 0.613514
 0 0.601313
 0 0.664657
 0 0.612143
 0 0.632909
 0 0.62123
 0 0.613944
 0 0.608569
 0 0.620898
 0 0.610778
 0 0.626694
 0 0.633117
 0 0.617927
 0 0.618199
 0 0.604851
 0 0.634658
 0 0.630675
 0 0.640771
 0 0.634811
 0 0.610873
 0 0.630001
 0 0.59052
 0 0.616931
 0 0.618996
 0 0.644391
 0 0.625581
 0 0.62523
 0 0.625881
 0 0.651937
 0 0.617421
 0 0.622011
 0 0.62217
 0 0.612817
 0 0.618395
 0 0.62305
 0 0.642777
 0 0.590826
 0 0.627991
 0 0.62088
 0 0.61872
 0 0.637459
 0 0.64606
 0 0.592307
 0 0.622646
 0 0.630532
 0 0.606151
 0 0.62743
 0 0.608975
 0 0.59491
 0 0.602166
 0 0.653065
 0 0.60403
 0 0.605601
 0 0.615217
 0 0.626779
 0 0.631925
 0 0.607115
 0 0.643388
 0 0.625685
 0 0.594908
 0 0.596624
 0 0.632841
 0 0.598772
 0 0.618369
 0 0.598667
 0 0.619762
 0 0.618498
 0 0.582181
 0 0.620474
 0 0.619849
 0 0.607013
 0 0.626317
 0 0.573868
 0 0.615957
 0 0.62888
 0 0.619581
 0 0.626085
 0 0.641142
 0 0.595152
 0 0.622824
 0 0.630939
 0 0.608487
 0 0.613712
 0 0.623356
 0 0.640186
 0 0.637735
 0 0.645252
 0 0.624804
 0 0.631062
 0 0.615059
 0 0.633819
 0 0.631256
 0 0.62907
 0 0.637086
 0 0.642686
 0 0.646097
 0 0.632903
 0 0.635434
 0 0.613702
 0 0.638548
 0 0.646569
 0 0.641132
 0 0.621412
 0 0.643013
 0 0.622757
 0 0.639546
 0 0.594938
 0 0.651558
 0 0.6101
 0 0.611494
 0 0.643481
 0 0.627192
 0 0.628565
 0 0.622184
 0 0.585793
 0 0.606752
 0 0.625702
 0 0.604845
 0 0.607981
 0 0.616786
 0 0.620244
 0 0.617675
 0 0.603584
 0 0.614829
 0 0.646409
 0 0.616469
 0 0.626284
 0 0.616092
 0 0.619044
 0 0.617776
 0 0.600392
 0 0.655307
 0 0.622902
 0 0.629864
 0 0.652734
 0 0.629858
 0 0.621583
 0 0.622178
 0 0.634345
 0 0.620527
 0 0.636862
 0 0.635164
 0 0.636074
 0 0.632197
 0 0.632792
 0 0.598335
 0 0.643878
 0 0.634553
 0 0.632726
 0 0.671013
 0 0.631133
 0 0.594118
 0 0.604599
 0 0.624844
 0 0.593382
 0 0.678368
 0 0.637766
 0 0.609552
 0 0.616261
 0 0.641206
 0 0.634656
 0 0.68721
 0 0.636293
 0 0.625151
 0 0.629314
 0 0.631433
 0 0.618363
 0 0.630114
 0 0.621704
 0 0.634424
 0 0.623449
 0 0.607962
 0 0.639036
 0 0.617665
 0 0.61002
 0 0.59368
 0 0.614226
 0 0.60867
 0 0.648638
 0 0.620976
 0 0.64067
 0 0.62267
 0 0.628093
 0 0.609894
 0 0.629005
 0 0.621487
 0 0.609546
 0 0.609747
 0 0.61656
 0 0.652637
 0 0.609933
 0 0.599801
 0 0.602898
 0 0.644854
 0 0.613508
 0 0.613986
 0 0.620537
 0 0.63513
 0 0.631266
 0 0.601805
 0 0.644161
 0 0.616058
 0 0.64001
 0 0.61132
 0 0.624859
 0 0.651272
 0 0.614962
 0 0.603568
 0 0.642799
 0 0.652476
 0 0.620039
 0 0.608789
 0 0.642763
 0 0.61968
 0 0.600246
 0 0.619893
 0 0.63197
 0 0.615751
 0 0.613418
 0 0.653508
 0 0.626226
 0 0.612696
