535 1 0 0 1
 0 0.259723
 0 0.265929
 0 0.262239
 0 0.265633
 0 0.26549
 0 0.262309
 0 0.269016
 0 0.262538
 0 0.267783
 0 0.268867
 0 0.27093
 0 0.266538
 0 0.27462
 0 0.265389
 0 0.27705
 0 0.258871
 0 0.265043
 0 0.259028
 0 0.270049
 0 0.256926
 0 0.254756
 0 0.268112
 0 0.263924
 0 0.271957
 0 0.285935
 0 0.269734
 0 0.275756
 0 0.272044
 0 0.268754
 0 0.276544
 0 0.277142
 0 0.26668
 0 0.275847
 0 0.268637
 0 0.281589
 0 0.261766
 0 0.269595
 0 0.274869
 0 0.27265
 0 0.270563
 0 0.277113
 0 0.276736
 0 0.261147
 0 0.276502
 0 0.267309
 0 0.261092
 0 0.268392
 0 0.270882
 0 0.265167
 0 0.275945
 0 0.272616
 0 0.279711
 0 0.261373
 0 0.271483
 0 0.262964
 0 0.265491
 0 0.258046
 0 0.282013
 0 0.276129
 0 0.265687
 0 0.259533
 0 0.268922
 0 0.271201
 0 0.262416
 0 0.262732
 0 0.263116
 0 0.268858
 0 0.274154
 0 0.272911
 0 0.271851
 0 0.268936
 0 0.272649
 0 0.269426
 0 0.269119
 0 0.262359
 0 0.266158
 0 0.264168
 0 0.265166
 0 0.266766
 0 0.273917
 0 0.2643
 0 0.273512
 0 0.275879
 0 0.272936
 0 0.26959
 0 0.260472
 0 0.279432
 0 0.263216
 0 0.269034
 0 0.274923
 0 0.258595
 0 0.272306
 0 0.271891
 0 0.273934
 0 0.273605
 0 0.276615
 0 0.276758
 0 0.274944
 0 0.286292
 0 0.282034
 0 0.260281
 0 0.262698
 0 0.274535
 0 0.26136
 0 0.26915
 0 0.276956
 0 0.265142
 0 0.263513
 0 0.273965
 0 0.275052
 0 0.264048
 0 0.271474
 0 0.265542
 0 0.25646
 0 0.261882
 0 0.263045
 0 0.27431
 0 0.276022
 0 0.267264
 0 0.275055
 0 0.273102
 0 0.268353
 0 0.27081
 0 0.273547
 0 0.265512
 0 0.269206
 0 0.274092
 0 0.279635
 0 0.271935
 0 0.269683
 0 0.268877
 0 0.265605
 0 0.270171
 0 0.268141
 0 0.273384
 0 0.264686
 0 0.267863
 0 0.260031
 0 0.272996
 0 0.261626
 0 0.265375
 0 0.276388
 0 0.258399
 0 0.267701
 0 0.265147
 0 0.262149
 0 0.273455
 0 0.278845
 0 0.275904
 0 0.27631
 0 0.27642
 0 0.267591
 0 0.272276
 0 0.269979
 0 0.26419
 0 0.271225
 0 0.273342
 0 0.268669
 0 0.272909
 0 0.259207
 0 0.269118
 0 0.262923
 0 0.262289
 0 0.25685
 0 0.266722
 0 0.263671
 0 0.263028
 0 0.269924
 0 0.265127
 0 0.265355
 0 0.272448
 0 0.284218
 0 0.269347
 0 0.269731
 0 0.25931
 0 0.273458
 0 0.277828
 0 0.270964
 0 0.275614
 0 0.277339
 0 0.26121
 0 0.268258
 0 0.269934
 0 0.261682
 0 0.275467
 0 0.260779
 0 0.277755
 0 0.255335
 0 0.273965
 0 0.276072
 0 0.273872
 0 0.262524
 0 0.267638
 0 0.27244
 0 0.277004
 0 0.278849
 0 0.26372
 0 0.265437
 0 0.281489
 0 0.262492
 0 0.271212
 0 0.28539
 0 0.268425
 0 0.271646
 0 0.282363
 0 0.269345
 0 0.270069
 0 0.282004
 0 0.265685
 0 0.258444
 0 0.267425
 0 0.265688
 0 0.261017
 0 0.268715
 0 0.269474
 0 0.261494
 0 0.27005
 0 0.266657
 0 0.268523
 0 0.263857
 0 0.257889
 0 0.27164
 0 0.272273
 0 0.260989
 0 0.257337
 0 0.268542
 0 0.261769
 0 0.258245
 0 0.251139
 0 0.266172
 0 0.262345
 0 0.259243
 0 0.265871
 0 0.259652
 0 0.261831
 0 0.263019
 0 0.255893
 0 0.277604
 0 0.269188
 0 0.259789
 0 0.26579
 0 0.267007
 0 0.261955
 0 0.270404
 0 0.260238
 0 0.260677
 0 0.263733
 0 0.269192
 0 0.273227
 0 0.267653
 0 0.268599
 0 0.262254
 0 0.264823
 0 0.268529
 0 0.265494
 0 0.277631
 0 0.269351
 0 0.268827
 0 0.279051
 0 0.274396
 0 0.269616
 0 0.266849
 0 0.261568
 0 0.261929
 0 0.267924
 0 0.271026
 0 0.266162
 0 0.265632
 0 0.271327
 0 0.266408
 0 0.278069
 0 0.271257
 0 0.266682
 0 0.275247
 0 0.262041
 0 0.268362
 0 0.267151
 0 0.262976
 0 0.269343
 0 0.274171
 0 0.271951
 0 0.273711
 0 0.265317
 0 0.269687
 0 0.264143
 0 0.275058
 0 0.263205
 0 0.260147
 0 0.271784
 0 0.268162
 0 0.2785
 0 0.266483
 0 0.258114
 0 0.267841
 0 0.266145
 0 0.276539
 0 0.267922
 0 0.272096
 0 0.26235
 0 0.268311
 0 0.268612
 0 0.260872
 0 0.271721
 0 0.264191
 0 0.254849
 0 0.270299
 0 0.257223
 0 0.270637
 0 0.275447
 0 0.270387
 0 0.278075
 0 0.282486
 0 0.275773
 0 0.272736
 0 0.263387
 0 0.2771
 0 0.265185
 0 0.253814
 0 0.259874
 0 0.259469
 0 0.267209
 0 0.261974
 0 0.260407
 0 0.267222
 0 0.261893
 0 0.266831
 0 0.263874
 0 0.267817
 0 0.259526
 0 0.273129
 0 0.278774
 0 0.271476
 0 0.259895
 0 0.277132
 0 0.271106
 0 0.268493
 0 0.266771
 0 0.273574
 0 0.272834
 0 0.273962
 0 0.271382
 0 0.272621
 0 0.257896
 0 0.264442
 0 0.265336
 0 0.255298
 0 0.256978
 0 0.267085
 0 0.265073
 0 0.267833
 0 0.266551
 0 0.272901
 0 0.279385
 0 0.272586
 0 0.268942
 0 0.257939
 0 0.25962
 0 0.277467
 0 0.254993
 0 0.261795
 0 0.258362
 0 0.265057
 0 0.2736
 0 0.280666
 0 0.25958
 0 0.263238
 0 0.269059
 0 0.260742
 0 0.276246
 0 0.262271
 0 0.268781
 0 0.26757
 0 0.257475
 0 0.261806
 0 0.27221
 0 0.248824
 0 0.276161
 0 0.255567
 0 0.271706
 0 0.271749
 0 0.262324
 0 0.268742
 0 0.260914
 0 0.265645
 0 0.265833
 0 0.267143
 0 0.263882
 0 0.27116
 0 0.27707
 0 0.281932
 0 0.274002
 0 0.260952
 0 0.26056
 0 0.273643
 0 0.261138
 0 0.266777
 0 0.267672
 0 0.27147
 0 0.275902
 0 0.272576
 0 0.268365
 0 0.267921
 0 0.266543
 0 0.28282
 0 0.269137
 0 0.263046
 0 0.282316
 0 0.280915
 0 0.283791
 0 0.274311
 0 0.254413
 0 0.272836
 0 0.270154
 0 0.27873
 0 0.271492
 0 0.264379
 0 0.276242
 0 0.26071
 0 0.265661
 0 0.266111
 0 0.266476
 0 0.266883
 0 0.264497
 0 0.270149
 0 0.277322
 0 0.26165
 0 0.280048
 0 0.255181
 0 0.271813
 0 0.257238
 0 0.262791
 0 0.262361
 0 0.262241
 0 0.272986
 0 0.265149
 0 0.270804
 0 0.261056
 0 0.264959
 0 0.26164
 0 0.273383
 0 0.267466
 0 0.269873
 0 0.280007
 0 0.267811
 0 0.274033
 0 0.271893
 0 0.268977
 0 0.268081
 0 0.271802
 0 0.267679
 0 0.263197
 0 0.272365
 0 0.264667
 0 0.272011
 0 0.288203
 0 0.268646
 0 0.279786
 0 0.263182
 0 0.266939
 0 0.271519
 0 0.263718
 0 0.267005
 0 0.266887
 0 0.259366
 0 0.256935
 0 0.266864
 0 0.283504
 0 0.263714
 0 0.281794
 0 0.268114
 0 0.264179
 0 0.265852
 0 0.271297
 0 0.275722
 0 0.286588
 0 0.280011
 0 0.278411
 0 0.278306
 0 0.274286
 0 0.267881
 0 0.273199
 0 0.270971
 0 0.264405
 0 0.269052
 0 0.269829
 0 0.274932
 0 0.271787
 0 0.274728
 0 0.26943
 0 0.269628
 0 0.265491
 0 0.254647
 0 0.268018
 0 0.266244
 0 0.263753
 0 0.274266
 0 0.270276
 0 0.271852
 0 0.264022
 0 0.262382
 0 0.26607
 0 0.269647
 0 0.277536
 0 0.277691
 0 0.272117
 0 0.274988
 0 0.266666
 0 0.26222
 0 0.254607
 0 0.271593
 0 0.271144
 0 0.275961
 0 0.263704
 0 0.263899
 0 0.265492
 0 0.272248
 0 0.273803
 0 0.262334
 0 0.272576
 0 0.267972
 0 0.263701
 0 0.270155
 0 0.276375
 0 0.267464
 0 0.270767
 0 0.279742
 0 0.265019
 0 0.267293
 0 0.260072
 0 0.282416
 0 0.269878
 0 0.276765
 0 0.269456
 0 0.272531
 0 0.269994
