535 1 0 0 1
 0 0.300668
 0 0.310681
 0 0.296853
 0 0.301669
 0 0.298697
 0 0.310606
 0 0.31059
 0 0.314605
 0 0.315112
 0 0.314173
 0 0.307379
 0 0.318929
 0 0.324293
 0 0.324388
 0 0.339791
 0 0.311164
 0 0.313177
 0 0.30826
 0 0.333358
 0 0.309962
 0 0.294807
 0 0.301883
 0 0.305836
 0 0.317064
 0 0.335363
 0 0.307422
 0 0.321373
 0 0.31562
 0 0.308568
 0 0.289299
 0 0.323848
 0 0.310411
 0 0.324237
 0 0.316304
 0 0.314841
 0 0.305194
 0 0.324984
 0 0.31775
 0 0.302674
 0 0.318757
 0 0.304336
 0 0.304231
 0 0.297543
 0 0.31834
 0 0.310146
 0 0.300274
 0 0.301997
 0 0.323518
 0 0.329919
 0 0.322514
 0 0.33952
 0 0.327457
 0 0.306783
 0 0.317323
 0 0.305109
 0 0.31263
 0 0.295927
 0 0.313171
 0 0.315871
 0 0.294652
 0 0.286704
 0 0.294334
 0 0.328994
 0 0.317832
 0 0.306128
 0 0.30103
 0 0.309077
 0 0.304984
 0 0.305163
 0 0.318776
 0 0.308696
 0 0.324083
 0 0.313532
 0 0.318722
 0 0.305041
 0 0.31336
 0 0.301871
 0 0.317993
 0 0.311482
 0 0.319103
 0 0.298791
 0 0.295574
 0 0.31809
 0 0.308243
 0 0.32348
 0 0.295383
 0 0.317172
 0 0.298275
 0 0.314679
 0 0.303319
 0 0.309258
 0 0.308648
 0 0.314765
 0 0.315185
 0 0.307059
 0 0.306625
 0 0.31495
 0 0.335422
 0 0.32343
 0 0.322647
 0 0.306665
 0 0.315521
 0 0.299941
 0 0.308921
 0 0.313918
 0 0.324481
 0 0.313812
 0 0.277147
 0 0.305184
 0 0.31667
 0 0.299018
 0 0.320119
 0 0.306118
 0 0.3233
 0 0.31808
 0 0.305423
 0 0.317555
 0 0.318529
 0 0.315725
 0 0.305561
 0 0.310308
 0 0.324636
 0 0.321624
 0 0.315758
 0 0.318646
 0 0.312472
 0 0.333136
 0 0.325609
 0 0.30156
 0 0.309875
 0 0.316815
 0 0.311133
 0 0.329643
 0 0.337206
 0 0.311512
 0 0.30625
 0 0.299987
 0 0.305258
 0 0.323972
 0 0.302978
 0 0.300991
 0 0.295137
 0 0.301628
 0 0.313914
 0 0.294292
 0 0.31042
 0 0.317712
 0 0.319243
 0 0.318664
 0 0.301689
 0 0.314774
 0 0.30483
 0 0.311995
 0 0.309758
 0 0.303083
 0 0.322484
 0 0.31017
 0 0.31919
 0 0.321312
 0 0.31225
 0 0.321402
 0 0.304391
 0 0.32143
 0 0.290687
 0 0.330796
 0 0.304685
 0 0.313055
 0 0.285554
 0 0.335694
 0 0.306624
 0 0.331161
 0 0.320561
 0 0.302203
 0 0.324023
 0 0.309603
 0 0.305914
 0 0.296197
 0 0.317498
 0 0.331807
 0 0.319146
 0 0.306262
 0 0.30639
 0 0.296095
 0 0.305659
 0 0.325274
 0 0.321483
 0 0.311319
 0 0.297968
 0 0.304994
 0 0.311595
 0 0.304217
 0 0.309887
 0 0.33776
 0 0.30229
 0 0.309862
 0 0.334899
 0 0.315863
 0 0.316864
 0 0.323385
 0 0.312281
 0 0.320314
 0 0.334976
 0 0.291925
 0 0.303701
 0 0.30485
 0 0.305566
 0 0.310497
 0 0.321121
 0 0.299683
 0 0.31456
 0 0.311602
 0 0.297457
 0 0.289649
 0 0.30497
 0 0.319036
 0 0.309063
 0 0.287389
 0 0.299988
 0 0.315668
 0 0.312464
 0 0.302927
 0 0.314917
 0 0.294476
 0 0.292317
 0 0.312243
 0 0.317414
 0 0.302777
 0 0.291235
 0 0.295105
 0 0.290487
 0 0.316357
 0 0.315095
 0 0.324333
 0 0.296395
 0 0.308917
 0 0.290437
 0 0.294836
 0 0.314441
 0 0.312577
 0 0.313749
 0 0.308337
 0 0.295002
 0 0.308253
 0 0.306394
 0 0.313121
 0 0.30912
 0 0.326881
 0 0.312534
 0 0.320979
 0 0.304677
 0 0.31033
 0 0.299928
 0 0.313657
 0 0.332057
 0 0.300488
 0 0.315554
 0 0.330787
 0 0.294383
 0 0.313809
 0 0.329249
 0 0.311738
 0 0.309164
 0 0.297693
 0 0.298416
 0 0.30528
 0 0.29993
 0 0.307845
 0 0.316572
 0 0.329843
 0 0.303946
 0 0.338123
 0 0.295928
 0 0.309322
 0 0.32296
 0 0.305841
 0 0.310911
 0 0.319789
 0 0.316777
 0 0.325452
 0 0.313345
 0 0.316773
 0 0.318988
 0 0.330397
 0 0.323711
 0 0.323462
 0 0.316661
 0 0.299115
 0 0.321963
 0 0.305189
 0 0.29795
 0 0.323723
 0 0.326706
 0 0.305571
 0 0.314769
 0 0.314922
 0 0.327177
 0 0.314292
 0 0.313746
 0 0.308789
 0 0.320743
 0 0.31589
 0 0.307268
 0 0.32095
 0 0.293383
 0 0.301646
 0 0.317332
 0 0.299372
 0 0.318258
 0 0.318132
 0 0.318601
 0 0.311771
 0 0.335902
 0 0.312525
 0 0.303797
 0 0.319437
 0 0.332909
 0 0.306886
 0 0.302555
 0 0.293098
 0 0.316086
 0 0.308886
 0 0.312619
 0 0.298196
 0 0.310437
 0 0.309147
 0 0.307384
 0 0.299829
 0 0.30321
 0 0.300463
 0 0.289195
 0 0.320439
 0 0.311728
 0 0.316375
 0 0.314018
 0 0.299856
 0 0.308728
 0 0.29274
 0 0.300807
 0 0.321756
 0 0.302994
 0 0.290812
 0 0.31327
 0 0.307771
 0 0.312128
 0 0.30845
 0 0.314222
 0 0.313074
 0 0.304837
 0 0.3111
 0 0.30724
 0 0.31221
 0 0.320311
 0 0.316793
 0 0.319884
 0 0.317599
 0 0.295459
 0 0.315573
 0 0.310733
 0 0.311905
 0 0.309836
 0 0.311669
 0 0.308502
 0 0.295162
 0 0.324008
 0 0.298958
 0 0.30412
 0 0.297443
 0 0.334307
 0 0.307894
 0 0.289301
 0 0.319754
 0 0.313106
 0 0.311841
 0 0.302612
 0 0.32283
 0 0.293317
 0 0.303891
 0 0.293223
 0 0.295344
 0 0.314269
 0 0.300356
 0 0.311671
 0 0.294731
 0 0.320139
 0 0.304223
 0 0.30116
 0 0.305253
 0 0.303599
 0 0.312521
 0 0.315173
 0 0.328628
 0 0.293714
 0 0.300361
 0 0.324735
 0 0.295836
 0 0.313003
 0 0.303621
 0 0.318339
 0 0.322365
 0 0.316606
 0 0.314088
 0 0.290485
 0 0.297795
 0 0.324397
 0 0.307667
 0 0.316202
 0 0.311868
 0 0.331805
 0 0.331649
 0 0.309277
 0 0.308601
 0 0.29428
 0 0.316284
 0 0.326898
 0 0.311444
 0 0.317158
 0 0.326959
 0 0.307401
 0 0.320892
 0 0.304246
 0 0.328107
 0 0.295368
 0 0.319427
 0 0.31268
 0 0.325761
 0 0.292219
 0 0.305846
 0 0.283193
 0 0.316918
 0 0.317474
 0 0.311753
 0 0.299694
 0 0.284023
 0 0.306088
 0 0.311909
 0 0.306239
 0 0.296104
 0 0.289697
 0 0.298047
 0 0.322686
 0 0.318076
 0 0.318223
 0 0.313261
 0 0.314287
 0 0.305611
 0 0.311547
 0 0.313661
 0 0.312226
 0 0.308648
 0 0.322078
 0 0.29921
 0 0.315752
 0 0.288633
 0 0.317573
 0 0.335157
 0 0.307078
 0 0.328808
 0 0.311687
 0 0.309215
 0 0.313368
 0 0.320132
 0 0.323153
 0 0.323024
 0 0.306099
 0 0.330021
 0 0.32413
 0 0.317274
 0 0.312526
 0 0.324034
 0 0.315463
 0 0.296105
 0 0.312594
 0 0.314671
 0 0.321069
 0 0.348175
 0 0.317896
 0 0.325897
 0 0.305244
 0 0.302519
 0 0.320199
 0 0.317954
 0 0.323956
 0 0.313716
 0 0.327606
 0 0.303196
 0 0.305441
 0 0.299092
 0 0.328569
 0 0.329319
 0 0.30816
 0 0.298817
 0 0.300279
 0 0.321159
 0 0.322844
 0 0.305555
 0 0.321062
 0 0.317228
 0 0.300498
 0 0.302989
 0 0.310441
 0 0.324545
 0 0.296234
 0 0.317395
 0 0.302568
 0 0.301604
 0 0.312455
 0 0.308234
 0 0.298189
 0 0.300125
 0 0.306971
 0 0.317947
 0 0.316646
 0 0.294243
 0 0.321873
 0 0.310652
 0 0.301932
 0 0.297434
 0 0.315199
 0 0.295233
 0 0.314869
 0 0.301574
 0 0.327519
 0 0.308974
 0 0.303627
 0 0.313862
 0 0.319973
 0 0.294584
 0 0.311125
 0 0.315705
 0 0.32117
 0 0.314882
 0 0.310334
 0 0.323839
 0 0.304593
 0 0.315323
