535 1 0 0 1
 0 0.480762
 0 0.476496
 0 0.483958
 0 0.479552
 0 0.49065
 0 0.48656
 0 0.482864
 0 0.480528
 0 0.477262
 0 0.473984
 0 0.484922
 0 0.495518
 0 0.490326
 0 0.495932
 0 0.485004
 0 0.487044
 0 0.478474
 0 0.478438
 0 0.494132
 0 0.489028
 0 0.489078
 0 0.492612
 0 0.483594
 0 0.487584
 0 0.497848
 0 0.485896
 0 0.491612
 0 0.47936
 0 0.493502
 0 0.487802
 0 0.486152
 0 0.478644
 0 0.480324
 0 0.47975
 0 0.489046
 0 0.486224
 0 0.485324
 0 0.486032
 0 0.489758
 0 0.491694
 0 0.48071
 0 0.49503
 0 0.482994
 0 0.492434
 0 0.488364
 0 0.487968
 0 0.487574
 0 0.477724
 0 0.494464
 0 0.497056
 0 0.492154
 0 0.490902
 0 0.47367
 0 0.490178
 0 0.4704
 0 0.474352
 0 0.470346
 0 0.483982
 0 0.49333
 0 0.470516
 0 0.465182
 0 0.472826
 0 0.479398
 0 0.482334
 0 0.481316
 0 0.483064
 0 0.474062
 0 0.49384
 0 0.491464
 0 0.485692
 0 0.483782
 0 0.50132
 0 0.493348
 0 0.474972
 0 0.485748
 0 0.47222
 0 0.47141
 0 0.472508
 0 0.47519
 0 0.474256
 0 0.472382
 0 0.489236
 0 0.473302
 0 0.469256
 0 0.480362
 0 0.476078
 0 0.478962
 0 0.485628
 0 0.492478
 0 0.49649
 0 0.479726
 0 0.491462
 0 0.4879
 0 0.478638
 0 0.488524
 0 0.489584
 0 0.494106
 0 0.497488
 0 0.49443
 0 0.5044
 0 0.488166
 0 0.4958
 0 0.48716
 0 0.481442
 0 0.49155
 0 0.494916
 0 0.487782
 0 0.491854
 0 0.49066
 0 0.493988
 0 0.48531
 0 0.495758
 0 0.479972
 0 0.47729
 0 0.472134
 0 0.471488
 0 0.488332
 0 0.47163
 0 0.492284
 0 0.499102
 0 0.491904
 0 0.49438
 0 0.472944
 0 0.489828
 0 0.468992
 0 0.488588
 0 0.480074
 0 0.48511
 0 0.50588
 0 0.491766
 0 0.501206
 0 0.495758
 0 0.48307
 0 0.478966
 0 0.476686
 0 0.487522
 0 0.484254
 0 0.48311
 0 0.487906
 0 0.481332
 0 0.492478
 0 0.487978
 0 0.492028
 0 0.47953
 0 0.484182
 0 0.49391
 0 0.50388
 0 0.500948
 0 0.499466
 0 0.494336
 0 0.490256
 0 0.501352
 0 0.488318
 0 0.500124
 0 0.48663
 0 0.510592
 0 0.499254
 0 0.498648
 0 0.500282
 0 0.482124
 0 0.491294
 0 0.476404
 0 0.487854
 0 0.462588
 0 0.4784
 0 0.475688
 0 0.470706
 0 0.486016
 0 0.480402
 0 0.483118
 0 0.484122
 0 0.492668
 0 0.503444
 0 0.485256
 0 0.488906
 0 0.487928
 0 0.503012
 0 0.48826
 0 0.495978
 0 0.489138
 0 0.477102
 0 0.491682
 0 0.49287
 0 0.500408
 0 0.49699
 0 0.483088
 0 0.493262
 0 0.476464
 0 0.49539
 0 0.48243
 0 0.484576
 0 0.482476
 0 0.48746
 0 0.493154
 0 0.499998
 0 0.499884
 0 0.494868
 0 0.489208
 0 0.49962
 0 0.483288
 0 0.497928
 0 0.496662
 0 0.491218
 0 0.500896
 0 0.499868
 0 0.483326
 0 0.488126
 0 0.484652
 0 0.481146
 0 0.47412
 0 0.49294
 0 0.473676
 0 0.472782
 0 0.486546
 0 0.4852
 0 0.48202
 0 0.479352
 0 0.47576
 0 0.476508
 0 0.490806
 0 0.483872
 0 0.49589
 0 0.499562
 0 0.487924
 0 0.489592
 0 0.480364
 0 0.465894
 0 0.459906
 0 0.459504
 0 0.4754
 0 0.491186
 0 0.484782
 0 0.477714
 0 0.471644
 0 0.476952
 0 0.478254
 0 0.461338
 0 0.492866
 0 0.484068
 0 0.473656
 0 0.48471
 0 0.484066
 0 0.466668
 0 0.477912
 0 0.4709
 0 0.453562
 0 0.469904
 0 0.487496
 0 0.46505
 0 0.485234
 0 0.480766
 0 0.487558
 0 0.491434
 0 0.492382
 0 0.483372
 0 0.50498
 0 0.48517
 0 0.483014
 0 0.500416
 0 0.486954
 0 0.49209
 0 0.479394
 0 0.48027
 0 0.488122
 0 0.4914
 0 0.495694
 0 0.48977
 0 0.494188
 0 0.492938
 0 0.479116
 0 0.492086
 0 0.490378
 0 0.48332
 0 0.492968
 0 0.479234
 0 0.473778
 0 0.48683
 0 0.488106
 0 0.492298
 0 0.48808
 0 0.492788
 0 0.479256
 0 0.482948
 0 0.47964
 0 0.484042
 0 0.478814
 0 0.46923
 0 0.479098
 0 0.48368
 0 0.489728
 0 0.491358
 0 0.493042
 0 0.486844
 0 0.491078
 0 0.483708
 0 0.49117
 0 0.478896
 0 0.499142
 0 0.486626
 0 0.490194
 0 0.484588
 0 0.484656
 0 0.487354
 0 0.490972
 0 0.479658
 0 0.487946
 0 0.48978
 0 0.499182
 0 0.505266
 0 0.497186
 0 0.49833
 0 0.508174
 0 0.485028
 0 0.491626
 0 0.493992
 0 0.502608
 0 0.463662
 0 0.481456
 0 0.482866
 0 0.483092
 0 0.485824
 0 0.474902
 0 0.491476
 0 0.493084
 0 0.47
 0 0.489956
 0 0.494264
 0 0.489294
 0 0.483786
 0 0.483718
 0 0.501578
 0 0.498336
 0 0.484076
 0 0.487558
 0 0.49176
 0 0.488456
 0 0.483682
 0 0.483168
 0 0.495568
 0 0.487442
 0 0.481564
 0 0.484802
 0 0.494776
 0 0.474538
 0 0.486718
 0 0.47306
 0 0.484224
 0 0.487666
 0 0.482896
 0 0.485058
 0 0.484968
 0 0.494182
 0 0.488074
 0 0.4924
 0 0.48305
 0 0.459358
 0 0.472194
 0 0.48531
 0 0.47855
 0 0.483966
 0 0.471924
 0 0.470126
 0 0.490618
 0 0.480354
 0 0.474056
 0 0.47619
 0 0.49294
 0 0.489974
 0 0.488798
 0 0.476018
 0 0.469754
 0 0.479816
 0 0.486604
 0 0.480054
 0 0.47248
 0 0.454198
 0 0.491516
 0 0.473418
 0 0.479512
 0 0.485424
 0 0.465622
 0 0.480804
 0 0.48227
 0 0.484198
 0 0.468432
 0 0.492258
 0 0.478996
 0 0.487724
 0 0.498214
 0 0.503874
 0 0.48597
 0 0.47093
 0 0.474572
 0 0.497216
 0 0.494982
 0 0.495818
 0 0.491328
 0 0.502266
 0 0.486026
 0 0.499032
 0 0.481156
 0 0.492718
 0 0.497442
 0 0.498372
 0 0.493496
 0 0.485246
 0 0.50117
 0 0.503138
 0 0.492546
 0 0.48813
 0 0.471722
 0 0.494216
 0 0.497902
 0 0.494542
 0 0.498622
 0 0.485942
 0 0.480458
 0 0.479424
 0 0.472652
 0 0.470052
 0 0.478656
 0 0.472744
 0 0.479092
 0 0.476364
 0 0.496422
 0 0.478512
 0 0.490026
 0 0.486296
 0 0.48709
 0 0.480226
 0 0.48003
 0 0.480276
 0 0.467862
 0 0.490784
 0 0.488
 0 0.4843
 0 0.483174
 0 0.48827
 0 0.47569
 0 0.48912
 0 0.48701
 0 0.48441
 0 0.497768
 0 0.479116
 0 0.482424
 0 0.488098
 0 0.484122
 0 0.482832
 0 0.491642
 0 0.49585
 0 0.497646
 0 0.488554
 0 0.487026
 0 0.488688
 0 0.49396
 0 0.493326
 0 0.501554
 0 0.500706
 0 0.49041
 0 0.484452
 0 0.489726
 0 0.486072
 0 0.495346
 0 0.475782
 0 0.476046
 0 0.47993
 0 0.487248
 0 0.475642
 0 0.500972
 0 0.475514
 0 0.483328
 0 0.485622
 0 0.495622
 0 0.492274
 0 0.502126
 0 0.488592
 0 0.499068
 0 0.498106
 0 0.496118
 0 0.485022
 0 0.491588
 0 0.484302
 0 0.492106
 0 0.50299
 0 0.503038
 0 0.498986
 0 0.486464
 0 0.481786
 0 0.482106
 0 0.484438
 0 0.483164
 0 0.48941
 0 0.498798
 0 0.47864
 0 0.482186
 0 0.492434
 0 0.476584
 0 0.492574
 0 0.480426
 0 0.46966
 0 0.470712
 0 0.493784
 0 0.493338
 0 0.49432
 0 0.486012
 0 0.484556
 0 0.487962
 0 0.47922
 0 0.468838
 0 0.475368
 0 0.495274
 0 0.482304
 0 0.481702
 0 0.473052
 0 0.480502
 0 0.505298
 0 0.488098
 0 0.486722
 0 0.492908
 0 0.488908
 0 0.485536
 0 0.48363
 0 0.50318
 0 0.489242
 0 0.483726
 0 0.508184
 0 0.494094
 0 0.474224
 0 0.48265
 0 0.499434
 0 0.484806
 0 0.492854
 0 0.489538
 0 0.4924
 0 0.482668
