535 1 0 0 1
 0 0.571901
 0 0.576473
 0 0.577041
 0 0.582494
 0 0.567691
 0 0.576081
 0 0.603866
 0 0.608729
 0 0.585275
 0 0.593655
 0 0.587715
 0 0.586961
 0 0.604996
 0 0.591769
 0 0.591969
 0 0.557148
 0 0.57968
 0 0.564095
 0 0.578265
 0 0.588602
 0 0.590281
 0 0.586001
 0 0.581354
 0 0.588772
 0 0.606528
 0 0.58324
 0 0.594574
 0 0.594164
 0 0.580741
 0 0.577588
 0 0.58731
 0 0.590484
 0 0.584242
 0 0.58731
 0 0.586029
 0 0.571062
 0 0.595601
 0 0.576295
 0 0.597604
 0 0.579658
 0 0.588994
 0 0.588218
 0 0.569241
 0 0.615136
 0 0.583759
 0 0.579846
 0 0.585156
 0 0.588836
 0 0.582094
 0 0.608779
 0 0.593978
 0 0.597517
 0 0.58214
 0 0.598995
 0 0.589594
 0 0.58786
 0 0.577483
 0 0.576731
 0 0.586152
 0 0.564881
 0 0.584923
 0 0.591149
 0 0.592424
 0 0.561063
 0 0.565289
 0 0.567189
 0 0.586748
 0 0.588986
 0 0.598219
 0 0.611605
 0 0.598914
 0 0.588131
 0 0.581105
 0 0.578841
 0 0.583868
 0 0.56233
 0 0.55757
 0 0.563917
 0 0.596034
 0 0.572089
 0 0.583664
 0 0.575969
 0 0.600782
 0 0.599858
 0 0.5907
 0 0.593485
 0 0.57695
 0 0.581089
 0 0.576188
 0 0.58196
 0 0.591856
 0 0.59856
 0 0.582465
 0 0.578751
 0 0.60536
 0 0.586306
 0 0.595995
 0 0.610045
 0 0.589253
 0 0.584685
 0 0.59114
 0 0.600369
 0 0.586187
 0 0.585926
 0 0.589194
 0 0.597362
 0 0.584632
 0 0.586643
 0 0.586635
 0 0.590619
 0 0.591421
 0 0.60383
 0 0.592246
 0 0.574559
 0 0.581936
 0 0.570007
 0 0.574852
 0 0.590957
 0 0.607427
 0 0.602661
 0 0.587377
 0 0.590528
 0 0.585546
 0 0.602049
 0 0.574573
 0 0.603336
 0 0.591989
 0 0.590134
 0 0.597372
 0 0.621355
 0 0.614946
 0 0.602049
 0 0.595167
 0 0.578645
 0 0.608915
 0 0.583601
 0 0.587407
 0 0.579335
 0 0.602956
 0 0.583551
 0 0.576794
 0 0.586203
 0 0.599389
 0 0.582496
 0 0.575785
 0 0.573093
 0 0.603213
 0 0.601416
 0 0.591898
 0 0.574235
 0 0.612171
 0 0.583581
 0 0.597172
 0 0.591419
 0 0.588169
 0 0.593616
 0 0.591072
 0 0.585176
 0 0.610057
 0 0.58099
 0 0.603185
 0 0.577144
 0 0.592947
 0 0.569411
 0 0.582839
 0 0.589253
 0 0.582852
 0 0.575389
 0 0.573556
 0 0.598302
 0 0.579094
 0 0.600753
 0 0.594758
 0 0.584816
 0 0.578771
 0 0.590979
 0 0.598017
 0 0.577993
 0 0.601046
 0 0.59048
 0 0.580109
 0 0.584982
 0 0.59417
 0 0.593744
 0 0.602453
 0 0.574247
 0 0.601883
 0 0.56729
 0 0.589641
 0 0.586894
 0 0.581843
 0 0.58686
 0 0.577008
 0 0.57796
 0 0.586372
 0 0.606233
 0 0.603306
 0 0.594736
 0 0.605372
 0 0.590686
 0 0.597568
 0 0.604363
 0 0.596507
 0 0.588992
 0 0.600375
 0 0.575068
 0 0.588832
 0 0.593093
 0 0.578156
 0 0.580388
 0 0.589695
 0 0.582185
 0 0.585059
 0 0.599801
 0 0.566718
 0 0.599581
 0 0.58901
 0 0.580182
 0 0.587043
 0 0.601315
 0 0.590736
 0 0.606178
 0 0.592755
 0 0.580343
 0 0.587399
 0 0.574156
 0 0.571876
 0 0.567074
 0 0.586172
 0 0.577382
 0 0.582344
 0 0.581396
 0 0.601307
 0 0.576214
 0 0.576372
 0 0.575878
 0 0.568186
 0 0.586965
 0 0.578546
 0 0.582538
 0 0.583422
 0 0.573989
 0 0.577845
 0 0.586017
 0 0.581162
 0 0.57885
 0 0.58171
 0 0.569853
 0 0.584068
 0 0.615975
 0 0.578672
 0 0.579013
 0 0.587991
 0 0.592533
 0 0.595294
 0 0.633794
 0 0.576176
 0 0.577271
 0 0.595589
 0 0.588531
 0 0.573144
 0 0.583217
 0 0.568368
 0 0.578837
 0 0.583725
 0 0.600713
 0 0.586969
 0 0.592757
 0 0.616048
 0 0.586631
 0 0.588735
 0 0.576679
 0 0.562587
 0 0.600573
 0 0.596662
 0 0.575228
 0 0.593954
 0 0.587458
 0 0.593416
 0 0.582273
 0 0.601855
 0 0.58065
 0 0.588319
 0 0.576208
 0 0.60421
 0 0.579571
 0 0.550925
 0 0.574144
 0 0.57988
 0 0.566041
 0 0.581271
 0 0.587403
 0 0.595173
 0 0.585259
 0 0.59491
 0 0.61433
 0 0.577061
 0 0.589101
 0 0.597137
 0 0.599474
 0 0.577556
 0 0.589756
 0 0.600565
 0 0.575537
 0 0.577344
 0 0.580873
 0 0.572507
 0 0.587029
 0 0.586421
 0 0.602999
 0 0.604127
 0 0.596862
 0 0.58766
 0 0.58496
 0 0.594811
 0 0.604074
 0 0.565374
 0 0.58498
 0 0.565259
 0 0.577776
 0 0.577051
 0 0.58218
 0 0.579329
 0 0.579998
 0 0.583828
 0 0.584376
 0 0.580365
 0 0.573162
 0 0.580703
 0 0.58406
 0 0.603205
 0 0.608478
 0 0.577396
 0 0.578647
 0 0.581736
 0 0.58961
 0 0.569972
 0 0.5814
 0 0.58249
 0 0.596505
 0 0.569439
 0 0.598866
 0 0.555121
 0 0.599488
 0 0.582585
 0 0.593148
 0 0.592412
 0 0.571996
 0 0.58902
 0 0.587547
 0 0.595793
 0 0.593303
 0 0.578949
 0 0.585986
 0 0.569987
 0 0.555327
 0 0.572386
 0 0.593596
 0 0.571268
 0 0.582779
 0 0.571171
 0 0.56806
 0 0.574241
 0 0.595666
 0 0.570209
 0 0.580295
 0 0.581883
 0 0.589291
 0 0.580762
 0 0.58058
 0 0.584915
 0 0.57454
 0 0.572032
 0 0.583019
 0 0.590475
 0 0.563482
 0 0.597261
 0 0.566864
 0 0.568994
 0 0.58595
 0 0.580436
 0 0.582833
 0 0.597293
 0 0.584638
 0 0.589566
 0 0.576408
 0 0.585978
 0 0.590385
 0 0.59051
 0 0.600416
 0 0.586526
 0 0.560936
 0 0.580935
 0 0.610263
 0 0.591155
 0 0.589562
 0 0.599528
 0 0.582073
 0 0.579422
 0 0.591031
 0 0.605131
 0 0.598934
 0 0.587373
 0 0.587618
 0 0.606645
 0 0.57873
 0 0.595884
 0 0.608684
 0 0.600375
 0 0.591407
 0 0.586973
 0 0.594294
 0 0.600337
 0 0.594069
 0 0.600307
 0 0.589247
 0 0.605893
 0 0.571308
 0 0.590823
 0 0.581451
 0 0.577748
 0 0.564337
 0 0.574856
 0 0.572766
 0 0.598684
 0 0.583474
 0 0.600834
 0 0.584475
 0 0.587128
 0 0.596222
 0 0.578831
 0 0.560641
 0 0.556182
 0 0.614938
 0 0.582629
 0 0.572598
 0 0.584838
 0 0.582569
 0 0.592958
 0 0.590383
 0 0.584175
 0 0.591013
 0 0.596232
 0 0.556394
 0 0.587003
 0 0.582502
 0 0.58363
 0 0.59794
 0 0.589186
 0 0.591872
 0 0.592966
 0 0.59265
 0 0.576402
 0 0.60105
 0 0.621679
 0 0.579901
 0 0.58884
 0 0.593119
 0 0.577714
 0 0.596549
 0 0.587579
 0 0.582997
 0 0.581192
 0 0.57417
 0 0.572246
 0 0.594568
 0 0.597463
 0 0.588462
 0 0.614698
 0 0.589792
 0 0.579612
 0 0.566385
 0 0.577461
 0 0.592697
 0 0.616054
 0 0.595349
 0 0.600899
 0 0.588157
 0 0.595427
 0 0.57391
 0 0.595977
 0 0.586611
 0 0.571353
 0 0.566146
 0 0.583452
 0 0.585133
 0 0.60315
 0 0.600404
 0 0.588901
 0 0.596012
 0 0.581629
 0 0.581968
 0 0.603094
 0 0.612826
 0 0.576244
 0 0.592992
 0 0.587828
 0 0.595011
 0 0.569265
 0 0.593214
 0 0.575213
 0 0.578565
 0 0.603553
 0 0.583915
 0 0.588883
 0 0.59508
 0 0.591714
 0 0.578759
 0 0.576968
 0 0.612511
 0 0.599274
 0 0.590758
 0 0.582435
 0 0.594597
 0 0.585726
 0 0.596998
 0 0.594663
 0 0.59106
 0 0.590987
 0 0.586484
 0 0.587112
 0 0.59067
 0 0.592541
 0 0.592226
 0 0.59246
 0 0.600921
 0 0.586494
 0 0.599741
 0 0.590554
 0 0.60177
 0 0.583894
 0 0.60181
 0 0.614301
 0 0.596824
 0 0.59571
