603 1 0 0 1
 0 0.109034
 0 0.113143
 0 0.108688
 0 0.113409
 0 0.11202
 0 0.107334
 0 0.116143
 0 0.109823
 0 0.120149
 0 0.11941
 0 0.114982
 0 0.116399
 0 0.109377
 0 0.110993
 0 0.116886
 0 0.11175
 0 0.113026
 0 0.112302
 0 0.114662
 0 0.108947
 0 0.111688
 0 0.110052
 0 0.109351
 0 0.10836
 0 0.110705
 0 0.103906
 0 0.113051
 0 0.118874
 0 0.111518
 0 0.119418
 0 0.112237
 0 0.113052
 0 0.108394
 0 0.113526
 0 0.117165
 0 0.108116
 0 0.111227
 0 0.109232
 0 0.105791
 0 0.109792
 0 0.11052
 0 0.114748
 0 0.113082
 0 0.111961
 0 0.110636
 0 0.115641
 0 0.114562
 0 0.116404
 0 0.116922
 0 0.113056
 0 0.110408
 0 0.107162
 0 0.111354
 0 0.118544
 0 0.114854
 0 0.106421
 0 0.109469
 0 0.102103
 0 0.115036
 0 0.113203
 0 0.114952
 0 0.115018
 0 0.113911
 0 0.115823
 0 0.114402
 0 0.112282
 0 0.106108
 0 0.119274
 0 0.117904
 0 0.118263
 0 0.114259
 0 0.104801
 0 0.104939
 0 0.112135
 0 0.114136
 0 0.11209
 0 0.120916
 0 0.115539
 0 0.110948
 0 0.108556
 0 0.117917
 0 0.113489
 0 0.108561
 0 0.11783
 0 0.11491
 0 0.119107
 0 0.111834
 0 0.117146
 0 0.110317
 0 0.104359
 0 0.120445
 0 0.116097
 0 0.112182
 0 0.108075
 0 0.106043
 0 0.113341
 0 0.121075
 0 0.122705
 0 0.115133
 0 0.112447
 0 0.115661
 0 0.114187
 0 0.116582
 0 0.122606
 0 0.115311
 0 0.116414
 0 0.111109
 0 0.110406
 0 0.109743
 0 0.110416
 0 0.112349
 0 0.108392
 0 0.113397
 0 0.109272
 0 0.117485
 0 0.113151
 0 0.114049
 0 0.11485
 0 0.113268
 0 0.109528
 0 0.11718
 0 0.108256
 0 0.102811
 0 0.108264
 0 0.116078
 0 0.114023
 0 0.115063
 0 0.11392
 0 0.11689
 0 0.120118
 0 0.117903
 0 0.121564
 0 0.117988
 0 0.118303
 0 0.117477
 0 0.114005
 0 0.115123
 0 0.122341
 0 0.114072
 0 0.120114
 0 0.113143
 0 0.108492
 0 0.121706
 0 0.112993
 0 0.11097
 0 0.106115
 0 0.118692
 0 0.112967
 0 0.113892
 0 0.116174
 0 0.122171
 0 0.112369
 0 0.111686
 0 0.109094
 0 0.11122
 0 0.115688
 0 0.107972
 0 0.11288
 0 0.116415
 0 0.119166
 0 0.111307
 0 0.114438
 0 0.109367
 0 0.119539
 0 0.119045
 0 0.115363
 0 0.113885
 0 0.117731
 0 0.115211
 0 0.119599
 0 0.109258
 0 0.113097
 0 0.110032
 0 0.110789
 0 0.121964
 0 0.117891
 0 0.119111
 0 0.113956
 0 0.115301
 0 0.117066
 0 0.116766
 0 0.112496
 0 0.116815
 0 0.116696
 0 0.118268
 0 0.110764
 0 0.115141
 0 0.117892
 0 0.112446
 0 0.113855
 0 0.113518
 0 0.123643
 0 0.109321
 0 0.10737
 0 0.107325
 0 0.106264
 0 0.114115
 0 0.109968
 0 0.114979
 0 0.117056
 0 0.118519
 0 0.113287
 0 0.108367
 0 0.116911
 0 0.115113
 0 0.109652
 0 0.112715
 0 0.112425
 0 0.119037
 0 0.116668
 0 0.112564
 0 0.117659
 0 0.118813
 0 0.113036
 0 0.115228
 0 0.12161
 0 0.110962
 0 0.126613
 0 0.122512
 0 0.113315
 0 0.104033
 0 0.11908
 0 0.118259
 0 0.111903
 0 0.116279
 0 0.12016
 0 0.120777
 0 0.112515
 0 0.113919
 0 0.115132
 0 0.119012
 0 0.109553
 0 0.104685
 0 0.115467
 0 0.109458
 0 0.107149
 0 0.112501
 0 0.112473
 0 0.111304
 0 0.117798
 0 0.115864
 0 0.111859
 0 0.116693
 0 0.117912
 0 0.116689
 0 0.113011
 0 0.118337
 0 0.119165
 0 0.110459
 0 0.115886
 0 0.120008
 0 0.111046
 0 0.121338
 0 0.11405
 0 0.113754
 0 0.114777
 0 0.112222
 0 0.116911
 0 0.11493
 0 0.121125
 0 0.116083
 0 0.114296
 0 0.11163
 0 0.115383
 0 0.11467
 0 0.115097
 0 0.112025
 0 0.110414
 0 0.117988
 0 0.109952
 0 0.108335
 0 0.110409
 0 0.111951
 0 0.11864
 0 0.119899
 0 0.119142
 0 0.107558
 0 0.115113
 0 0.116145
 0 0.10812
 0 0.115964
 0 0.11221
 0 0.112358
 0 0.106959
 0 0.107183
 0 0.114787
 0 0.119353
 0 0.115607
 0 0.120697
 0 0.115065
 0 0.121003
 0 0.117806
 0 0.119492
 0 0.119821
 0 0.112407
 0 0.110826
 0 0.115635
 0 0.112336
 0 0.118242
 0 0.112937
 0 0.114581
 0 0.109604
 0 0.119568
 0 0.120057
 0 0.112484
 0 0.11752
 0 0.112386
 0 0.114094
 0 0.11284
 0 0.11286
 0 0.118429
 0 0.116976
 0 0.115205
 0 0.116149
 0 0.114168
 0 0.112436
 0 0.118824
 0 0.115456
 0 0.113548
 0 0.113414
 0 0.115991
 0 0.115787
 0 0.116432
 0 0.112938
 0 0.109346
 0 0.110982
 0 0.117251
 0 0.123472
 0 0.11046
 0 0.120336
 0 0.114613
 0 0.11963
 0 0.112708
 0 0.123259
 0 0.112281
 0 0.117288
 0 0.108495
 0 0.118106
 0 0.11345
 0 0.121896
 0 0.113626
 0 0.115836
 0 0.113928
 0 0.115893
 0 0.119579
 0 0.118716
 0 0.111783
 0 0.118597
 0 0.115215
 0 0.113411
 0 0.105695
 0 0.117456
 0 0.115635
 0 0.119101
 0 0.116984
 0 0.120848
 0 0.114752
 0 0.113519
 0 0.113965
 0 0.116247
 0 0.116349
 0 0.119144
 0 0.111234
 0 0.114492
 0 0.115839
 0 0.116712
 0 0.112161
 0 0.110427
 0 0.115383
 0 0.115952
 0 0.1126
 0 0.115506
 0 0.116089
 0 0.118077
 0 0.111598
 0 0.111577
 0 0.11459
 0 0.116004
 0 0.117255
 0 0.123085
 0 0.107458
 0 0.113807
 0 0.118769
 0 0.11153
 0 0.118783
 0 0.113755
 0 0.117908
 0 0.11867
 0 0.119357
 0 0.114213
 0 0.116236
 0 0.116361
 0 0.112376
 0 0.10909
 0 0.117832
 0 0.120596
 0 0.113884
 0 0.112515
 0 0.116755
 0 0.117529
 0 0.113047
 0 0.110662
 0 0.114247
 0 0.101349
 0 0.113669
 0 0.109327
 0 0.114084
 0 0.107569
 0 0.112709
 0 0.111962
 0 0.11836
 0 0.114196
 0 0.112846
 0 0.114685
 0 0.107992
 0 0.102878
 0 0.114085
 0 0.117209
 0 0.109481
 0 0.109686
 0 0.116452
 0 0.108096
 0 0.11064
 0 0.11444
 0 0.111325
 0 0.11006
 0 0.106366
 0 0.108795
 0 0.11176
 0 0.112796
 0 0.113984
 0 0.112568
 0 0.11898
 0 0.108117
 0 0.109843
 0 0.112361
 0 0.114253
 0 0.112419
 0 0.115297
 0 0.119687
 0 0.114524
 0 0.126216
 0 0.118585
 0 0.115079
 0 0.118676
 0 0.11385
 0 0.113079
 0 0.115835
 0 0.121411
 0 0.113846
 0 0.113454
 0 0.11548
 0 0.118046
 0 0.113467
 0 0.121505
 0 0.116273
 0 0.110982
 0 0.115199
 0 0.121775
 0 0.120028
 0 0.117149
 0 0.112087
 0 0.116042
 0 0.11116
 0 0.112594
 0 0.113034
 0 0.106936
 0 0.108848
 0 0.116702
 0 0.11438
 0 0.103662
 0 0.112165
 0 0.108983
 0 0.110324
 0 0.120659
 0 0.114351
 0 0.11982
 0 0.106071
 0 0.116872
 0 0.114219
 0 0.112629
 0 0.105717
 0 0.113762
 0 0.11125
 0 0.119285
 0 0.116051
 0 0.112118
 0 0.121327
 0 0.120921
 0 0.115623
 0 0.114227
 0 0.110367
 0 0.112559
 0 0.108962
 0 0.114046
 0 0.115159
 0 0.10697
 0 0.113745
 0 0.109557
 0 0.112577
 0 0.117103
 0 0.117373
 0 0.113246
 0 0.112465
 0 0.109636
 0 0.110657
 0 0.111858
 0 0.111924
 0 0.110705
 0 0.111594
 0 0.110746
 0 0.111195
 0 0.117642
 0 0.114971
 0 0.113046
 0 0.115057
 0 0.114966
 0 0.119015
 0 0.113522
 0 0.11812
 0 0.11979
 0 0.111056
 0 0.119238
 0 0.113777
 0 0.123327
 0 0.116762
 0 0.112705
 0 0.119768
 0 0.114903
 0 0.118074
 0 0.116112
 0 0.114962
 0 0.117429
 0 0.116443
 0 0.120939
 0 0.119311
 0 0.119719
 0 0.113336
 0 0.11898
 0 0.118972
 0 0.111353
 0 0.118093
 0 0.111497
 0 0.114313
 0 0.110512
 0 0.112193
 0 0.116916
 0 0.110244
 0 0.107484
 0 0.112358
 0 0.109772
 0 0.106478
 0 0.112273
 0 0.110644
 0 0.108508
 0 0.116602
 0 0.117833
 0 0.113146
 0 0.120365
 0 0.114336
 0 0.108666
 0 0.112648
 0 0.115676
 0 0.114813
 0 0.110126
 0 0.115588
 0 0.111033
 0 0.115543
 0 0.115146
 0 0.111732
 0 0.118942
 0 0.119648
 0 0.113647
 0 0.11212
 0 0.120563
 0 0.117559
 0 0.11412
 0 0.115265
 0 0.112151
 0 0.115
 0 0.110564
 0 0.111185
 0 0.114768
 0 0.118458
 0 0.112445
 0 0.118726
 0 0.114243
 0 0.116045
 0 0.119408
 0 0.11745
 0 0.114177
 0 0.114599
 0 0.117511
 0 0.112752
 0 0.116904
 0 0.117427
 0 0.114225
 0 0.115813
 0 0.10963
 0 0.120265
 0 0.124136
 0 0.115846
 0 0.117753
