603 1 0 0 1
 0 0.217314
 0 0.225503
 0 0.216624
 0 0.226033
 0 0.223265
 0 0.213925
 0 0.231483
 0 0.218886
 0 0.239467
 0 0.237994
 0 0.229169
 0 0.231993
 0 0.217997
 0 0.221218
 0 0.232963
 0 0.222727
 0 0.22527
 0 0.223827
 0 0.228531
 0 0.21714
 0 0.222603
 0 0.219343
 0 0.217946
 0 0.21597
 0 0.220644
 0 0.207093
 0 0.22532
 0 0.236926
 0 0.222265
 0 0.23801
 0 0.223698
 0 0.225322
 0 0.216038
 0 0.226267
 0 0.233519
 0 0.215484
 0 0.221685
 0 0.217708
 0 0.21085
 0 0.218824
 0 0.220275
 0 0.228702
 0 0.225382
 0 0.223147
 0 0.220507
 0 0.230482
 0 0.228331
 0 0.232003
 0 0.233035
 0 0.22533
 0 0.220052
 0 0.213583
 0 0.221938
 0 0.236268
 0 0.228913
 0 0.212106
 0 0.218181
 0 0.2035
 0 0.229276
 0 0.225623
 0 0.229109
 0 0.22924
 0 0.227034
 0 0.230845
 0 0.228013
 0 0.223787
 0 0.211482
 0 0.237723
 0 0.234992
 0 0.235708
 0 0.227728
 0 0.208877
 0 0.209152
 0 0.223494
 0 0.227482
 0 0.223405
 0 0.240996
 0 0.230279
 0 0.221128
 0 0.216361
 0 0.235018
 0 0.226193
 0 0.216371
 0 0.234845
 0 0.229025
 0 0.23739
 0 0.222894
 0 0.233482
 0 0.219871
 0 0.207996
 0 0.240057
 0 0.231391
 0 0.223588
 0 0.215402
 0 0.211352
 0 0.225898
 0 0.241312
 0 0.244561
 0 0.22947
 0 0.224116
 0 0.230522
 0 0.227584
 0 0.232357
 0 0.244364
 0 0.229824
 0 0.232023
 0 0.221449
 0 0.220048
 0 0.218727
 0 0.220068
 0 0.223921
 0 0.216034
 0 0.22601
 0 0.217788
 0 0.234157
 0 0.225519
 0 0.227309
 0 0.228905
 0 0.225752
 0 0.218298
 0 0.233549
 0 0.215763
 0 0.204911
 0 0.215779
 0 0.231353
 0 0.227257
 0 0.22933
 0 0.227052
 0 0.232971
 0 0.239405
 0 0.23499
 0 0.242287
 0 0.23516
 0 0.235788
 0 0.234141
 0 0.227221
 0 0.22945
 0 0.243836
 0 0.227355
 0 0.239397
 0 0.225503
 0 0.216233
 0 0.24257
 0 0.225204
 0 0.221172
 0 0.211496
 0 0.236563
 0 0.225152
 0 0.226996
 0 0.231544
 0 0.243497
 0 0.223961
 0 0.222599
 0 0.217433
 0 0.221671
 0 0.230576
 0 0.215197
 0 0.224979
 0 0.232025
 0 0.237508
 0 0.221844
 0 0.228084
 0 0.217977
 0 0.238251
 0 0.237266
 0 0.229928
 0 0.226982
 0 0.234648
 0 0.229625
 0 0.238371
 0 0.21776
 0 0.225412
 0 0.219303
 0 0.220812
 0 0.243084
 0 0.234966
 0 0.237398
 0 0.227124
 0 0.229804
 0 0.233322
 0 0.232724
 0 0.224214
 0 0.232822
 0 0.232585
 0 0.235718
 0 0.220762
 0 0.229485
 0 0.234968
 0 0.224114
 0 0.226922
 0 0.226251
 0 0.246431
 0 0.217886
 0 0.213997
 0 0.213908
 0 0.211793
 0 0.227441
 0 0.219175
 0 0.229163
 0 0.233302
 0 0.236218
 0 0.22579
 0 0.215984
 0 0.233013
 0 0.22943
 0 0.218545
 0 0.22465
 0 0.224072
 0 0.237251
 0 0.232529
 0 0.224349
 0 0.234504
 0 0.236804
 0 0.22529
 0 0.229659
 0 0.242379
 0 0.221156
 0 0.25235
 0 0.244176
 0 0.225846
 0 0.207346
 0 0.237336
 0 0.2357
 0 0.223032
 0 0.231754
 0 0.239489
 0 0.240718
 0 0.224252
 0 0.22705
 0 0.229468
 0 0.237201
 0 0.218348
 0 0.208646
 0 0.230135
 0 0.218159
 0 0.213557
 0 0.224224
 0 0.224168
 0 0.221838
 0 0.234781
 0 0.230926
 0 0.222944
 0 0.232579
 0 0.235008
 0 0.232571
 0 0.22524
 0 0.235855
 0 0.237506
 0 0.220154
 0 0.23097
 0 0.239186
 0 0.221324
 0 0.241837
 0 0.227311
 0 0.226721
 0 0.22876
 0 0.223668
 0 0.233013
 0 0.229065
 0 0.241412
 0 0.231363
 0 0.227801
 0 0.222488
 0 0.229968
 0 0.228547
 0 0.229398
 0 0.223275
 0 0.220064
 0 0.23516
 0 0.219143
 0 0.215921
 0 0.220054
 0 0.223128
 0 0.236459
 0 0.238969
 0 0.23746
 0 0.214372
 0 0.22943
 0 0.231487
 0 0.215492
 0 0.231126
 0 0.223644
 0 0.223939
 0 0.213178
 0 0.213625
 0 0.22878
 0 0.23788
 0 0.230414
 0 0.240559
 0 0.229334
 0 0.241169
 0 0.234797
 0 0.238157
 0 0.238813
 0 0.224036
 0 0.220885
 0 0.23047
 0 0.223895
 0 0.235666
 0 0.225093
 0 0.228369
 0 0.21845
 0 0.238309
 0 0.239283
 0 0.22419
 0 0.234227
 0 0.223995
 0 0.227399
 0 0.224899
 0 0.224939
 0 0.236039
 0 0.233143
 0 0.229613
 0 0.231494
 0 0.227546
 0 0.224094
 0 0.236826
 0 0.230113
 0 0.22631
 0 0.226043
 0 0.23118
 0 0.230773
 0 0.232059
 0 0.225095
 0 0.217936
 0 0.221196
 0 0.233691
 0 0.24609
 0 0.220156
 0 0.23984
 0 0.228433
 0 0.238432
 0 0.224636
 0 0.245665
 0 0.223785
 0 0.233765
 0 0.216239
 0 0.235395
 0 0.226115
 0 0.242949
 0 0.226466
 0 0.230871
 0 0.227068
 0 0.230984
 0 0.238331
 0 0.236611
 0 0.222793
 0 0.236374
 0 0.229633
 0 0.226037
 0 0.210659
 0 0.234099
 0 0.23047
 0 0.237378
 0 0.233159
 0 0.24086
 0 0.22871
 0 0.226253
 0 0.227142
 0 0.23169
 0 0.231893
 0 0.237464
 0 0.221698
 0 0.228192
 0 0.230877
 0 0.232617
 0 0.223546
 0 0.22009
 0 0.229968
 0 0.231102
 0 0.224421
 0 0.230213
 0 0.231375
 0 0.235337
 0 0.222424
 0 0.222382
 0 0.228387
 0 0.231205
 0 0.233699
 0 0.245318
 0 0.214173
 0 0.226827
 0 0.236716
 0 0.222288
 0 0.236744
 0 0.226723
 0 0.235
 0 0.236519
 0 0.237888
 0 0.227636
 0 0.231668
 0 0.231917
 0 0.223975
 0 0.217425
 0 0.234849
 0 0.240358
 0 0.22698
 0 0.224252
 0 0.232702
 0 0.234245
 0 0.225312
 0 0.220558
 0 0.227704
 0 0.201997
 0 0.226552
 0 0.217898
 0 0.227379
 0 0.214394
 0 0.224638
 0 0.223149
 0 0.235901
 0 0.227602
 0 0.224911
 0 0.228577
 0 0.215237
 0 0.205044
 0 0.227381
 0 0.233607
 0 0.218205
 0 0.218613
 0 0.232098
 0 0.215444
 0 0.220515
 0 0.228088
 0 0.22188
 0 0.219359
 0 0.211996
 0 0.216837
 0 0.222747
 0 0.224812
 0 0.227179
 0 0.224357
 0 0.237137
 0 0.215486
 0 0.218926
 0 0.223945
 0 0.227716
 0 0.22406
 0 0.229796
 0 0.238546
 0 0.228256
 0 0.251559
 0 0.23635
 0 0.229362
 0 0.236531
 0 0.226912
 0 0.225376
 0 0.230869
 0 0.241982
 0 0.226904
 0 0.226123
 0 0.230161
 0 0.235275
 0 0.226149
 0 0.242169
 0 0.231742
 0 0.221196
 0 0.229601
 0 0.242708
 0 0.239226
 0 0.233488
 0 0.223399
 0 0.231281
 0 0.221551
 0 0.224409
 0 0.225286
 0 0.213132
 0 0.216943
 0 0.232597
 0 0.227969
 0 0.206607
 0 0.223554
 0 0.217212
 0 0.219885
 0 0.240483
 0 0.227911
 0 0.238811
 0 0.211408
 0 0.232935
 0 0.227648
 0 0.224479
 0 0.210703
 0 0.226737
 0 0.22173
 0 0.237745
 0 0.231299
 0 0.22346
 0 0.241815
 0 0.241005
 0 0.230446
 0 0.227664
 0 0.21997
 0 0.224339
 0 0.21717
 0 0.227303
 0 0.229521
 0 0.2132
 0 0.226703
 0 0.218356
 0 0.224375
 0 0.233396
 0 0.233934
 0 0.225709
 0 0.224152
 0 0.218514
 0 0.220548
 0 0.222942
 0 0.223074
 0 0.220644
 0 0.222416
 0 0.220726
 0 0.221621
 0 0.23447
 0 0.229147
 0 0.22531
 0 0.229318
 0 0.229137
 0 0.237207
 0 0.226259
 0 0.235423
 0 0.238751
 0 0.221344
 0 0.237651
 0 0.226767
 0 0.245801
 0 0.232716
 0 0.22463
 0 0.238707
 0 0.229011
 0 0.235331
 0 0.231421
 0 0.229129
 0 0.234046
 0 0.23208
 0 0.241041
 0 0.237797
 0 0.23861
 0 0.225888
 0 0.237137
 0 0.237121
 0 0.221936
 0 0.235369
 0 0.222223
 0 0.227835
 0 0.220259
 0 0.22361
 0 0.233023
 0 0.219725
 0 0.214224
 0 0.223939
 0 0.218785
 0 0.212219
 0 0.223769
 0 0.220523
 0 0.216265
 0 0.232397
 0 0.234851
 0 0.225509
 0 0.239897
 0 0.227881
 0 0.21658
 0 0.224517
 0 0.230552
 0 0.228832
 0 0.21949
 0 0.230376
 0 0.221298
 0 0.230287
 0 0.229495
 0 0.222691
 0 0.237061
 0 0.238468
 0 0.226508
 0 0.223464
 0 0.240292
 0 0.234305
 0 0.227451
 0 0.229733
 0 0.223526
 0 0.229204
 0 0.220363
 0 0.221601
 0 0.228742
 0 0.236097
 0 0.224112
 0 0.236631
 0 0.227696
 0 0.231287
 0 0.23799
 0 0.234087
 0 0.227564
 0 0.228405
 0 0.234209
 0 0.224724
 0 0.232999
 0 0.234042
 0 0.22766
 0 0.230825
 0 0.218502
 0 0.239698
 0 0.247413
 0 0.230891
 0 0.234691
