603 1 0 0 1
 0 0.188805
 0 0.179286
 0 0.165995
 0 0.189911
 0 0.173212
 0 0.146719
 0 0.167411
 0 0.177881
 0 0.163704
 0 0.182528
 0 0.179982
 0 0.178901
 0 0.180544
 0 0.177428
 0 0.185435
 0 0.175202
 0 0.165617
 0 0.178655
 0 0.178361
 0 0.171456
 0 0.169297
 0 0.167735
 0 0.155933
 0 0.174042
 0 0.160327
 0 0.163214
 0 0.174068
 0 0.161057
 0 0.170084
 0 0.181149
 0 0.166491
 0 0.180605
 0 0.171814
 0 0.175012
 0 0.172896
 0 0.175911
 0 0.171832
 0 0.171364
 0 0.155687
 0 0.161546
 0 0.172242
 0 0.177435
 0 0.156734
 0 0.168916
 0 0.163695
 0 0.165237
 0 0.175791
 0 0.184601
 0 0.174661
 0 0.172708
 0 0.15648
 0 0.176201
 0 0.169166
 0 0.177219
 0 0.163113
 0 0.167352
 0 0.172688
 0 0.170119
 0 0.175987
 0 0.175035
 0 0.183132
 0 0.176794
 0 0.169301
 0 0.170104
 0 0.166123
 0 0.167599
 0 0.187335
 0 0.177331
 0 0.173693
 0 0.169295
 0 0.17536
 0 0.165979
 0 0.166496
 0 0.180133
 0 0.170024
 0 0.156226
 0 0.169076
 0 0.173944
 0 0.171294
 0 0.162493
 0 0.170014
 0 0.179316
 0 0.159569
 0 0.173077
 0 0.175067
 0 0.178801
 0 0.145073
 0 0.154033
 0 0.167516
 0 0.153212
 0 0.183831
 0 0.158897
 0 0.157414
 0 0.177
 0 0.15822
 0 0.180481
 0 0.186993
 0 0.176705
 0 0.160489
 0 0.154448
 0 0.155075
 0 0.167067
 0 0.175682
 0 0.178939
 0 0.170248
 0 0.160208
 0 0.180227
 0 0.16537
 0 0.164457
 0 0.166492
 0 0.173566
 0 0.168785
 0 0.173321
 0 0.169816
 0 0.173833
 0 0.173874
 0 0.166532
 0 0.172686
 0 0.168943
 0 0.16661
 0 0.158667
 0 0.165232
 0 0.176368
 0 0.168004
 0 0.18211
 0 0.169517
 0 0.184272
 0 0.168487
 0 0.169381
 0 0.189699
 0 0.169117
 0 0.173653
 0 0.163995
 0 0.170308
 0 0.17909
 0 0.173718
 0 0.194146
 0 0.175836
 0 0.170296
 0 0.179008
 0 0.178212
 0 0.171086
 0 0.176127
 0 0.192944
 0 0.163477
 0 0.166466
 0 0.174551
 0 0.168615
 0 0.166149
 0 0.186267
 0 0.196166
 0 0.18823
 0 0.157414
 0 0.171848
 0 0.169909
 0 0.158752
 0 0.170437
 0 0.161983
 0 0.172357
 0 0.171827
 0 0.170721
 0 0.163085
 0 0.143779
 0 0.164089
 0 0.168016
 0 0.175887
 0 0.168863
 0 0.177308
 0 0.170263
 0 0.164828
 0 0.172172
 0 0.154946
 0 0.161959
 0 0.161228
 0 0.168246
 0 0.166876
 0 0.186777
 0 0.180428
 0 0.166397
 0 0.180493
 0 0.168913
 0 0.18089
 0 0.173329
 0 0.173305
 0 0.179056
 0 0.167964
 0 0.182953
 0 0.181482
 0 0.181483
 0 0.170845
 0 0.18293
 0 0.174928
 0 0.139012
 0 0.171987
 0 0.169748
 0 0.178012
 0 0.168757
 0 0.169439
 0 0.163194
 0 0.172506
 0 0.170476
 0 0.174304
 0 0.173718
 0 0.18381
 0 0.180127
 0 0.157253
 0 0.177209
 0 0.17065
 0 0.168348
 0 0.174405
 0 0.172313
 0 0.160755
 0 0.176518
 0 0.179384
 0 0.164856
 0 0.1775
 0 0.164392
 0 0.1889
 0 0.183287
 0 0.186018
 0 0.16023
 0 0.168746
 0 0.166493
 0 0.189586
 0 0.179532
 0 0.180519
 0 0.171926
 0 0.177238
 0 0.167539
 0 0.182942
 0 0.187239
 0 0.175783
 0 0.165597
 0 0.179395
 0 0.167634
 0 0.165115
 0 0.171216
 0 0.162937
 0 0.169222
 0 0.170055
 0 0.189599
 0 0.164864
 0 0.184259
 0 0.178336
 0 0.173405
 0 0.176693
 0 0.175655
 0 0.179825
 0 0.168135
 0 0.162366
 0 0.171689
 0 0.173852
 0 0.166966
 0 0.170472
 0 0.161241
 0 0.157434
 0 0.159957
 0 0.17041
 0 0.158986
 0 0.179832
 0 0.167711
 0 0.165075
 0 0.165261
 0 0.169725
 0 0.169057
 0 0.159475
 0 0.176426
 0 0.177903
 0 0.179727
 0 0.152741
 0 0.167894
 0 0.162178
 0 0.18679
 0 0.186795
 0 0.174596
 0 0.156239
 0 0.181047
 0 0.172223
 0 0.178172
 0 0.158711
 0 0.162798
 0 0.17612
 0 0.173593
 0 0.164265
 0 0.175884
 0 0.170323
 0 0.167982
 0 0.167613
 0 0.177567
 0 0.177937
 0 0.174173
 0 0.184141
 0 0.186961
 0 0.163027
 0 0.172239
 0 0.176266
 0 0.1818
 0 0.176293
 0 0.168946
 0 0.182048
 0 0.16116
 0 0.170118
 0 0.168099
 0 0.155701
 0 0.17451
 0 0.181624
 0 0.161399
 0 0.164078
 0 0.177111
 0 0.187513
 0 0.174895
 0 0.171316
 0 0.173185
 0 0.17378
 0 0.174986
 0 0.164957
 0 0.174706
 0 0.159618
 0 0.175097
 0 0.169645
 0 0.173244
 0 0.17368
 0 0.161674
 0 0.174738
 0 0.173742
 0 0.166819
 0 0.15737
 0 0.180835
 0 0.167164
 0 0.182289
 0 0.174491
 0 0.178893
 0 0.168842
 0 0.183308
 0 0.17836
 0 0.178202
 0 0.176859
 0 0.163802
 0 0.173998
 0 0.184114
 0 0.164953
 0 0.164029
 0 0.170615
 0 0.162459
 0 0.178513
 0 0.173306
 0 0.180897
 0 0.179924
 0 0.166563
 0 0.181062
 0 0.160448
 0 0.178827
 0 0.166531
 0 0.170661
 0 0.170374
 0 0.185274
 0 0.174258
 0 0.168192
 0 0.19121
 0 0.164694
 0 0.169365
 0 0.170165
 0 0.171097
 0 0.175893
 0 0.181693
 0 0.17508
 0 0.173162
 0 0.170596
 0 0.163557
 0 0.176751
 0 0.170159
 0 0.162731
 0 0.173513
 0 0.173953
 0 0.169962
 0 0.18008
 0 0.174245
 0 0.175528
 0 0.179143
 0 0.182872
 0 0.174461
 0 0.174154
 0 0.168284
 0 0.167952
 0 0.164906
 0 0.16344
 0 0.171011
 0 0.174117
 0 0.171661
 0 0.180504
 0 0.170955
 0 0.162824
 0 0.159661
 0 0.167983
 0 0.171486
 0 0.19685
 0 0.184034
 0 0.173063
 0 0.173667
 0 0.181193
 0 0.166287
 0 0.169097
 0 0.172563
 0 0.167342
 0 0.175617
 0 0.158325
 0 0.156717
 0 0.171317
 0 0.173624
 0 0.182597
 0 0.173027
 0 0.175512
 0 0.170338
 0 0.159495
 0 0.177149
 0 0.160593
 0 0.185613
 0 0.179335
 0 0.174385
 0 0.172102
 0 0.176014
 0 0.174685
 0 0.160606
 0 0.16637
 0 0.164619
 0 0.173384
 0 0.173976
 0 0.162363
 0 0.153008
 0 0.180062
 0 0.166579
 0 0.182902
 0 0.181155
 0 0.169559
 0 0.169838
 0 0.159516
 0 0.18434
 0 0.163517
 0 0.173586
 0 0.169414
 0 0.17581
 0 0.182323
 0 0.171151
 0 0.170887
 0 0.174792
 0 0.164229
 0 0.159013
 0 0.184181
 0 0.183837
 0 0.163292
 0 0.18704
 0 0.16824
 0 0.184993
 0 0.165073
 0 0.175849
 0 0.166526
 0 0.18305
 0 0.169953
 0 0.192694
 0 0.186103
 0 0.166043
 0 0.173059
 0 0.188103
 0 0.180088
 0 0.16861
 0 0.171126
 0 0.17422
 0 0.169526
 0 0.178043
 0 0.158224
 0 0.152957
 0 0.161566
 0 0.177601
 0 0.17597
 0 0.182145
 0 0.182407
 0 0.183543
 0 0.17696
 0 0.17975
 0 0.174566
 0 0.168491
 0 0.165346
 0 0.175178
 0 0.166982
 0 0.183217
 0 0.174427
 0 0.163705
 0 0.180507
 0 0.171521
 0 0.168661
 0 0.176846
 0 0.177384
 0 0.174865
 0 0.169457
 0 0.16844
 0 0.173572
 0 0.147382
 0 0.158665
 0 0.16771
 0 0.175295
 0 0.175723
 0 0.171489
 0 0.172779
 0 0.162477
 0 0.17156
 0 0.175064
 0 0.167848
 0 0.171375
 0 0.173347
 0 0.171284
 0 0.170081
 0 0.162987
 0 0.173874
 0 0.180772
 0 0.175928
 0 0.174871
 0 0.167453
 0 0.1829
 0 0.166728
 0 0.180265
 0 0.175117
 0 0.172089
 0 0.176316
 0 0.157886
 0 0.177092
 0 0.165995
 0 0.169205
 0 0.168881
 0 0.167992
 0 0.188713
 0 0.184289
 0 0.184209
 0 0.165099
 0 0.181649
 0 0.172413
 0 0.199644
 0 0.18172
 0 0.178996
 0 0.189155
 0 0.183744
 0 0.155698
 0 0.164033
 0 0.163115
 0 0.170361
 0 0.168989
 0 0.179014
 0 0.17689
 0 0.172575
 0 0.175737
 0 0.172501
 0 0.163003
 0 0.177345
 0 0.163646
 0 0.171935
 0 0.171936
 0 0.169318
 0 0.175033
 0 0.186357
 0 0.171928
 0 0.167922
 0 0.161568
 0 0.171522
 0 0.175998
 0 0.165707
 0 0.184582
 0 0.169667
 0 0.175438
 0 0.18161
 0 0.173698
 0 0.175948
 0 0.183639
 0 0.184877
 0 0.166758
 0 0.18565
 0 0.180579
 0 0.174057
 0 0.18589
 0 0.169347
 0 0.168091
 0 0.172793
 0 0.177814
 0 0.169806
 0 0.177712
 0 0.178787
 0 0.161917
 0 0.184781
 0 0.17354
 0 0.175655
 0 0.178332
 0 0.171769
 0 0.17312
 0 0.170341
 0 0.166191
 0 0.175936
 0 0.172857
 0 0.178211
 0 0.175583
 0 0.171966
 0 0.170044
 0 0.166745
 0 0.161332
 0 0.161316
 0 0.175007
