603 1 0 0 1
 0 0.0691161
 0 0.068657
 0 0.0684895
 0 0.0687003
 0 0.0681041
 0 0.0645411
 0 0.0697825
 0 0.0729147
 0 0.0742224
 0 0.0715139
 0 0.0660988
 0 0.0740434
 0 0.0640361
 0 0.0644427
 0 0.0689563
 0 0.0706279
 0 0.068624
 0 0.0699245
 0 0.0692379
 0 0.0641451
 0 0.0647727
 0 0.0628741
 0 0.0611482
 0 0.0637222
 0 0.0677957
 0 0.0663837
 0 0.0715152
 0 0.0725543
 0 0.0662943
 0 0.0707666
 0 0.0720847
 0 0.0722863
 0 0.0657093
 0 0.0708413
 0 0.0730728
 0 0.0711315
 0 0.0631729
 0 0.064643
 0 0.0706943
 0 0.0658339
 0 0.0692778
 0 0.0726289
 0 0.0652257
 0 0.0698483
 0 0.0673247
 0 0.0712121
 0 0.0718317
 0 0.0682618
 0 0.0682305
 0 0.0666286
 0 0.0629263
 0 0.0621323
 0 0.0638686
 0 0.0727003
 0 0.0650388
 0 0.0712745
 0 0.0698062
 0 0.065459
 0 0.0702846
 0 0.070079
 0 0.0680143
 0 0.0721428
 0 0.071955
 0 0.0690072
 0 0.0652498
 0 0.0703269
 0 0.065095
 0 0.0706474
 0 0.0706736
 0 0.0717029
 0 0.0714723
 0 0.0693878
 0 0.0705353
 0 0.0686405
 0 0.0735034
 0 0.0677352
 0 0.0764331
 0 0.0749968
 0 0.0652182
 0 0.0709413
 0 0.0663922
 0 0.0725305
 0 0.0665699
 0 0.0676462
 0 0.0710328
 0 0.0721802
 0 0.070313
 0 0.0739488
 0 0.0705659
 0 0.0641743
 0 0.0741898
 0 0.0713149
 0 0.0682186
 0 0.0664432
 0 0.0670229
 0 0.0720559
 0 0.0703101
 0 0.0769986
 0 0.0733441
 0 0.0716728
 0 0.068989
 0 0.0642863
 0 0.0687927
 0 0.0691613
 0 0.0705428
 0 0.0726101
 0 0.0682342
 0 0.0598622
 0 0.0670226
 0 0.0627483
 0 0.0689121
 0 0.063584
 0 0.0695154
 0 0.0633198
 0 0.0722988
 0 0.0688098
 0 0.0751099
 0 0.0703919
 0 0.0647459
 0 0.0635062
 0 0.0674114
 0 0.0611608
 0 0.0605519
 0 0.0696221
 0 0.0681887
 0 0.0696839
 0 0.0662559
 0 0.0699572
 0 0.0677611
 0 0.0716635
 0 0.0716635
 0 0.0757295
 0 0.0707932
 0 0.0747847
 0 0.0755162
 0 0.0692683
 0 0.0658097
 0 0.0683879
 0 0.0685163
 0 0.0708847
 0 0.0654868
 0 0.0664014
 0 0.0669255
 0 0.0606849
 0 0.0534993
 0 0.0624287
 0 0.069565
 0 0.0650173
 0 0.0720446
 0 0.0681567
 0 0.0734167
 0 0.0663404
 0 0.0681696
 0 0.0665058
 0 0.0715711
 0 0.0729553
 0 0.0723702
 0 0.0691145
 0 0.077719
 0 0.0715623
 0 0.0725647
 0 0.0685203
 0 0.0621023
 0 0.0625947
 0 0.0712549
 0 0.0700706
 0 0.0701279
 0 0.0699374
 0 0.0738524
 0 0.0697554
 0 0.0627251
 0 0.068691
 0 0.0665501
 0 0.0646712
 0 0.0706549
 0 0.0673856
 0 0.0722206
 0 0.0728777
 0 0.0718224
 0 0.0770274
 0 0.0732105
 0 0.0752466
 0 0.0744227
 0 0.0713301
 0 0.0721549
 0 0.0672321
 0 0.0701236
 0 0.0721519
 0 0.0697046
 0 0.0669894
 0 0.0719745
 0 0.0766512
 0 0.0598862
 0 0.0633727
 0 0.0651232
 0 0.0655356
 0 0.0635307
 0 0.0723241
 0 0.0694487
 0 0.0693375
 0 0.070652
 0 0.0640598
 0 0.0632871
 0 0.0720575
 0 0.0697552
 0 0.0660907
 0 0.0708942
 0 0.0693229
 0 0.0716877
 0 0.0724228
 0 0.059553
 0 0.073005
 0 0.0720193
 0 0.0723365
 0 0.0701859
 0 0.0719895
 0 0.068677
 0 0.0734078
 0 0.0771365
 0 0.0676283
 0 0.0654443
 0 0.0754584
 0 0.0733128
 0 0.068366
 0 0.0741058
 0 0.0737286
 0 0.0726211
 0 0.0686176
 0 0.07243
 0 0.0689834
 0 0.0714345
 0 0.064897
 0 0.0594502
 0 0.064732
 0 0.0672608
 0 0.064362
 0 0.068978
 0 0.0664406
 0 0.0659202
 0 0.0739762
 0 0.0727802
 0 0.0691105
 0 0.0722537
 0 0.0747625
 0 0.0679882
 0 0.0666045
 0 0.0724915
 0 0.0749079
 0 0.0684573
 0 0.0661628
 0 0.0661274
 0 0.0629723
 0 0.0721169
 0 0.0704408
 0 0.0684729
 0 0.0644062
 0 0.0654359
 0 0.072661
 0 0.0721124
 0 0.076188
 0 0.0691914
 0 0.065651
 0 0.0730023
 0 0.0712391
 0 0.0685339
 0 0.068342
 0 0.0717451
 0 0.0660592
 0 0.0703639
 0 0.0667336
 0 0.0712589
 0 0.0594213
 0 0.0659612
 0 0.0724017
 0 0.0721845
 0 0.0618277
 0 0.0624491
 0 0.0684468
 0 0.0686744
 0 0.0660335
 0 0.0760188
 0 0.0742116
 0 0.0663685
 0 0.0646068
 0 0.0641747
 0 0.0711496
 0 0.0739876
 0 0.0735877
 0 0.0751279
 0 0.0743361
 0 0.0727944
 0 0.073375
 0 0.0710026
 0 0.0718122
 0 0.068022
 0 0.0688373
 0 0.0708611
 0 0.0707208
 0 0.0730843
 0 0.0666507
 0 0.0626313
 0 0.066998
 0 0.0695747
 0 0.0686102
 0 0.0722385
 0 0.0676797
 0 0.0697918
 0 0.0635571
 0 0.0773995
 0 0.0773995
 0 0.0746935
 0 0.0719688
 0 0.0700618
 0 0.0763598
 0 0.0737053
 0 0.0739192
 0 0.0781429
 0 0.0778404
 0 0.0656458
 0 0.0737824
 0 0.0713543
 0 0.0730158
 0 0.0661032
 0 0.0641278
 0 0.0688338
 0 0.0706264
 0 0.0721687
 0 0.0754322
 0 0.0656684
 0 0.0737923
 0 0.0715673
 0 0.0736955
 0 0.0704554
 0 0.071769
 0 0.0694146
 0 0.0760092
 0 0.0672402
 0 0.0757147
 0 0.0670832
 0 0.0698477
 0 0.0718955
 0 0.0690352
 0 0.0712976
 0 0.0673655
 0 0.0727604
 0 0.0739618
 0 0.0675736
 0 0.0694319
 0 0.0749025
 0 0.0691327
 0 0.0655295
 0 0.0721281
 0 0.0737013
 0 0.0730389
 0 0.0775628
 0 0.0738512
 0 0.0739716
 0 0.0715825
 0 0.0655986
 0 0.0695322
 0 0.0755433
 0 0.0757319
 0 0.068749
 0 0.0669136
 0 0.070065
 0 0.0747119
 0 0.0664161
 0 0.0639635
 0 0.0694386
 0 0.0691803
 0 0.0681922
 0 0.0709765
 0 0.073788
 0 0.0713327
 0 0.0627723
 0 0.0589363
 0 0.0666688
 0 0.0743522
 0 0.072703
 0 0.0709548
 0 0.0581833
 0 0.0654194
 0 0.0732989
 0 0.0714175
 0 0.0732986
 0 0.0720697
 0 0.07703
 0 0.0744197
 0 0.071787
 0 0.0646591
 0 0.0719928
 0 0.072539
 0 0.076954
 0 0.0712086
 0 0.0715159
 0 0.0638092
 0 0.0688099
 0 0.0623684
 0 0.0705788
 0 0.070213
 0 0.0708346
 0 0.0705475
 0 0.0662579
 0 0.0585182
 0 0.0703112
 0 0.0660693
 0 0.0683838
 0 0.0698467
 0 0.0691638
 0 0.068767
 0 0.0715804
 0 0.0716856
 0 0.0706761
 0 0.0631742
 0 0.0673159
 0 0.0597574
 0 0.0645951
 0 0.0653927
 0 0.0650059
 0 0.067465
 0 0.0694553
 0 0.0695826
 0 0.0692323
 0 0.0674615
 0 0.0644841
 0 0.0681262
 0 0.0653473
 0 0.0646348
 0 0.0700279
 0 0.0648794
 0 0.0694587
 0 0.0690368
 0 0.0729438
 0 0.0616713
 0 0.0628802
 0 0.0607553
 0 0.0666305
 0 0.065409
 0 0.0669736
 0 0.0697386
 0 0.0634659
 0 0.0736579
 0 0.0712126
 0 0.071269
 0 0.072768
 0 0.067467
 0 0.0681994
 0 0.0675302
 0 0.071113
 0 0.072852
 0 0.0697269
 0 0.07808
 0 0.0738479
 0 0.0692108
 0 0.0718579
 0 0.0681862
 0 0.0666831
 0 0.0681282
 0 0.0736236
 0 0.0719582
 0 0.0718191
 0 0.0730816
 0 0.0676219
 0 0.0682357
 0 0.0660182
 0 0.0665388
 0 0.0644371
 0 0.0649722
 0 0.0695244
 0 0.0686003
 0 0.0591487
 0 0.0644573
 0 0.0700758
 0 0.0702146
 0 0.0729805
 0 0.067419
 0 0.0708723
 0 0.0681265
 0 0.0704241
 0 0.0710272
 0 0.0678883
 0 0.0679537
 0 0.07416
 0 0.064735
 0 0.0760175
 0 0.0683094
 0 0.0675091
 0 0.0724259
 0 0.0724415
 0 0.070653
 0 0.0677506
 0 0.0681076
 0 0.0684142
 0 0.0648121
 0 0.0683745
 0 0.0740276
 0 0.0687504
 0 0.0624688
 0 0.0670678
 0 0.0672867
 0 0.0729987
 0 0.0766839
 0 0.0704452
 0 0.068188
 0 0.0719434
 0 0.0730842
 0 0.0713978
 0 0.0694836
 0 0.0692102
 0 0.0679494
 0 0.0704335
 0 0.0618859
 0 0.0705892
 0 0.0705694
 0 0.0740035
 0 0.0709123
 0 0.0722769
 0 0.0767539
 0 0.0618778
 0 0.0699515
 0 0.077414
 0 0.0709911
 0 0.0725243
 0 0.0710982
 0 0.0732728
 0 0.0716455
 0 0.0675443
 0 0.0710744
 0 0.0729741
 0 0.0683979
 0 0.0643823
 0 0.0703579
 0 0.068192
 0 0.0707054
 0 0.0768141
 0 0.0733258
 0 0.0736921
 0 0.0672799
 0 0.0728645
 0 0.0720742
 0 0.0669311
 0 0.0705369
 0 0.068682
 0 0.07503
 0 0.0687887
 0 0.0649085
 0 0.071414
 0 0.0687893
 0 0.0706882
 0 0.0625448
 0 0.0649198
 0 0.0621589
 0 0.0685804
 0 0.071262
 0 0.066234
 0 0.0734254
 0 0.0758326
 0 0.0657482
 0 0.0698299
 0 0.0724623
 0 0.0714086
 0 0.0658127
 0 0.0715974
 0 0.0694574
 0 0.0620119
 0 0.0722794
 0 0.0715253
 0 0.0696346
 0 0.0701689
 0 0.0666988
 0 0.0680149
 0 0.073494
 0 0.0675721
 0 0.0641888
 0 0.0684357
 0 0.0688718
 0 0.0703316
 0 0.0690822
 0 0.0655981
 0 0.0722431
 0 0.0734542
 0 0.0697433
 0 0.0697242
 0 0.071562
 0 0.0701371
 0 0.0708036
 0 0.0705224
 0 0.0709244
 0 0.0750405
 0 0.0727359
 0 0.0722527
 0 0.0720993
 0 0.0694663
 0 0.0704933
 0 0.0705277
 0 0.0670514
 0 0.0717888
 0 0.0713937
 0 0.0703306
 0 0.0705614
 0 0.0760425
 0 0.0695951
 0 0.0756394
