603 1 0 0 1
 0 0.13798
 0 0.137064
 0 0.136729
 0 0.13715
 0 0.13596
 0 0.128847
 0 0.139311
 0 0.145564
 0 0.148174
 0 0.142767
 0 0.131957
 0 0.147817
 0 0.127839
 0 0.128651
 0 0.137661
 0 0.140998
 0 0.136998
 0 0.139594
 0 0.138223
 0 0.128056
 0 0.129309
 0 0.125519
 0 0.122074
 0 0.127212
 0 0.135344
 0 0.132525
 0 0.14277
 0 0.144844
 0 0.132347
 0 0.141275
 0 0.143907
 0 0.144309
 0 0.131179
 0 0.141424
 0 0.145879
 0 0.142004
 0 0.126116
 0 0.12905
 0 0.141131
 0 0.131428
 0 0.138303
 0 0.144993
 0 0.130214
 0 0.139442
 0 0.134404
 0 0.142165
 0 0.143402
 0 0.136275
 0 0.136212
 0 0.133014
 0 0.125623
 0 0.124038
 0 0.127504
 0 0.145136
 0 0.129841
 0 0.142289
 0 0.139358
 0 0.130679
 0 0.140313
 0 0.139903
 0 0.135781
 0 0.144023
 0 0.143648
 0 0.137763
 0 0.130262
 0 0.140398
 0 0.129953
 0 0.141037
 0 0.14109
 0 0.143145
 0 0.142684
 0 0.138523
 0 0.140814
 0 0.137031
 0 0.146739
 0 0.135224
 0 0.152588
 0 0.14972
 0 0.130199
 0 0.141624
 0 0.132542
 0 0.144797
 0 0.132897
 0 0.135046
 0 0.141807
 0 0.144097
 0 0.14037
 0 0.147628
 0 0.140875
 0 0.128115
 0 0.148109
 0 0.14237
 0 0.136189
 0 0.132644
 0 0.133802
 0 0.143849
 0 0.140364
 0 0.153717
 0 0.146421
 0 0.143084
 0 0.137727
 0 0.128338
 0 0.137335
 0 0.138071
 0 0.140829
 0 0.144956
 0 0.13622
 0 0.119506
 0 0.133801
 0 0.125268
 0 0.137573
 0 0.126936
 0 0.138777
 0 0.126409
 0 0.144334
 0 0.137369
 0 0.149946
 0 0.140527
 0 0.129256
 0 0.126781
 0 0.134577
 0 0.122099
 0 0.120883
 0 0.13899
 0 0.136129
 0 0.139114
 0 0.13227
 0 0.139659
 0 0.135275
 0 0.143066
 0 0.143066
 0 0.151183
 0 0.141328
 0 0.149297
 0 0.150757
 0 0.138284
 0 0.13138
 0 0.136527
 0 0.136783
 0 0.141511
 0 0.130735
 0 0.132561
 0 0.133607
 0 0.121149
 0 0.106804
 0 0.12463
 0 0.138877
 0 0.129798
 0 0.143827
 0 0.136065
 0 0.146566
 0 0.132439
 0 0.136091
 0 0.132769
 0 0.142881
 0 0.145645
 0 0.144477
 0 0.137977
 0 0.155155
 0 0.142864
 0 0.144865
 0 0.136791
 0 0.123978
 0 0.124961
 0 0.14225
 0 0.139886
 0 0.14
 0 0.13962
 0 0.147436
 0 0.139257
 0 0.125222
 0 0.137132
 0 0.132858
 0 0.129107
 0 0.141052
 0 0.134526
 0 0.144178
 0 0.14549
 0 0.143383
 0 0.153774
 0 0.146154
 0 0.150219
 0 0.148574
 0 0.1424
 0 0.144047
 0 0.134219
 0 0.139992
 0 0.144041
 0 0.139155
 0 0.133735
 0 0.143687
 0 0.153023
 0 0.119554
 0 0.126514
 0 0.130009
 0 0.130832
 0 0.12683
 0 0.144385
 0 0.138644
 0 0.138422
 0 0.141047
 0 0.127886
 0 0.126344
 0 0.143852
 0 0.139256
 0 0.131941
 0 0.14153
 0 0.138393
 0 0.143114
 0 0.144582
 0 0.118889
 0 0.145744
 0 0.143776
 0 0.144409
 0 0.140116
 0 0.143717
 0 0.137104
 0 0.146548
 0 0.153992
 0 0.13501
 0 0.13065
 0 0.150642
 0 0.146358
 0 0.136483
 0 0.147942
 0 0.147189
 0 0.144978
 0 0.136985
 0 0.144596
 0 0.137715
 0 0.142609
 0 0.129558
 0 0.118684
 0 0.129228
 0 0.134277
 0 0.128489
 0 0.137705
 0 0.132639
 0 0.1316
 0 0.147683
 0 0.145295
 0 0.137969
 0 0.144244
 0 0.149253
 0 0.135729
 0 0.132966
 0 0.144719
 0 0.149543
 0 0.136665
 0 0.132085
 0 0.132014
 0 0.125715
 0 0.143971
 0 0.140625
 0 0.136696
 0 0.128578
 0 0.130633
 0 0.145057
 0 0.143962
 0 0.152098
 0 0.138131
 0 0.131063
 0 0.145739
 0 0.142219
 0 0.136818
 0 0.136435
 0 0.143229
 0 0.131878
 0 0.140471
 0 0.133224
 0 0.142258
 0 0.118626
 0 0.131682
 0 0.14454
 0 0.144106
 0 0.12343
 0 0.124671
 0 0.136644
 0 0.137099
 0 0.131826
 0 0.151761
 0 0.148153
 0 0.132495
 0 0.128978
 0 0.128116
 0 0.14204
 0 0.147706
 0 0.146907
 0 0.149982
 0 0.148401
 0 0.145324
 0 0.146483
 0 0.141746
 0 0.143363
 0 0.135796
 0 0.137424
 0 0.141464
 0 0.141184
 0 0.145902
 0 0.133059
 0 0.125034
 0 0.133752
 0 0.138896
 0 0.13697
 0 0.144214
 0 0.135113
 0 0.139329
 0 0.126883
 0 0.154517
 0 0.154517
 0 0.149115
 0 0.143675
 0 0.139868
 0 0.152441
 0 0.147142
 0 0.147569
 0 0.156001
 0 0.155397
 0 0.131052
 0 0.147296
 0 0.142449
 0 0.145766
 0 0.131966
 0 0.128022
 0 0.137417
 0 0.140995
 0 0.144074
 0 0.15059
 0 0.131098
 0 0.147316
 0 0.142874
 0 0.147122
 0 0.140654
 0 0.143276
 0 0.138576
 0 0.151741
 0 0.134235
 0 0.151153
 0 0.133922
 0 0.139441
 0 0.143529
 0 0.137819
 0 0.142335
 0 0.134486
 0 0.145256
 0 0.147654
 0 0.134901
 0 0.138611
 0 0.149532
 0 0.138013
 0 0.13082
 0 0.143993
 0 0.147134
 0 0.145812
 0 0.154843
 0 0.147433
 0 0.147674
 0 0.142904
 0 0.130958
 0 0.138811
 0 0.150811
 0 0.151188
 0 0.137247
 0 0.133583
 0 0.139875
 0 0.149152
 0 0.13259
 0 0.127694
 0 0.138624
 0 0.138109
 0 0.136136
 0 0.141694
 0 0.147307
 0 0.142405
 0 0.125316
 0 0.117658
 0 0.133095
 0 0.148433
 0 0.145141
 0 0.141651
 0 0.116155
 0 0.1306
 0 0.146331
 0 0.142575
 0 0.14633
 0 0.143877
 0 0.153779
 0 0.148568
 0 0.143312
 0 0.129083
 0 0.143723
 0 0.144814
 0 0.153628
 0 0.142158
 0 0.142771
 0 0.127386
 0 0.137369
 0 0.12451
 0 0.1409
 0 0.14017
 0 0.141411
 0 0.140838
 0 0.132274
 0 0.116823
 0 0.140366
 0 0.131898
 0 0.136518
 0 0.139439
 0 0.138076
 0 0.137283
 0 0.1429
 0 0.14311
 0 0.141095
 0 0.126118
 0 0.134387
 0 0.119297
 0 0.128955
 0 0.130547
 0 0.129775
 0 0.134684
 0 0.138658
 0 0.138912
 0 0.138212
 0 0.134677
 0 0.128733
 0 0.136004
 0 0.130456
 0 0.129034
 0 0.139801
 0 0.129522
 0 0.138664
 0 0.137822
 0 0.145622
 0 0.123118
 0 0.125531
 0 0.121289
 0 0.133018
 0 0.13058
 0 0.133703
 0 0.139223
 0 0.126701
 0 0.147047
 0 0.142166
 0 0.142278
 0 0.145271
 0 0.134688
 0 0.13615
 0 0.134814
 0 0.141967
 0 0.145439
 0 0.1392
 0 0.155875
 0 0.147427
 0 0.138169
 0 0.143454
 0 0.136124
 0 0.133123
 0 0.136008
 0 0.146979
 0 0.143654
 0 0.143376
 0 0.145897
 0 0.134997
 0 0.136223
 0 0.131796
 0 0.132835
 0 0.128639
 0 0.129708
 0 0.138795
 0 0.136951
 0 0.118082
 0 0.12868
 0 0.139896
 0 0.140173
 0 0.145695
 0 0.134592
 0 0.141486
 0 0.136005
 0 0.140592
 0 0.141796
 0 0.135529
 0 0.13566
 0 0.14805
 0 0.129234
 0 0.151758
 0 0.13637
 0 0.134772
 0 0.144588
 0 0.144619
 0 0.141049
 0 0.135254
 0 0.135967
 0 0.136579
 0 0.129388
 0 0.1365
 0 0.147785
 0 0.13725
 0 0.12471
 0 0.133891
 0 0.134328
 0 0.145731
 0 0.153088
 0 0.140634
 0 0.136128
 0 0.143625
 0 0.145902
 0 0.142535
 0 0.138714
 0 0.138168
 0 0.135651
 0 0.14061
 0 0.123546
 0 0.140921
 0 0.140882
 0 0.147737
 0 0.141566
 0 0.14429
 0 0.153228
 0 0.12353
 0 0.139648
 0 0.154546
 0 0.141724
 0 0.144784
 0 0.141937
 0 0.146279
 0 0.14303
 0 0.134842
 0 0.14189
 0 0.145682
 0 0.136547
 0 0.12853
 0 0.140459
 0 0.136136
 0 0.141153
 0 0.153348
 0 0.146384
 0 0.147116
 0 0.134315
 0 0.145463
 0 0.143886
 0 0.133618
 0 0.140817
 0 0.137114
 0 0.149787
 0 0.137327
 0 0.12958
 0 0.142568
 0 0.137328
 0 0.141119
 0 0.124862
 0 0.129603
 0 0.124091
 0 0.136911
 0 0.142264
 0 0.132227
 0 0.146583
 0 0.151389
 0 0.131257
 0 0.139405
 0 0.144661
 0 0.142557
 0 0.131386
 0 0.142934
 0 0.138662
 0 0.123798
 0 0.144295
 0 0.14279
 0 0.139015
 0 0.140082
 0 0.133155
 0 0.135782
 0 0.14672
 0 0.134898
 0 0.128144
 0 0.136622
 0 0.137493
 0 0.140407
 0 0.137913
 0 0.130957
 0 0.144223
 0 0.146641
 0 0.139232
 0 0.139194
 0 0.142863
 0 0.140019
 0 0.141349
 0 0.140788
 0 0.14159
 0 0.149808
 0 0.145207
 0 0.144242
 0 0.143936
 0 0.138679
 0 0.14073
 0 0.140798
 0 0.133858
 0 0.143316
 0 0.142527
 0 0.140405
 0 0.140866
 0 0.151808
 0 0.138937
 0 0.151003
