535 1 0 0 1
 0 0.206203
 0 0.212265
 0 0.21731
 0 0.220293
 0 0.213907
 0 0.212144
 0 0.213031
 0 0.216593
 0 0.214636
 0 0.206337
 0 0.210982
 0 0.219509
 0 0.216449
 0 0.212999
 0 0.218385
 0 0.216711
 0 0.211821
 0 0.211625
 0 0.224018
 0 0.221046
 0 0.21424
 0 0.217809
 0 0.217223
 0 0.213664
 0 0.217339
 0 0.220321
 0 0.219046
 0 0.213137
 0 0.218134
 0 0.222234
 0 0.223088
 0 0.214137
 0 0.216617
 0 0.213581
 0 0.216495
 0 0.213606
 0 0.223139
 0 0.218807
 0 0.221777
 0 0.220242
 0 0.211612
 0 0.21359
 0 0.209221
 0 0.218451
 0 0.213203
 0 0.21951
 0 0.219739
 0 0.21785
 0 0.218162
 0 0.217662
 0 0.217288
 0 0.217442
 0 0.212693
 0 0.221958
 0 0.21281
 0 0.221451
 0 0.216155
 0 0.214836
 0 0.214451
 0 0.205947
 0 0.204232
 0 0.210108
 0 0.208334
 0 0.213204
 0 0.207674
 0 0.21157
 0 0.2135
 0 0.214905
 0 0.216362
 0 0.22013
 0 0.20906
 0 0.218756
 0 0.21977
 0 0.208427
 0 0.210509
 0 0.21095
 0 0.211094
 0 0.210936
 0 0.209909
 0 0.209765
 0 0.216703
 0 0.218011
 0 0.204955
 0 0.21327
 0 0.215712
 0 0.211638
 0 0.213698
 0 0.212724
 0 0.218081
 0 0.217111
 0 0.213618
 0 0.219112
 0 0.219402
 0 0.210657
 0 0.219596
 0 0.218599
 0 0.225457
 0 0.226076
 0 0.221121
 0 0.225743
 0 0.212265
 0 0.218258
 0 0.21325
 0 0.216152
 0 0.216326
 0 0.220492
 0 0.21504
 0 0.22179
 0 0.213405
 0 0.219444
 0 0.215323
 0 0.222296
 0 0.209683
 0 0.215725
 0 0.210245
 0 0.214509
 0 0.209885
 0 0.209017
 0 0.215708
 0 0.221247
 0 0.21847
 0 0.218915
 0 0.214393
 0 0.220057
 0 0.208112
 0 0.214621
 0 0.21018
 0 0.220036
 0 0.22563
 0 0.218391
 0 0.224937
 0 0.219873
 0 0.220944
 0 0.221889
 0 0.216446
 0 0.214919
 0 0.214723
 0 0.212083
 0 0.216702
 0 0.215126
 0 0.217498
 0 0.218328
 0 0.212884
 0 0.218778
 0 0.214015
 0 0.221911
 0 0.220179
 0 0.223494
 0 0.22802
 0 0.220908
 0 0.222694
 0 0.221282
 0 0.218418
 0 0.22002
 0 0.216776
 0 0.218377
 0 0.220656
 0 0.219791
 0 0.217081
 0 0.220494
 0 0.215409
 0 0.213033
 0 0.215144
 0 0.212919
 0 0.22001
 0 0.208151
 0 0.204959
 0 0.207214
 0 0.212858
 0 0.220951
 0 0.21287
 0 0.222889
 0 0.216101
 0 0.211112
 0 0.214845
 0 0.213141
 0 0.228775
 0 0.2212
 0 0.22237
 0 0.217163
 0 0.214792
 0 0.224928
 0 0.218985
 0 0.22548
 0 0.221488
 0 0.216175
 0 0.223623
 0 0.212481
 0 0.223087
 0 0.222293
 0 0.215271
 0 0.216526
 0 0.219374
 0 0.216934
 0 0.217793
 0 0.222211
 0 0.216314
 0 0.216478
 0 0.229418
 0 0.219602
 0 0.220939
 0 0.217286
 0 0.217322
 0 0.222894
 0 0.213972
 0 0.21435
 0 0.215328
 0 0.218229
 0 0.21427
 0 0.210347
 0 0.219851
 0 0.209662
 0 0.210845
 0 0.216501
 0 0.211874
 0 0.215456
 0 0.219655
 0 0.215992
 0 0.217452
 0 0.220895
 0 0.209816
 0 0.2227
 0 0.222807
 0 0.2149
 0 0.214097
 0 0.213798
 0 0.207805
 0 0.206718
 0 0.213516
 0 0.216411
 0 0.21628
 0 0.218369
 0 0.215762
 0 0.210586
 0 0.214233
 0 0.213392
 0 0.204193
 0 0.219014
 0 0.213801
 0 0.212174
 0 0.210589
 0 0.211172
 0 0.211243
 0 0.21115
 0 0.201826
 0 0.207253
 0 0.20999
 0 0.215753
 0 0.208992
 0 0.218128
 0 0.215017
 0 0.218205
 0 0.222736
 0 0.221143
 0 0.21974
 0 0.228144
 0 0.215098
 0 0.219075
 0 0.217381
 0 0.215087
 0 0.220798
 0 0.20725
 0 0.211932
 0 0.216896
 0 0.21627
 0 0.214205
 0 0.208317
 0 0.225347
 0 0.219866
 0 0.21214
 0 0.219612
 0 0.21854
 0 0.215691
 0 0.220535
 0 0.214328
 0 0.210463
 0 0.206831
 0 0.213817
 0 0.216974
 0 0.217482
 0 0.222781
 0 0.210009
 0 0.21399
 0 0.212555
 0 0.21377
 0 0.206585
 0 0.207838
 0 0.212077
 0 0.214435
 0 0.216847
 0 0.212659
 0 0.218713
 0 0.219855
 0 0.2138
 0 0.216908
 0 0.215465
 0 0.217153
 0 0.217524
 0 0.213903
 0 0.220263
 0 0.21639
 0 0.215675
 0 0.214028
 0 0.216338
 0 0.212626
 0 0.220142
 0 0.212355
 0 0.219494
 0 0.226333
 0 0.224135
 0 0.219235
 0 0.219365
 0 0.219273
 0 0.218958
 0 0.215936
 0 0.216221
 0 0.21524
 0 0.214168
 0 0.220782
 0 0.216273
 0 0.218348
 0 0.217296
 0 0.215067
 0 0.217393
 0 0.214862
 0 0.219928
 0 0.221113
 0 0.221682
 0 0.215998
 0 0.216694
 0 0.22081
 0 0.223068
 0 0.216424
 0 0.219598
 0 0.218939
 0 0.214878
 0 0.209417
 0 0.214319
 0 0.217019
 0 0.212691
 0 0.213093
 0 0.210408
 0 0.214554
 0 0.215369
 0 0.216638
 0 0.213268
 0 0.220499
 0 0.222718
 0 0.21711
 0 0.212959
 0 0.219569
 0 0.222449
 0 0.219642
 0 0.215035
 0 0.217094
 0 0.207166
 0 0.21227
 0 0.21672
 0 0.211549
 0 0.213328
 0 0.21539
 0 0.209996
 0 0.215451
 0 0.220654
 0 0.217601
 0 0.213077
 0 0.217211
 0 0.214425
 0 0.217035
 0 0.222958
 0 0.205916
 0 0.210334
 0 0.211884
 0 0.214643
 0 0.220833
 0 0.205763
 0 0.21184
 0 0.210051
 0 0.214416
 0 0.215093
 0 0.215776
 0 0.220031
 0 0.207029
 0 0.20925
 0 0.207968
 0 0.218237
 0 0.216244
 0 0.213236
 0 0.218999
 0 0.219832
 0 0.22263
 0 0.211721
 0 0.209401
 0 0.21895
 0 0.223831
 0 0.216633
 0 0.220601
 0 0.222509
 0 0.222987
 0 0.220524
 0 0.212547
 0 0.218409
 0 0.218948
 0 0.220366
 0 0.218695
 0 0.219136
 0 0.225812
 0 0.220455
 0 0.219651
 0 0.216267
 0 0.214854
 0 0.210961
 0 0.216676
 0 0.2166
 0 0.224813
 0 0.212339
 0 0.209267
 0 0.214912
 0 0.208658
 0 0.210554
 0 0.214403
 0 0.205308
 0 0.206668
 0 0.209353
 0 0.219975
 0 0.214094
 0 0.216136
 0 0.208094
 0 0.220531
 0 0.218502
 0 0.214367
 0 0.20866
 0 0.208598
 0 0.21832
 0 0.20692
 0 0.215871
 0 0.215137
 0 0.214086
 0 0.210891
 0 0.212898
 0 0.21428
 0 0.216589
 0 0.222693
 0 0.212444
 0 0.208396
 0 0.217757
 0 0.21751
 0 0.217501
 0 0.217502
 0 0.217291
 0 0.222536
 0 0.22145
 0 0.220248
 0 0.218416
 0 0.220323
 0 0.217452
 0 0.218084
 0 0.21932
 0 0.215247
 0 0.219155
 0 0.220987
 0 0.216306
 0 0.217322
 0 0.212712
 0 0.214172
 0 0.209238
 0 0.208529
 0 0.211855
 0 0.218016
 0 0.20951
 0 0.218495
 0 0.21829
 0 0.221424
 0 0.221054
 0 0.22335
 0 0.214868
 0 0.225422
 0 0.225022
 0 0.222049
 0 0.214237
 0 0.216708
 0 0.222951
 0 0.226371
 0 0.219618
 0 0.220285
 0 0.218989
 0 0.2151
 0 0.21923
 0 0.221064
 0 0.21574
 0 0.212442
 0 0.216654
 0 0.216823
 0 0.21502
 0 0.208314
 0 0.22123
 0 0.214915
 0 0.210403
 0 0.211481
 0 0.211746
 0 0.214166
 0 0.219016
 0 0.217432
 0 0.213919
 0 0.212682
 0 0.211519
 0 0.211512
 0 0.210583
 0 0.213071
 0 0.210624
 0 0.221817
 0 0.219016
 0 0.209599
 0 0.21373
 0 0.217607
 0 0.223288
 0 0.217293
 0 0.221057
 0 0.222239
 0 0.217775
 0 0.21379
 0 0.217526
 0 0.224953
 0 0.217639
 0 0.224021
 0 0.225063
 0 0.219898
 0 0.214077
 0 0.212323
 0 0.218913
 0 0.220292
 0 0.218514
 0 0.220693
 0 0.213548
 0 0.214145
