535 1 0 0 1
 0 0.521298
 0 0.525568
 0 0.526696
 0 0.537848
 0 0.53532
 0 0.53721
 0 0.526928
 0 0.538828
 0 0.52433
 0 0.511906
 0 0.525432
 0 0.537474
 0 0.559972
 0 0.556434
 0 0.549628
 0 0.518446
 0 0.52617
 0 0.535762
 0 0.528722
 0 0.549906
 0 0.531694
 0 0.5483
 0 0.535538
 0 0.539784
 0 0.545894
 0 0.517228
 0 0.535508
 0 0.54624
 0 0.54449
 0 0.536956
 0 0.53837
 0 0.52492
 0 0.538646
 0 0.52137
 0 0.550168
 0 0.524116
 0 0.547996
 0 0.529444
 0 0.527722
 0 0.571528
 0 0.538902
 0 0.541036
 0 0.512858
 0 0.564654
 0 0.550042
 0 0.530524
 0 0.543156
 0 0.531574
 0 0.53526
 0 0.554474
 0 0.546332
 0 0.551168
 0 0.53382
 0 0.53431
 0 0.537996
 0 0.532278
 0 0.533668
 0 0.533278
 0 0.546896
 0 0.51481
 0 0.5267
 0 0.528826
 0 0.534884
 0 0.528492
 0 0.528748
 0 0.52724
 0 0.547824
 0 0.553804
 0 0.543288
 0 0.530768
 0 0.545532
 0 0.526922
 0 0.534822
 0 0.5182
 0 0.544354
 0 0.498186
 0 0.50974
 0 0.498962
 0 0.523232
 0 0.52607
 0 0.516246
 0 0.512454
 0 0.539508
 0 0.535464
 0 0.5245
 0 0.535346
 0 0.529726
 0 0.539778
 0 0.51524
 0 0.528556
 0 0.52829
 0 0.546444
 0 0.529836
 0 0.528624
 0 0.53448
 0 0.528336
 0 0.546222
 0 0.554154
 0 0.537536
 0 0.553826
 0 0.530896
 0 0.539884
 0 0.522742
 0 0.539726
 0 0.5489
 0 0.538078
 0 0.532706
 0 0.532228
 0 0.534668
 0 0.544096
 0 0.530028
 0 0.546842
 0 0.526832
 0 0.522332
 0 0.522002
 0 0.525858
 0 0.508904
 0 0.529576
 0 0.546884
 0 0.55781
 0 0.536586
 0 0.55272
 0 0.547402
 0 0.542502
 0 0.53309
 0 0.537596
 0 0.556362
 0 0.526694
 0 0.556026
 0 0.562008
 0 0.555532
 0 0.54952
 0 0.531922
 0 0.549842
 0 0.534098
 0 0.54721
 0 0.520288
 0 0.519192
 0 0.535478
 0 0.511272
 0 0.546016
 0 0.524602
 0 0.536684
 0 0.520592
 0 0.536224
 0 0.518376
 0 0.533028
 0 0.546412
 0 0.530048
 0 0.52555
 0 0.542882
 0 0.535092
 0 0.532538
 0 0.527364
 0 0.524466
 0 0.5621
 0 0.537002
 0 0.546862
 0 0.542786
 0 0.544088
 0 0.539696
 0 0.517442
 0 0.541874
 0 0.498778
 0 0.5326
 0 0.530446
 0 0.519774
 0 0.539486
 0 0.528908
 0 0.521822
 0 0.533882
 0 0.538388
 0 0.534176
 0 0.544814
 0 0.539082
 0 0.524032
 0 0.54245
 0 0.534394
 0 0.528238
 0 0.531092
 0 0.525482
 0 0.531008
 0 0.536518
 0 0.554288
 0 0.559074
 0 0.522678
 0 0.53802
 0 0.512718
 0 0.535936
 0 0.532014
 0 0.555538
 0 0.532066
 0 0.53558
 0 0.527482
 0 0.525442
 0 0.554208
 0 0.55229
 0 0.544846
 0 0.535216
 0 0.523378
 0 0.532212
 0 0.532196
 0 0.53618
 0 0.548884
 0 0.556416
 0 0.53228
 0 0.513248
 0 0.531708
 0 0.522212
 0 0.51426
 0 0.55246
 0 0.528988
 0 0.505412
 0 0.534726
 0 0.526338
 0 0.566008
 0 0.52931
 0 0.523704
 0 0.519884
 0 0.563806
 0 0.535166
 0 0.565214
 0 0.52637
 0 0.529944
 0 0.522454
 0 0.528936
 0 0.52664
 0 0.498632
 0 0.506202
 0 0.503716
 0 0.521794
 0 0.535404
 0 0.53696
 0 0.511946
 0 0.556096
 0 0.529068
 0 0.527126
 0 0.537422
 0 0.54007
 0 0.529526
 0 0.54439
 0 0.530604
 0 0.533784
 0 0.506784
 0 0.52221
 0 0.522574
 0 0.534596
 0 0.518092
 0 0.536974
 0 0.533212
 0 0.534102
 0 0.513414
 0 0.530194
 0 0.536464
 0 0.534428
 0 0.555296
 0 0.533834
 0 0.52813
 0 0.543216
 0 0.543072
 0 0.541858
 0 0.539462
 0 0.534338
 0 0.518586
 0 0.528496
 0 0.554826
 0 0.541878
 0 0.549662
 0 0.55372
 0 0.521162
 0 0.532886
 0 0.532628
 0 0.526884
 0 0.564324
 0 0.53257
 0 0.51396
 0 0.545612
 0 0.516694
 0 0.552176
 0 0.548862
 0 0.551582
 0 0.5318
 0 0.552232
 0 0.532052
 0 0.53833
 0 0.520218
 0 0.502788
 0 0.510992
 0 0.507048
 0 0.509336
 0 0.545804
 0 0.532084
 0 0.536156
 0 0.534736
 0 0.548754
 0 0.551026
 0 0.553422
 0 0.542222
 0 0.51789
 0 0.513146
 0 0.535632
 0 0.536588
 0 0.569452
 0 0.51634
 0 0.519282
 0 0.51679
 0 0.52452
 0 0.559456
 0 0.54358
 0 0.549838
 0 0.541986
 0 0.560462
 0 0.535104
 0 0.536288
 0 0.529606
 0 0.56126
 0 0.52461
 0 0.521686
 0 0.517234
 0 0.526136
 0 0.525236
 0 0.536824
 0 0.537892
 0 0.535448
 0 0.544912
 0 0.54906
 0 0.533192
 0 0.545788
 0 0.527994
 0 0.542364
 0 0.562786
 0 0.55273
 0 0.537206
 0 0.530276
 0 0.560676
 0 0.545912
 0 0.543862
 0 0.54244
 0 0.542358
 0 0.55434
 0 0.5194
 0 0.537832
 0 0.511688
 0 0.5421
 0 0.546034
 0 0.532494
 0 0.54513
 0 0.543904
 0 0.523514
 0 0.518316
 0 0.537664
 0 0.550778
 0 0.517306
 0 0.533282
 0 0.541874
 0 0.491094
 0 0.501014
 0 0.54973
 0 0.528282
 0 0.535324
 0 0.523704
 0 0.522886
 0 0.538542
 0 0.539586
 0 0.52722
 0 0.540996
 0 0.522168
 0 0.525192
 0 0.546552
 0 0.50579
 0 0.54809
 0 0.525946
 0 0.515792
 0 0.524156
 0 0.528014
 0 0.516166
 0 0.533738
 0 0.52014
 0 0.512494
 0 0.539724
 0 0.529156
 0 0.535764
 0 0.51187
 0 0.535702
 0 0.525672
 0 0.542772
 0 0.534848
 0 0.525126
 0 0.53992
 0 0.536496
 0 0.527108
 0 0.518978
 0 0.52753
 0 0.56416
 0 0.524524
 0 0.535916
 0 0.524784
 0 0.550622
 0 0.53098
 0 0.554298
 0 0.544798
 0 0.550974
 0 0.531
 0 0.532864
 0 0.539776
 0 0.521926
 0 0.540984
 0 0.566008
 0 0.550254
 0 0.53058
 0 0.525498
 0 0.534308
 0 0.5484
 0 0.546134
 0 0.559744
 0 0.539606
 0 0.542182
 0 0.499008
 0 0.538702
 0 0.518246
 0 0.53301
 0 0.506834
 0 0.51882
 0 0.535418
 0 0.555948
 0 0.528468
 0 0.540048
 0 0.519344
 0 0.539098
 0 0.532028
 0 0.523198
 0 0.523988
 0 0.519598
 0 0.548402
 0 0.53833
 0 0.533632
 0 0.527318
 0 0.529806
 0 0.516772
 0 0.541484
 0 0.544414
 0 0.534256
 0 0.53742
 0 0.508102
 0 0.535214
 0 0.521208
 0 0.52941
 0 0.537992
 0 0.537956
 0 0.551646
 0 0.53961
 0 0.558328
 0 0.525544
 0 0.53674
 0 0.559482
 0 0.535378
 0 0.547562
 0 0.556494
 0 0.516612
 0 0.534692
 0 0.534112
 0 0.51484
 0 0.542118
 0 0.541868
 0 0.510894
 0 0.532632
 0 0.543458
 0 0.53039
 0 0.565152
 0 0.52314
 0 0.522434
 0 0.539284
 0 0.520552
 0 0.540214
 0 0.55609
 0 0.543208
 0 0.552516
 0 0.546764
 0 0.557822
 0 0.516022
 0 0.53959
 0 0.544116
 0 0.531938
 0 0.534112
 0 0.534632
 0 0.534594
 0 0.533478
 0 0.538034
 0 0.518184
 0 0.527276
 0 0.52783
 0 0.517468
 0 0.55123
 0 0.541984
 0 0.527054
 0 0.53417
 0 0.522052
 0 0.526124
 0 0.531698
 0 0.517538
 0 0.51186
 0 0.532992
 0 0.557716
 0 0.539426
 0 0.533364
 0 0.52432
 0 0.538184
 0 0.522946
 0 0.53714
 0 0.544878
 0 0.541974
 0 0.522272
 0 0.525264
 0 0.53853
 0 0.541844
 0 0.566322
 0 0.551226
 0 0.542174
 0 0.550302
 0 0.523126
 0 0.510936
 0 0.540234
 0 0.533418
 0 0.535258
 0 0.523026
 0 0.564406
 0 0.53053
 0 0.53584
 0 0.52772
 0 0.553078
 0 0.522802
 0 0.557582
 0 0.537414
 0 0.539432
 0 0.54613
