535 1 0 0 1
 0 0.571036
 0 0.579332
 0 0.57761
 0 0.583448
 0 0.563594
 0 0.559806
 0 0.594808
 0 0.59599
 0 0.571304
 0 0.594754
 0 0.58441
 0 0.58649
 0 0.60459
 0 0.586492
 0 0.590076
 0 0.55173
 0 0.563516
 0 0.55713
 0 0.571644
 0 0.588042
 0 0.579156
 0 0.582042
 0 0.582356
 0 0.589896
 0 0.59927
 0 0.585098
 0 0.588192
 0 0.591708
 0 0.571802
 0 0.571834
 0 0.584854
 0 0.582718
 0 0.581714
 0 0.574764
 0 0.58889
 0 0.573744
 0 0.591436
 0 0.570038
 0 0.592002
 0 0.580644
 0 0.582922
 0 0.578932
 0 0.558514
 0 0.610274
 0 0.585064
 0 0.567178
 0 0.579522
 0 0.59385
 0 0.572588
 0 0.603922
 0 0.583526
 0 0.591268
 0 0.579356
 0 0.587938
 0 0.582944
 0 0.585832
 0 0.57339
 0 0.577174
 0 0.583014
 0 0.560268
 0 0.574832
 0 0.57747
 0 0.584634
 0 0.556346
 0 0.562756
 0 0.566274
 0 0.580576
 0 0.573718
 0 0.601966
 0 0.602054
 0 0.591428
 0 0.585016
 0 0.570492
 0 0.582674
 0 0.579808
 0 0.561936
 0 0.5488
 0 0.55734
 0 0.583454
 0 0.567548
 0 0.571396
 0 0.57273
 0 0.595182
 0 0.587974
 0 0.588182
 0 0.592062
 0 0.57587
 0 0.582422
 0 0.565744
 0 0.562646
 0 0.58913
 0 0.59335
 0 0.576464
 0 0.567014
 0 0.60649
 0 0.580956
 0 0.587238
 0 0.607592
 0 0.577804
 0 0.57418
 0 0.580546
 0 0.594846
 0 0.577778
 0 0.584072
 0 0.580256
 0 0.597082
 0 0.571252
 0 0.57753
 0 0.586942
 0 0.57407
 0 0.572602
 0 0.594346
 0 0.588752
 0 0.569864
 0 0.568686
 0 0.563248
 0 0.571024
 0 0.586846
 0 0.603556
 0 0.588916
 0 0.567858
 0 0.59147
 0 0.586828
 0 0.585204
 0 0.564764
 0 0.593464
 0 0.582214
 0 0.573516
 0 0.594422
 0 0.621922
 0 0.605086
 0 0.605668
 0 0.592442
 0 0.57095
 0 0.604766
 0 0.576628
 0 0.582954
 0 0.574286
 0 0.594782
 0 0.578254
 0 0.559314
 0 0.572066
 0 0.59661
 0 0.573222
 0 0.564968
 0 0.565868
 0 0.600774
 0 0.596024
 0 0.583652
 0 0.569806
 0 0.609928
 0 0.578998
 0 0.596032
 0 0.592442
 0 0.579328
 0 0.582832
 0 0.58006
 0 0.580788
 0 0.608414
 0 0.577126
 0 0.601514
 0 0.571894
 0 0.586452
 0 0.561252
 0 0.57634
 0 0.59008
 0 0.579542
 0 0.573956
 0 0.568502
 0 0.580966
 0 0.57831
 0 0.602088
 0 0.589132
 0 0.584452
 0 0.569088
 0 0.58259
 0 0.586634
 0 0.571574
 0 0.587086
 0 0.58927
 0 0.57514
 0 0.582526
 0 0.59159
 0 0.588658
 0 0.605028
 0 0.573406
 0 0.596364
 0 0.556754
 0 0.576034
 0 0.582218
 0 0.580246
 0 0.579298
 0 0.566166
 0 0.572202
 0 0.585812
 0 0.595802
 0 0.61372
 0 0.584566
 0 0.598494
 0 0.588304
 0 0.585018
 0 0.593518
 0 0.592702
 0 0.58484
 0 0.59565
 0 0.56951
 0 0.583726
 0 0.589926
 0 0.559824
 0 0.5744
 0 0.584242
 0 0.57545
 0 0.566158
 0 0.594232
 0 0.570574
 0 0.594218
 0 0.580556
 0 0.566042
 0 0.582432
 0 0.585044
 0 0.58901
 0 0.60028
 0 0.58476
 0 0.57785
 0 0.579594
 0 0.570856
 0 0.569454
 0 0.553884
 0 0.573582
 0 0.568472
 0 0.578264
 0 0.585382
 0 0.596718
 0 0.566958
 0 0.574084
 0 0.560896
 0 0.565204
 0 0.587598
 0 0.576822
 0 0.570058
 0 0.576324
 0 0.562292
 0 0.567706
 0 0.576374
 0 0.579852
 0 0.577834
 0 0.57865
 0 0.564366
 0 0.59135
 0 0.610994
 0 0.575536
 0 0.57423
 0 0.582388
 0 0.591166
 0 0.589506
 0 0.62049
 0 0.565978
 0 0.571056
 0 0.586736
 0 0.584774
 0 0.56578
 0 0.56813
 0 0.55272
 0 0.566768
 0 0.57664
 0 0.591188
 0 0.58136
 0 0.583662
 0 0.612626
 0 0.578318
 0 0.58464
 0 0.561888
 0 0.557538
 0 0.60031
 0 0.583078
 0 0.568832
 0 0.590734
 0 0.586376
 0 0.585254
 0 0.576794
 0 0.588978
 0 0.562748
 0 0.586132
 0 0.563224
 0 0.599718
 0 0.570432
 0 0.551252
 0 0.566846
 0 0.5706
 0 0.550924
 0 0.57564
 0 0.567612
 0 0.591772
 0 0.574858
 0 0.588344
 0 0.61531
 0 0.58055
 0 0.575438
 0 0.5904
 0 0.577126
 0 0.57018
 0 0.580628
 0 0.596006
 0 0.572068
 0 0.564752
 0 0.569236
 0 0.55773
 0 0.590048
 0 0.575564
 0 0.591242
 0 0.604012
 0 0.590218
 0 0.590552
 0 0.577594
 0 0.585502
 0 0.604172
 0 0.555826
 0 0.589316
 0 0.562032
 0 0.57018
 0 0.559518
 0 0.573186
 0 0.566728
 0 0.572414
 0 0.575308
 0 0.57562
 0 0.576264
 0 0.576904
 0 0.579512
 0 0.581474
 0 0.603976
 0 0.60836
 0 0.57659
 0 0.569054
 0 0.579738
 0 0.5837
 0 0.561934
 0 0.5906
 0 0.580712
 0 0.60492
 0 0.562036
 0 0.593144
 0 0.543048
 0 0.601226
 0 0.585454
 0 0.595802
 0 0.59429
 0 0.56545
 0 0.58366
 0 0.567476
 0 0.58219
 0 0.587726
 0 0.579142
 0 0.577996
 0 0.55283
 0 0.548552
 0 0.565188
 0 0.588478
 0 0.568094
 0 0.584226
 0 0.564388
 0 0.566246
 0 0.570968
 0 0.58673
 0 0.564442
 0 0.586972
 0 0.577796
 0 0.580272
 0 0.570214
 0 0.570718
 0 0.583514
 0 0.567644
 0 0.568362
 0 0.578738
 0 0.583492
 0 0.558986
 0 0.593302
 0 0.554034
 0 0.572144
 0 0.583538
 0 0.567302
 0 0.580538
 0 0.581214
 0 0.57154
 0 0.585796
 0 0.57914
 0 0.575766
 0 0.580806
 0 0.581476
 0 0.5929
 0 0.580136
 0 0.546944
 0 0.571382
 0 0.616538
 0 0.583544
 0 0.589324
 0 0.592786
 0 0.577504
 0 0.575266
 0 0.592506
 0 0.610516
 0 0.59017
 0 0.577554
 0 0.587192
 0 0.600316
 0 0.56918
 0 0.58435
 0 0.60802
 0 0.59672
 0 0.580274
 0 0.576072
 0 0.590636
 0 0.60147
 0 0.592018
 0 0.596248
 0 0.586624
 0 0.601974
 0 0.557454
 0 0.59214
 0 0.573952
 0 0.58135
 0 0.553672
 0 0.569864
 0 0.571968
 0 0.589746
 0 0.575948
 0 0.595992
 0 0.581914
 0 0.57578
 0 0.593902
 0 0.577094
 0 0.553706
 0 0.556314
 0 0.603782
 0 0.585008
 0 0.580982
 0 0.576016
 0 0.573388
 0 0.585226
 0 0.587494
 0 0.58626
 0 0.586158
 0 0.592508
 0 0.549916
 0 0.584096
 0 0.578892
 0 0.57818
 0 0.587496
 0 0.577298
 0 0.575564
 0 0.589092
 0 0.593672
 0 0.57123
 0 0.600884
 0 0.622106
 0 0.57548
 0 0.581986
 0 0.592312
 0 0.564144
 0 0.58789
 0 0.580334
 0 0.570898
 0 0.581276
 0 0.573498
 0 0.568066
 0 0.588562
 0 0.59654
 0 0.580668
 0 0.609254
 0 0.581364
 0 0.57474
 0 0.560832
 0 0.569364
 0 0.583772
 0 0.610944
 0 0.584322
 0 0.600722
 0 0.584654
 0 0.597744
 0 0.564564
 0 0.589722
 0 0.582658
 0 0.559994
 0 0.5667
 0 0.568378
 0 0.57268
 0 0.599272
 0 0.596682
 0 0.579136
 0 0.583328
 0 0.577848
 0 0.570316
 0 0.593404
 0 0.600916
 0 0.567134
 0 0.589712
 0 0.57647
 0 0.59676
 0 0.556096
 0 0.586208
 0 0.559506
 0 0.581084
 0 0.611206
 0 0.579838
 0 0.574602
 0 0.586978
 0 0.582958
 0 0.56401
 0 0.57171
 0 0.5982
 0 0.59835
 0 0.576918
 0 0.575954
 0 0.58409
 0 0.580388
 0 0.593902
 0 0.591696
 0 0.579616
 0 0.590276
 0 0.583392
 0 0.58096
 0 0.589282
 0 0.583582
 0 0.578598
 0 0.587898
 0 0.599412
 0 0.564374
 0 0.597566
 0 0.576242
 0 0.600542
 0 0.5704
 0 0.593484
 0 0.600532
 0 0.59424
 0 0.591362
