535 1 0 0 1
 0 0.260649
 0 0.262784
 0 0.263348
 0 0.268924
 0 0.26766
 0 0.268605
 0 0.263464
 0 0.269414
 0 0.262165
 0 0.255953
 0 0.262716
 0 0.268737
 0 0.279986
 0 0.278217
 0 0.274814
 0 0.259223
 0 0.263085
 0 0.267881
 0 0.264361
 0 0.274953
 0 0.265847
 0 0.27415
 0 0.267769
 0 0.269892
 0 0.272947
 0 0.258614
 0 0.267754
 0 0.27312
 0 0.272245
 0 0.268478
 0 0.269185
 0 0.26246
 0 0.269323
 0 0.260685
 0 0.275084
 0 0.262058
 0 0.273998
 0 0.264722
 0 0.263861
 0 0.285764
 0 0.269451
 0 0.270518
 0 0.256429
 0 0.282327
 0 0.275021
 0 0.265262
 0 0.271578
 0 0.265787
 0 0.26763
 0 0.277237
 0 0.273166
 0 0.275584
 0 0.26691
 0 0.267155
 0 0.268998
 0 0.266139
 0 0.266834
 0 0.266639
 0 0.273448
 0 0.257405
 0 0.26335
 0 0.264413
 0 0.267442
 0 0.264246
 0 0.264374
 0 0.26362
 0 0.273912
 0 0.276902
 0 0.271644
 0 0.265384
 0 0.272766
 0 0.263461
 0 0.267411
 0 0.2591
 0 0.272177
 0 0.249093
 0 0.25487
 0 0.249481
 0 0.261616
 0 0.263035
 0 0.258123
 0 0.256227
 0 0.269754
 0 0.267732
 0 0.26225
 0 0.267673
 0 0.264863
 0 0.269889
 0 0.25762
 0 0.264278
 0 0.264145
 0 0.273222
 0 0.264918
 0 0.264312
 0 0.26724
 0 0.264168
 0 0.273111
 0 0.277077
 0 0.268768
 0 0.276913
 0 0.265448
 0 0.269942
 0 0.261371
 0 0.269863
 0 0.27445
 0 0.269039
 0 0.266353
 0 0.266114
 0 0.267334
 0 0.272048
 0 0.265014
 0 0.273421
 0 0.263416
 0 0.261166
 0 0.261001
 0 0.262929
 0 0.254452
 0 0.264788
 0 0.273442
 0 0.278905
 0 0.268293
 0 0.27636
 0 0.273701
 0 0.271251
 0 0.266545
 0 0.268798
 0 0.278181
 0 0.263347
 0 0.278013
 0 0.281004
 0 0.277766
 0 0.27476
 0 0.265961
 0 0.274921
 0 0.267049
 0 0.273605
 0 0.260144
 0 0.259596
 0 0.267739
 0 0.255636
 0 0.273008
 0 0.262301
 0 0.268342
 0 0.260296
 0 0.268112
 0 0.259188
 0 0.266514
 0 0.273206
 0 0.265024
 0 0.262775
 0 0.271441
 0 0.267546
 0 0.266269
 0 0.263682
 0 0.262233
 0 0.28105
 0 0.268501
 0 0.273431
 0 0.271393
 0 0.272044
 0 0.269848
 0 0.258721
 0 0.270937
 0 0.249389
 0 0.2663
 0 0.265223
 0 0.259887
 0 0.269743
 0 0.264454
 0 0.260911
 0 0.266941
 0 0.269194
 0 0.267088
 0 0.272407
 0 0.269541
 0 0.262016
 0 0.271225
 0 0.267197
 0 0.264119
 0 0.265546
 0 0.262741
 0 0.265504
 0 0.268259
 0 0.277144
 0 0.279537
 0 0.261339
 0 0.26901
 0 0.256359
 0 0.267968
 0 0.266007
 0 0.277769
 0 0.266033
 0 0.26779
 0 0.263741
 0 0.262721
 0 0.277104
 0 0.276145
 0 0.272423
 0 0.267608
 0 0.261689
 0 0.266106
 0 0.266098
 0 0.26809
 0 0.274442
 0 0.278208
 0 0.26614
 0 0.256624
 0 0.265854
 0 0.261106
 0 0.25713
 0 0.27623
 0 0.264494
 0 0.252706
 0 0.267363
 0 0.263169
 0 0.283004
 0 0.264655
 0 0.261852
 0 0.259942
 0 0.281903
 0 0.267583
 0 0.282607
 0 0.263185
 0 0.264972
 0 0.261227
 0 0.264468
 0 0.26332
 0 0.249316
 0 0.253101
 0 0.251858
 0 0.260897
 0 0.267702
 0 0.26848
 0 0.255973
 0 0.278048
 0 0.264534
 0 0.263563
 0 0.268711
 0 0.270035
 0 0.264763
 0 0.272195
 0 0.265302
 0 0.266892
 0 0.253392
 0 0.261105
 0 0.261287
 0 0.267298
 0 0.259046
 0 0.268487
 0 0.266606
 0 0.267051
 0 0.256707
 0 0.265097
 0 0.268232
 0 0.267214
 0 0.277648
 0 0.266917
 0 0.264065
 0 0.271608
 0 0.271536
 0 0.270929
 0 0.269731
 0 0.267169
 0 0.259293
 0 0.264248
 0 0.277413
 0 0.270939
 0 0.274831
 0 0.27686
 0 0.260581
 0 0.266443
 0 0.266314
 0 0.263442
 0 0.282162
 0 0.266285
 0 0.25698
 0 0.272806
 0 0.258347
 0 0.276088
 0 0.274431
 0 0.275791
 0 0.2659
 0 0.276116
 0 0.266026
 0 0.269165
 0 0.260109
 0 0.251394
 0 0.255496
 0 0.253524
 0 0.254668
 0 0.272902
 0 0.266042
 0 0.268078
 0 0.267368
 0 0.274377
 0 0.275513
 0 0.276711
 0 0.271111
 0 0.258945
 0 0.256573
 0 0.267816
 0 0.268294
 0 0.284726
 0 0.25817
 0 0.259641
 0 0.258395
 0 0.26226
 0 0.279728
 0 0.27179
 0 0.274919
 0 0.270993
 0 0.280231
 0 0.267552
 0 0.268144
 0 0.264803
 0 0.28063
 0 0.262305
 0 0.260843
 0 0.258617
 0 0.263068
 0 0.262618
 0 0.268412
 0 0.268946
 0 0.267724
 0 0.272456
 0 0.27453
 0 0.266596
 0 0.272894
 0 0.263997
 0 0.271182
 0 0.281393
 0 0.276365
 0 0.268603
 0 0.265138
 0 0.280338
 0 0.272956
 0 0.271931
 0 0.27122
 0 0.271179
 0 0.27717
 0 0.2597
 0 0.268916
 0 0.255844
 0 0.27105
 0 0.273017
 0 0.266247
 0 0.272565
 0 0.271952
 0 0.261757
 0 0.259158
 0 0.268832
 0 0.275389
 0 0.258653
 0 0.266641
 0 0.270937
 0 0.245547
 0 0.250507
 0 0.274865
 0 0.264141
 0 0.267662
 0 0.261852
 0 0.261443
 0 0.269271
 0 0.269793
 0 0.26361
 0 0.270498
 0 0.261084
 0 0.262596
 0 0.273276
 0 0.252895
 0 0.274045
 0 0.262973
 0 0.257896
 0 0.262078
 0 0.264007
 0 0.258083
 0 0.266869
 0 0.26007
 0 0.256247
 0 0.269862
 0 0.264578
 0 0.267882
 0 0.255935
 0 0.267851
 0 0.262836
 0 0.271386
 0 0.267424
 0 0.262563
 0 0.26996
 0 0.268248
 0 0.263554
 0 0.259489
 0 0.263765
 0 0.28208
 0 0.262262
 0 0.267958
 0 0.262392
 0 0.275311
 0 0.26549
 0 0.277149
 0 0.272399
 0 0.275487
 0 0.2655
 0 0.266432
 0 0.269888
 0 0.260963
 0 0.270492
 0 0.283004
 0 0.275127
 0 0.26529
 0 0.262749
 0 0.267154
 0 0.2742
 0 0.273067
 0 0.279872
 0 0.269803
 0 0.271091
 0 0.249504
 0 0.269351
 0 0.259123
 0 0.266505
 0 0.253417
 0 0.25941
 0 0.267709
 0 0.277974
 0 0.264234
 0 0.270024
 0 0.259672
 0 0.269549
 0 0.266014
 0 0.261599
 0 0.261994
 0 0.259799
 0 0.274201
 0 0.269165
 0 0.266816
 0 0.263659
 0 0.264903
 0 0.258386
 0 0.270742
 0 0.272207
 0 0.267128
 0 0.26871
 0 0.254051
 0 0.267607
 0 0.260604
 0 0.264705
 0 0.268996
 0 0.268978
 0 0.275823
 0 0.269805
 0 0.279164
 0 0.262772
 0 0.26837
 0 0.279741
 0 0.267689
 0 0.273781
 0 0.278247
 0 0.258306
 0 0.267346
 0 0.267056
 0 0.25742
 0 0.271059
 0 0.270934
 0 0.255447
 0 0.266316
 0 0.271729
 0 0.265195
 0 0.282576
 0 0.26157
 0 0.261217
 0 0.269642
 0 0.260276
 0 0.270107
 0 0.278045
 0 0.271604
 0 0.276258
 0 0.273382
 0 0.278911
 0 0.258011
 0 0.269795
 0 0.272058
 0 0.265969
 0 0.267056
 0 0.267316
 0 0.267297
 0 0.266739
 0 0.269017
 0 0.259092
 0 0.263638
 0 0.263915
 0 0.258734
 0 0.275615
 0 0.270992
 0 0.263527
 0 0.267085
 0 0.261026
 0 0.263062
 0 0.265849
 0 0.258769
 0 0.25593
 0 0.266496
 0 0.278858
 0 0.269713
 0 0.266682
 0 0.26216
 0 0.269092
 0 0.261473
 0 0.26857
 0 0.272439
 0 0.270987
 0 0.261136
 0 0.262632
 0 0.269265
 0 0.270922
 0 0.283161
 0 0.275613
 0 0.271087
 0 0.275151
 0 0.261563
 0 0.255468
 0 0.270117
 0 0.266709
 0 0.267629
 0 0.261513
 0 0.282203
 0 0.265265
 0 0.26792
 0 0.26386
 0 0.276539
 0 0.261401
 0 0.278791
 0 0.268707
 0 0.269716
 0 0.273065
