535 1 0 0 1
 0 0.603398
 0 0.611894
 0 0.614902
 0 0.610166
 0 0.63093
 0 0.631282
 0 0.617922
 0 0.62623
 0 0.630246
 0 0.616636
 0 0.635026
 0 0.634912
 0 0.617022
 0 0.60618
 0 0.646856
 0 0.599994
 0 0.603
 0 0.618034
 0 0.612042
 0 0.618736
 0 0.609194
 0 0.621428
 0 0.61292
 0 0.617912
 0 0.629668
 0 0.601316
 0 0.6238
 0 0.641964
 0 0.63228
 0 0.612366
 0 0.622718
 0 0.624464
 0 0.644382
 0 0.618872
 0 0.625766
 0 0.617976
 0 0.631116
 0 0.613376
 0 0.610322
 0 0.651126
 0 0.607008
 0 0.600168
 0 0.628482
 0 0.639892
 0 0.603282
 0 0.62197
 0 0.607316
 0 0.616858
 0 0.638802
 0 0.610646
 0 0.62719
 0 0.634712
 0 0.592472
 0 0.623514
 0 0.597512
 0 0.623138
 0 0.616744
 0 0.6016
 0 0.631786
 0 0.603752
 0 0.580214
 0 0.62024
 0 0.605682
 0 0.60899
 0 0.606104
 0 0.615148
 0 0.599268
 0 0.63853
 0 0.633684
 0 0.615146
 0 0.628224
 0 0.63564
 0 0.599082
 0 0.629546
 0 0.623698
 0 0.60774
 0 0.595246
 0 0.613266
 0 0.622026
 0 0.622492
 0 0.596884
 0 0.611974
 0 0.63534
 0 0.594404
 0 0.633692
 0 0.612804
 0 0.60922
 0 0.60012
 0 0.603556
 0 0.627718
 0 0.602456
 0 0.612758
 0 0.614294
 0 0.585748
 0 0.62609
 0 0.617836
 0 0.649824
 0 0.63984
 0 0.625318
 0 0.62308
 0 0.61721
 0 0.618216
 0 0.610324
 0 0.618104
 0 0.613326
 0 0.65911
 0 0.611854
 0 0.608062
 0 0.627164
 0 0.627442
 0 0.624964
 0 0.626664
 0 0.634128
 0 0.59561
 0 0.598388
 0 0.578478
 0 0.623568
 0 0.622896
 0 0.654852
 0 0.610708
 0 0.656764
 0 0.637564
 0 0.61767
 0 0.628846
 0 0.637836
 0 0.606432
 0 0.606482
 0 0.627236
 0 0.616366
 0 0.625948
 0 0.615568
 0 0.627596
 0 0.615886
 0 0.626942
 0 0.600464
 0 0.614756
 0 0.607372
 0 0.630136
 0 0.63057
 0 0.602204
 0 0.631956
 0 0.600126
 0 0.633748
 0 0.600616
 0 0.605486
 0 0.606458
 0 0.62521
 0 0.638804
 0 0.644708
 0 0.612122
 0 0.618944
 0 0.62317
 0 0.627952
 0 0.623042
 0 0.57821
 0 0.656258
 0 0.628844
 0 0.637208
 0 0.641742
 0 0.622472
 0 0.63232
 0 0.614626
 0 0.63852
 0 0.589034
 0 0.606058
 0 0.63088
 0 0.616872
 0 0.596338
 0 0.636226
 0 0.640152
 0 0.621814
 0 0.649328
 0 0.637412
 0 0.605464
 0 0.619426
 0 0.604152
 0 0.64308
 0 0.593252
 0 0.632814
 0 0.625666
 0 0.602348
 0 0.628932
 0 0.618488
 0 0.62129
 0 0.638688
 0 0.594898
 0 0.63035
 0 0.603538
 0 0.639536
 0 0.62067
 0 0.61114
 0 0.602212
 0 0.638222
 0 0.623416
 0 0.622042
 0 0.62776
 0 0.600192
 0 0.626002
 0 0.651508
 0 0.598614
 0 0.640868
 0 0.638284
 0 0.59987
 0 0.631204
 0 0.63359
 0 0.596962
 0 0.623686
 0 0.64126
 0 0.60059
 0 0.596922
 0 0.62783
 0 0.602224
 0 0.611158
 0 0.624836
 0 0.637834
 0 0.61804
 0 0.598762
 0 0.604388
 0 0.603386
 0 0.611936
 0 0.621122
 0 0.633214
 0 0.61157
 0 0.631284
 0 0.627218
 0 0.62452
 0 0.601254
 0 0.605306
 0 0.579838
 0 0.594882
 0 0.605898
 0 0.612976
 0 0.627842
 0 0.585898
 0 0.624684
 0 0.606756
 0 0.58497
 0 0.631636
 0 0.613122
 0 0.607396
 0 0.615558
 0 0.619484
 0 0.60661
 0 0.608536
 0 0.610968
 0 0.612594
 0 0.593142
 0 0.58717
 0 0.604048
 0 0.622228
 0 0.619606
 0 0.63874
 0 0.612766
 0 0.613664
 0 0.614144
 0 0.621612
 0 0.611224
 0 0.60719
 0 0.65918
 0 0.639056
 0 0.629678
 0 0.633318
 0 0.611678
 0 0.619498
 0 0.615034
 0 0.626668
 0 0.636832
 0 0.614306
 0 0.645096
 0 0.625926
 0 0.615672
 0 0.59369
 0 0.61816
 0 0.628812
 0 0.620488
 0 0.61397
 0 0.63066
 0 0.627198
 0 0.63376
 0 0.621978
 0 0.605758
 0 0.600204
 0 0.638228
 0 0.619158
 0 0.642002
 0 0.617166
 0 0.583162
 0 0.605714
 0 0.625946
 0 0.60683
 0 0.615516
 0 0.607706
 0 0.618358
 0 0.632212
 0 0.596618
 0 0.614676
 0 0.634758
 0 0.63898
 0 0.607372
 0 0.629948
 0 0.600276
 0 0.622858
 0 0.659272
 0 0.626878
 0 0.604564
 0 0.634356
 0 0.590436
 0 0.624674
 0 0.625662
 0 0.6183
 0 0.625774
 0 0.62124
 0 0.633754
 0 0.608426
 0 0.596326
 0 0.659144
 0 0.607066
 0 0.62766
 0 0.616078
 0 0.608852
 0 0.603522
 0 0.615748
 0 0.605712
 0 0.621496
 0 0.627866
 0 0.612802
 0 0.613072
 0 0.599834
 0 0.629394
 0 0.625444
 0 0.635456
 0 0.629546
 0 0.605806
 0 0.624776
 0 0.585622
 0 0.611814
 0 0.613862
 0 0.639046
 0 0.620392
 0 0.620044
 0 0.62069
 0 0.64653
 0 0.6123
 0 0.616852
 0 0.61701
 0 0.607734
 0 0.613266
 0 0.617882
 0 0.637446
 0 0.585926
 0 0.622782
 0 0.61573
 0 0.613588
 0 0.632172
 0 0.640702
 0 0.587394
 0 0.617482
 0 0.625302
 0 0.601124
 0 0.622226
 0 0.603924
 0 0.589976
 0 0.597172
 0 0.647648
 0 0.59902
 0 0.600578
 0 0.610114
 0 0.62158
 0 0.626684
 0 0.60208
 0 0.638052
 0 0.620496
 0 0.589974
 0 0.591676
 0 0.627592
 0 0.593806
 0 0.61324
 0 0.593702
 0 0.614622
 0 0.613368
 0 0.577352
 0 0.615328
 0 0.614708
 0 0.601978
 0 0.621122
 0 0.569108
 0 0.610848
 0 0.623664
 0 0.614442
 0 0.620892
 0 0.635824
 0 0.590216
 0 0.617658
 0 0.625706
 0 0.60344
 0 0.608622
 0 0.618186
 0 0.634876
 0 0.632446
 0 0.6399
 0 0.619622
 0 0.625828
 0 0.609958
 0 0.628562
 0 0.62602
 0 0.623852
 0 0.631802
 0 0.637356
 0 0.640738
 0 0.627654
 0 0.630164
 0 0.608612
 0 0.633252
 0 0.641206
 0 0.635814
 0 0.616258
 0 0.63768
 0 0.617592
 0 0.634242
 0 0.590004
 0 0.646154
 0 0.60504
 0 0.606422
 0 0.638144
 0 0.62199
 0 0.623352
 0 0.617024
 0 0.580934
 0 0.60172
 0 0.620512
 0 0.599828
 0 0.602938
 0 0.61167
 0 0.6151
 0 0.612552
 0 0.598578
 0 0.60973
 0 0.641048
 0 0.611356
 0 0.62109
 0 0.610982
 0 0.61391
 0 0.612652
 0 0.595412
 0 0.649872
 0 0.617736
 0 0.62464
 0 0.64732
 0 0.624634
 0 0.616428
 0 0.617018
 0 0.629084
 0 0.61538
 0 0.63158
 0 0.629896
 0 0.630798
 0 0.626954
 0 0.627544
 0 0.593372
 0 0.638538
 0 0.62929
 0 0.627478
 0 0.665448
 0 0.625898
 0 0.58919
 0 0.599584
 0 0.619662
 0 0.58846
 0 0.672742
 0 0.632476
 0 0.604496
 0 0.61115
 0 0.635888
 0 0.629392
 0 0.68151
 0 0.631016
 0 0.619966
 0 0.624094
 0 0.626196
 0 0.613234
 0 0.624888
 0 0.616548
 0 0.629162
 0 0.618278
 0 0.60292
 0 0.633736
 0 0.612542
 0 0.60496
 0 0.588756
 0 0.609132
 0 0.603622
 0 0.643258
 0 0.615826
 0 0.635356
 0 0.617506
 0 0.622884
 0 0.604836
 0 0.623788
 0 0.616332
 0 0.60449
 0 0.60469
 0 0.611446
 0 0.647224
 0 0.604874
 0 0.594826
 0 0.597898
 0 0.639506
 0 0.60842
 0 0.608894
 0 0.61539
 0 0.629862
 0 0.62603
 0 0.596814
 0 0.638818
 0 0.610948
 0 0.634702
 0 0.60625
 0 0.619676
 0 0.64587
 0 0.609862
 0 0.598562
 0 0.637468
 0 0.647064
 0 0.614896
 0 0.60374
 0 0.637432
 0 0.61454
 0 0.595268
 0 0.614752
 0 0.626728
 0 0.610644
 0 0.60833
 0 0.648088
 0 0.621032
 0 0.607614
