535 1 0 0 1
 0 0.230493
 0 0.232864
 0 0.242934
 0 0.2394
 0 0.242028
 0 0.241646
 0 0.237302
 0 0.245245
 0 0.243722
 0 0.236382
 0 0.238567
 0 0.240624
 0 0.246696
 0 0.246744
 0 0.248152
 0 0.243034
 0 0.246229
 0 0.236964
 0 0.248474
 0 0.24521
 0 0.241498
 0 0.242845
 0 0.240272
 0 0.243304
 0 0.250638
 0 0.245885
 0 0.242813
 0 0.245702
 0 0.238958
 0 0.238217
 0 0.25051
 0 0.240391
 0 0.249186
 0 0.253919
 0 0.24593
 0 0.24148
 0 0.248502
 0 0.249607
 0 0.240983
 0 0.244735
 0 0.240736
 0 0.241843
 0 0.235285
 0 0.248854
 0 0.245825
 0 0.24459
 0 0.246471
 0 0.248619
 0 0.24824
 0 0.254042
 0 0.253046
 0 0.245009
 0 0.237233
 0 0.247763
 0 0.237834
 0 0.247455
 0 0.24131
 0 0.243549
 0 0.237265
 0 0.228337
 0 0.22906
 0 0.241037
 0 0.241362
 0 0.243194
 0 0.234425
 0 0.243872
 0 0.233724
 0 0.239835
 0 0.243917
 0 0.250666
 0 0.240605
 0 0.246167
 0 0.251422
 0 0.238173
 0 0.23349
 0 0.240889
 0 0.234663
 0 0.242663
 0 0.234085
 0 0.250106
 0 0.241837
 0 0.234552
 0 0.240402
 0 0.245348
 0 0.245147
 0 0.231642
 0 0.24902
 0 0.24604
 0 0.239863
 0 0.243786
 0 0.245403
 0 0.241533
 0 0.244739
 0 0.241108
 0 0.244902
 0 0.24566
 0 0.25027
 0 0.253597
 0 0.253155
 0 0.255982
 0 0.23809
 0 0.243389
 0 0.239526
 0 0.238994
 0 0.24978
 0 0.245303
 0 0.248848
 0 0.244758
 0 0.236277
 0 0.253167
 0 0.245677
 0 0.24643
 0 0.23971
 0 0.239719
 0 0.244172
 0 0.240257
 0 0.232802
 0 0.247971
 0 0.249989
 0 0.248902
 0 0.251468
 0 0.249688
 0 0.240951
 0 0.252621
 0 0.240147
 0 0.240469
 0 0.252129
 0 0.25315
 0 0.251781
 0 0.243069
 0 0.250976
 0 0.244207
 0 0.250572
 0 0.25263
 0 0.24614
 0 0.252178
 0 0.244173
 0 0.231456
 0 0.248783
 0 0.243935
 0 0.237128
 0 0.234894
 0 0.244432
 0 0.2361
 0 0.238662
 0 0.242744
 0 0.246844
 0 0.249577
 0 0.246503
 0 0.241532
 0 0.241343
 0 0.247569
 0 0.242595
 0 0.247773
 0 0.249097
 0 0.244178
 0 0.250886
 0 0.245808
 0 0.248387
 0 0.242667
 0 0.251231
 0 0.236021
 0 0.250918
 0 0.237908
 0 0.246357
 0 0.240426
 0 0.235325
 0 0.241697
 0 0.244294
 0 0.243258
 0 0.242858
 0 0.241738
 0 0.236922
 0 0.239225
 0 0.242813
 0 0.235066
 0 0.252306
 0 0.243509
 0 0.24371
 0 0.249421
 0 0.241285
 0 0.246165
 0 0.246252
 0 0.247101
 0 0.254052
 0 0.247131
 0 0.257619
 0 0.235531
 0 0.250605
 0 0.248166
 0 0.250495
 0 0.248805
 0 0.251002
 0 0.246413
 0 0.244435
 0 0.253621
 0 0.247502
 0 0.242841
 0 0.254338
 0 0.247224
 0 0.248142
 0 0.248637
 0 0.239684
 0 0.246098
 0 0.247387
 0 0.244527
 0 0.239594
 0 0.246145
 0 0.243403
 0 0.240015
 0 0.245822
 0 0.234411
 0 0.231351
 0 0.236847
 0 0.242598
 0 0.233786
 0 0.245231
 0 0.242351
 0 0.238658
 0 0.245702
 0 0.235715
 0 0.248214
 0 0.243904
 0 0.238755
 0 0.239777
 0 0.23821
 0 0.230565
 0 0.229605
 0 0.237065
 0 0.242357
 0 0.240234
 0 0.23705
 0 0.246355
 0 0.238971
 0 0.239656
 0 0.243291
 0 0.231202
 0 0.244214
 0 0.247363
 0 0.241579
 0 0.249502
 0 0.236451
 0 0.235823
 0 0.238757
 0 0.240947
 0 0.23211
 0 0.239885
 0 0.252364
 0 0.250526
 0 0.240794
 0 0.242917
 0 0.242504
 0 0.24683
 0 0.245472
 0 0.242585
 0 0.250589
 0 0.246658
 0 0.244893
 0 0.25397
 0 0.24968
 0 0.249496
 0 0.233669
 0 0.236952
 0 0.236021
 0 0.240841
 0 0.251661
 0 0.240531
 0 0.257532
 0 0.251005
 0 0.235978
 0 0.24517
 0 0.244831
 0 0.240051
 0 0.252408
 0 0.243425
 0 0.24447
 0 0.238811
 0 0.238672
 0 0.251891
 0 0.248139
 0 0.251555
 0 0.244998
 0 0.242457
 0 0.243645
 0 0.244875
 0 0.242306
 0 0.237557
 0 0.239393
 0 0.238055
 0 0.244022
 0 0.242715
 0 0.24343
 0 0.245507
 0 0.247415
 0 0.248748
 0 0.245914
 0 0.245642
 0 0.249809
 0 0.244613
 0 0.250286
 0 0.249381
 0 0.242463
 0 0.244604
 0 0.24067
 0 0.234703
 0 0.247395
 0 0.236836
 0 0.248291
 0 0.248517
 0 0.238363
 0 0.245155
 0 0.248061
 0 0.24531
 0 0.249483
 0 0.24774
 0 0.249241
 0 0.237205
 0 0.242326
 0 0.235465
 0 0.240884
 0 0.241009
 0 0.238582
 0 0.243012
 0 0.241629
 0 0.240702
 0 0.251005
 0 0.24809
 0 0.234596
 0 0.243669
 0 0.236789
 0 0.24885
 0 0.25064
 0 0.243381
 0 0.245782
 0 0.247365
 0 0.2376
 0 0.244137
 0 0.243059
 0 0.243825
 0 0.246955
 0 0.235692
 0 0.230032
 0 0.239818
 0 0.241415
 0 0.250159
 0 0.244158
 0 0.235499
 0 0.241703
 0 0.23744
 0 0.245409
 0 0.250033
 0 0.254587
 0 0.251152
 0 0.239947
 0 0.241383
 0 0.233783
 0 0.244467
 0 0.2416
 0 0.242004
 0 0.240372
 0 0.240624
 0 0.238025
 0 0.242573
 0 0.242309
 0 0.239046
 0 0.241161
 0 0.238342
 0 0.245799
 0 0.250824
 0 0.241447
 0 0.240767
 0 0.23174
 0 0.24285
 0 0.238747
 0 0.249633
 0 0.223628
 0 0.242075
 0 0.231096
 0 0.23261
 0 0.244715
 0 0.246356
 0 0.245474
 0 0.237935
 0 0.237033
 0 0.238602
 0 0.237322
 0 0.243771
 0 0.242664
 0 0.246342
 0 0.247157
 0 0.246217
 0 0.231246
 0 0.235685
 0 0.25709
 0 0.244229
 0 0.241341
 0 0.245328
 0 0.248349
 0 0.248159
 0 0.248605
 0 0.242255
 0 0.242589
 0 0.2468
 0 0.249939
 0 0.25001
 0 0.246763
 0 0.2554
 0 0.254873
 0 0.244916
 0 0.247995
 0 0.241592
 0 0.236958
 0 0.24011
 0 0.244432
 0 0.246269
 0 0.24081
 0 0.247849
 0 0.243569
 0 0.235078
 0 0.240597
 0 0.237044
 0 0.234534
 0 0.237469
 0 0.244388
 0 0.247185
 0 0.239873
 0 0.244579
 0 0.230893
 0 0.252113
 0 0.243645
 0 0.23944
 0 0.234996
 0 0.232183
 0 0.241119
 0 0.241237
 0 0.241507
 0 0.234716
 0 0.238482
 0 0.238388
 0 0.243927
 0 0.247451
 0 0.25281
 0 0.247592
 0 0.243416
 0 0.23042
 0 0.245909
 0 0.245888
 0 0.240419
 0 0.241868
 0 0.247531
 0 0.249785
 0 0.244652
 0 0.239277
 0 0.243949
 0 0.255472
 0 0.244318
 0 0.250357
 0 0.246162
 0 0.245344
 0 0.240291
 0 0.249016
 0 0.252601
 0 0.244027
 0 0.237985
 0 0.24029
 0 0.236657
 0 0.239899
 0 0.243321
 0 0.25082
 0 0.242736
 0 0.250886
 0 0.245945
 0 0.245451
 0 0.245359
 0 0.259636
 0 0.248882
 0 0.249958
 0 0.249553
 0 0.241535
 0 0.248474
 0 0.249595
 0 0.253827
 0 0.245559
 0 0.248906
 0 0.25092
 0 0.248233
 0 0.233215
 0 0.241002
 0 0.2462
 0 0.241157
 0 0.243884
 0 0.234803
 0 0.251296
 0 0.243417
 0 0.240824
 0 0.247739
 0 0.248942
 0 0.24068
 0 0.237062
 0 0.234937
 0 0.24497
 0 0.237985
 0 0.244844
 0 0.242557
 0 0.241738
 0 0.24121
 0 0.245157
 0 0.239391
 0 0.238618
 0 0.237237
 0 0.249316
 0 0.248192
 0 0.230439
 0 0.249506
 0 0.243599
 0 0.250188
 0 0.244494
 0 0.246269
 0 0.243649
 0 0.236959
 0 0.236621
 0 0.242879
 0 0.249482
 0 0.239793
 0 0.247939
 0 0.261061
 0 0.252454
 0 0.251124
 0 0.24698
 0 0.251219
 0 0.251548
 0 0.25256
 0 0.246468
 0 0.245936
 0 0.248426
