535 1 0 0 1
 0 0.301699
 0 0.305947
 0 0.307451
 0 0.305083
 0 0.315465
 0 0.315641
 0 0.308961
 0 0.313115
 0 0.315123
 0 0.308318
 0 0.317513
 0 0.317456
 0 0.308511
 0 0.30309
 0 0.323428
 0 0.299997
 0 0.3015
 0 0.309017
 0 0.306021
 0 0.309368
 0 0.304597
 0 0.310714
 0 0.30646
 0 0.308956
 0 0.314834
 0 0.300658
 0 0.3119
 0 0.320982
 0 0.31614
 0 0.306183
 0 0.311359
 0 0.312232
 0 0.322191
 0 0.309436
 0 0.312883
 0 0.308988
 0 0.315558
 0 0.306688
 0 0.305161
 0 0.325563
 0 0.303504
 0 0.300084
 0 0.314241
 0 0.319946
 0 0.301641
 0 0.310985
 0 0.303658
 0 0.308429
 0 0.319401
 0 0.305323
 0 0.313595
 0 0.317356
 0 0.296236
 0 0.311757
 0 0.298756
 0 0.311569
 0 0.308372
 0 0.3008
 0 0.315893
 0 0.301876
 0 0.290107
 0 0.31012
 0 0.302841
 0 0.304495
 0 0.303052
 0 0.307574
 0 0.299634
 0 0.319265
 0 0.316842
 0 0.307573
 0 0.314112
 0 0.31782
 0 0.299541
 0 0.314773
 0 0.311849
 0 0.30387
 0 0.297623
 0 0.306633
 0 0.311013
 0 0.311246
 0 0.298442
 0 0.305987
 0 0.31767
 0 0.297202
 0 0.316846
 0 0.306402
 0 0.30461
 0 0.30006
 0 0.301778
 0 0.313859
 0 0.301228
 0 0.306379
 0 0.307147
 0 0.292874
 0 0.313045
 0 0.308918
 0 0.324912
 0 0.31992
 0 0.312659
 0 0.31154
 0 0.308605
 0 0.309108
 0 0.305162
 0 0.309052
 0 0.306663
 0 0.329555
 0 0.305927
 0 0.304031
 0 0.313582
 0 0.313721
 0 0.312482
 0 0.313332
 0 0.317064
 0 0.297805
 0 0.299194
 0 0.289239
 0 0.311784
 0 0.311448
 0 0.327426
 0 0.305354
 0 0.328382
 0 0.318782
 0 0.308835
 0 0.314423
 0 0.318918
 0 0.303216
 0 0.303241
 0 0.313618
 0 0.308183
 0 0.312974
 0 0.307784
 0 0.313798
 0 0.307943
 0 0.313471
 0 0.300232
 0 0.307378
 0 0.303686
 0 0.315068
 0 0.315285
 0 0.301102
 0 0.315978
 0 0.300063
 0 0.316874
 0 0.300308
 0 0.302743
 0 0.303229
 0 0.312605
 0 0.319402
 0 0.322354
 0 0.306061
 0 0.309472
 0 0.311585
 0 0.313976
 0 0.311521
 0 0.289105
 0 0.328129
 0 0.314422
 0 0.318604
 0 0.320871
 0 0.311236
 0 0.31616
 0 0.307313
 0 0.31926
 0 0.294517
 0 0.303029
 0 0.31544
 0 0.308436
 0 0.298169
 0 0.318113
 0 0.320076
 0 0.310907
 0 0.324664
 0 0.318706
 0 0.302732
 0 0.309713
 0 0.302076
 0 0.32154
 0 0.296626
 0 0.316407
 0 0.312833
 0 0.301174
 0 0.314466
 0 0.309244
 0 0.310645
 0 0.319344
 0 0.297449
 0 0.315175
 0 0.301769
 0 0.319768
 0 0.310335
 0 0.30557
 0 0.301106
 0 0.319111
 0 0.311708
 0 0.311021
 0 0.31388
 0 0.300096
 0 0.313001
 0 0.325754
 0 0.299307
 0 0.320434
 0 0.319142
 0 0.299935
 0 0.315602
 0 0.316795
 0 0.298481
 0 0.311843
 0 0.32063
 0 0.300295
 0 0.298461
 0 0.313915
 0 0.301112
 0 0.305579
 0 0.312418
 0 0.318917
 0 0.30902
 0 0.299381
 0 0.302194
 0 0.301693
 0 0.305968
 0 0.310561
 0 0.316607
 0 0.305785
 0 0.315642
 0 0.313609
 0 0.31226
 0 0.300627
 0 0.302653
 0 0.289919
 0 0.297441
 0 0.302949
 0 0.306488
 0 0.313921
 0 0.292949
 0 0.312342
 0 0.303378
 0 0.292485
 0 0.315818
 0 0.306561
 0 0.303698
 0 0.307779
 0 0.309742
 0 0.303305
 0 0.304268
 0 0.305484
 0 0.306297
 0 0.296571
 0 0.293585
 0 0.302024
 0 0.311114
 0 0.309803
 0 0.31937
 0 0.306383
 0 0.306832
 0 0.307072
 0 0.310806
 0 0.305612
 0 0.303595
 0 0.32959
 0 0.319528
 0 0.314839
 0 0.316659
 0 0.305839
 0 0.309749
 0 0.307517
 0 0.313334
 0 0.318416
 0 0.307153
 0 0.322548
 0 0.312963
 0 0.307836
 0 0.296845
 0 0.30908
 0 0.314406
 0 0.310244
 0 0.306985
 0 0.31533
 0 0.313599
 0 0.31688
 0 0.310989
 0 0.302879
 0 0.300102
 0 0.319114
 0 0.309579
 0 0.321001
 0 0.308583
 0 0.291581
 0 0.302857
 0 0.312973
 0 0.303415
 0 0.307758
 0 0.303853
 0 0.309179
 0 0.316106
 0 0.298309
 0 0.307338
 0 0.317379
 0 0.31949
 0 0.303686
 0 0.314974
 0 0.300138
 0 0.311429
 0 0.329636
 0 0.313439
 0 0.302282
 0 0.317178
 0 0.295218
 0 0.312337
 0 0.312831
 0 0.30915
 0 0.312887
 0 0.31062
 0 0.316877
 0 0.304213
 0 0.298163
 0 0.329572
 0 0.303533
 0 0.31383
 0 0.308039
 0 0.304426
 0 0.301761
 0 0.307874
 0 0.302856
 0 0.310748
 0 0.313933
 0 0.306401
 0 0.306536
 0 0.299917
 0 0.314697
 0 0.312722
 0 0.317728
 0 0.314773
 0 0.302903
 0 0.312388
 0 0.292811
 0 0.305907
 0 0.306931
 0 0.319523
 0 0.310196
 0 0.310022
 0 0.310345
 0 0.323265
 0 0.30615
 0 0.308426
 0 0.308505
 0 0.303867
 0 0.306633
 0 0.308941
 0 0.318723
 0 0.292963
 0 0.311391
 0 0.307865
 0 0.306794
 0 0.316086
 0 0.320351
 0 0.293697
 0 0.308741
 0 0.312651
 0 0.300562
 0 0.311113
 0 0.301962
 0 0.294988
 0 0.298586
 0 0.323824
 0 0.29951
 0 0.300289
 0 0.305057
 0 0.31079
 0 0.313342
 0 0.30104
 0 0.319026
 0 0.310248
 0 0.294987
 0 0.295838
 0 0.313796
 0 0.296903
 0 0.30662
 0 0.296851
 0 0.307311
 0 0.306684
 0 0.288676
 0 0.307664
 0 0.307354
 0 0.300989
 0 0.310561
 0 0.284554
 0 0.305424
 0 0.311832
 0 0.307221
 0 0.310446
 0 0.317912
 0 0.295108
 0 0.308829
 0 0.312853
 0 0.30172
 0 0.304311
 0 0.309093
 0 0.317438
 0 0.316223
 0 0.31995
 0 0.309811
 0 0.312914
 0 0.304979
 0 0.314281
 0 0.31301
 0 0.311926
 0 0.315901
 0 0.318678
 0 0.320369
 0 0.313827
 0 0.315082
 0 0.304306
 0 0.316626
 0 0.320603
 0 0.317907
 0 0.308129
 0 0.31884
 0 0.308796
 0 0.317121
 0 0.295002
 0 0.323077
 0 0.30252
 0 0.303211
 0 0.319072
 0 0.310995
 0 0.311676
 0 0.308512
 0 0.290467
 0 0.30086
 0 0.310256
 0 0.299914
 0 0.301469
 0 0.305835
 0 0.30755
 0 0.306276
 0 0.299289
 0 0.304865
 0 0.320524
 0 0.305678
 0 0.310545
 0 0.305491
 0 0.306955
 0 0.306326
 0 0.297706
 0 0.324936
 0 0.308868
 0 0.31232
 0 0.32366
 0 0.312317
 0 0.308214
 0 0.308509
 0 0.314542
 0 0.30769
 0 0.31579
 0 0.314948
 0 0.315399
 0 0.313477
 0 0.313772
 0 0.296686
 0 0.319269
 0 0.314645
 0 0.313739
 0 0.332724
 0 0.312949
 0 0.294595
 0 0.299792
 0 0.309831
 0 0.29423
 0 0.336371
 0 0.316238
 0 0.302248
 0 0.305575
 0 0.317944
 0 0.314696
 0 0.340755
 0 0.315508
 0 0.309983
 0 0.312047
 0 0.313098
 0 0.306617
 0 0.312444
 0 0.308274
 0 0.314581
 0 0.309139
 0 0.30146
 0 0.316868
 0 0.306271
 0 0.30248
 0 0.294378
 0 0.304566
 0 0.301811
 0 0.321629
 0 0.307913
 0 0.317678
 0 0.308753
 0 0.311442
 0 0.302418
 0 0.311894
 0 0.308166
 0 0.302245
 0 0.302345
 0 0.305723
 0 0.323612
 0 0.302437
 0 0.297413
 0 0.298949
 0 0.319753
 0 0.30421
 0 0.304447
 0 0.307695
 0 0.314931
 0 0.313015
 0 0.298407
 0 0.319409
 0 0.305474
 0 0.317351
 0 0.303125
 0 0.309838
 0 0.322935
 0 0.304931
 0 0.299281
 0 0.318734
 0 0.323532
 0 0.307448
 0 0.30187
 0 0.318716
 0 0.30727
 0 0.297634
 0 0.307376
 0 0.313364
 0 0.305322
 0 0.304165
 0 0.324044
 0 0.310516
 0 0.303807
