535 1 0 0 1
 0 0.480662
 0 0.476434
 0 0.487252
 0 0.484444
 0 0.49005
 0 0.485474
 0 0.481218
 0 0.481362
 0 0.480082
 0 0.47648
 0 0.483032
 0 0.491038
 0 0.488978
 0 0.492762
 0 0.484684
 0 0.483602
 0 0.476096
 0 0.477302
 0 0.489752
 0 0.48658
 0 0.487008
 0 0.497166
 0 0.48214
 0 0.488168
 0 0.494124
 0 0.485822
 0 0.493612
 0 0.479424
 0 0.49136
 0 0.494052
 0 0.484474
 0 0.47751
 0 0.480228
 0 0.480096
 0 0.491896
 0 0.484512
 0 0.486192
 0 0.489338
 0 0.489874
 0 0.490304
 0 0.479122
 0 0.492128
 0 0.485406
 0 0.495554
 0 0.487254
 0 0.486708
 0 0.486182
 0 0.476398
 0 0.49403
 0 0.498058
 0 0.489736
 0 0.489942
 0 0.474074
 0 0.49219
 0 0.471274
 0 0.472974
 0 0.46911
 0 0.486662
 0 0.492048
 0 0.4705
 0 0.463332
 0 0.475516
 0 0.478028
 0 0.483696
 0 0.482688
 0 0.47949
 0 0.476176
 0 0.494948
 0 0.492678
 0 0.487186
 0 0.481678
 0 0.501466
 0 0.496622
 0 0.473198
 0 0.482814
 0 0.475184
 0 0.471642
 0 0.470686
 0 0.47449
 0 0.475574
 0 0.473114
 0 0.488312
 0 0.469048
 0 0.47098
 0 0.481238
 0 0.47525
 0 0.481204
 0 0.4838
 0 0.49261
 0 0.493726
 0 0.482572
 0 0.493108
 0 0.48825
 0 0.47482
 0 0.488812
 0 0.488084
 0 0.496438
 0 0.498118
 0 0.491304
 0 0.507632
 0 0.488588
 0 0.489142
 0 0.490792
 0 0.479478
 0 0.488962
 0 0.498306
 0 0.488302
 0 0.496054
 0 0.492946
 0 0.494882
 0 0.482816
 0 0.496916
 0 0.478026
 0 0.47657
 0 0.472242
 0 0.47329
 0 0.485038
 0 0.47487
 0 0.494216
 0 0.495108
 0 0.493998
 0 0.497996
 0 0.475372
 0 0.487466
 0 0.467414
 0 0.48645
 0 0.481502
 0 0.48402
 0 0.507912
 0 0.489204
 0 0.501716
 0 0.495966
 0 0.482312
 0 0.480886
 0 0.475684
 0 0.48888
 0 0.48486
 0 0.481098
 0 0.489662
 0 0.48488
 0 0.490798
 0 0.489654
 0 0.491388
 0 0.481086
 0 0.48488
 0 0.493886
 0 0.504846
 0 0.502852
 0 0.49529
 0 0.498508
 0 0.48955
 0 0.498758
 0 0.486868
 0 0.499972
 0 0.485474
 0 0.50903
 0 0.49984
 0 0.497022
 0 0.500642
 0 0.483832
 0 0.489108
 0 0.472964
 0 0.489852
 0 0.460932
 0 0.479366
 0 0.472862
 0 0.471062
 0 0.4872
 0 0.478484
 0 0.481624
 0 0.484688
 0 0.493964
 0 0.503574
 0 0.487328
 0 0.490854
 0 0.487816
 0 0.501866
 0 0.488896
 0 0.49737
 0 0.48777
 0 0.47596
 0 0.49083
 0 0.492692
 0 0.49927
 0 0.493736
 0 0.485894
 0 0.493338
 0 0.47914
 0 0.49397
 0 0.482062
 0 0.486142
 0 0.481934
 0 0.486118
 0 0.491074
 0 0.49979
 0 0.497562
 0 0.49304
 0 0.486284
 0 0.496406
 0 0.47912
 0 0.50189
 0 0.497602
 0 0.491908
 0 0.500916
 0 0.49417
 0 0.481144
 0 0.485976
 0 0.484636
 0 0.4813
 0 0.473314
 0 0.489538
 0 0.473254
 0 0.473482
 0 0.488478
 0 0.485098
 0 0.48331
 0 0.476384
 0 0.473572
 0 0.472784
 0 0.49166
 0 0.48208
 0 0.495344
 0 0.49553
 0 0.48698
 0 0.485256
 0 0.480368
 0 0.463894
 0 0.46285
 0 0.45816
 0 0.475722
 0 0.486986
 0 0.485942
 0 0.47924
 0 0.467784
 0 0.472662
 0 0.480326
 0 0.458672
 0 0.49438
 0 0.4817
 0 0.471564
 0 0.484764
 0 0.483526
 0 0.46781
 0 0.477454
 0 0.468456
 0 0.453818
 0 0.472888
 0 0.48977
 0 0.467604
 0 0.48442
 0 0.47818
 0 0.487522
 0 0.491882
 0 0.489666
 0 0.483064
 0 0.506966
 0 0.48478
 0 0.484072
 0 0.497306
 0 0.485096
 0 0.494066
 0 0.477312
 0 0.480404
 0 0.488568
 0 0.496068
 0 0.494902
 0 0.488698
 0 0.493054
 0 0.49386
 0 0.479238
 0 0.489042
 0 0.49132
 0 0.483692
 0 0.492236
 0 0.479436
 0 0.473734
 0 0.484498
 0 0.488584
 0 0.49171
 0 0.48953
 0 0.493706
 0 0.481936
 0 0.484578
 0 0.481268
 0 0.484958
 0 0.481242
 0 0.473142
 0 0.478102
 0 0.486554
 0 0.490504
 0 0.492716
 0 0.495068
 0 0.484634
 0 0.491198
 0 0.483526
 0 0.48884
 0 0.478586
 0 0.497772
 0 0.483616
 0 0.491284
 0 0.483542
 0 0.483894
 0 0.484356
 0 0.493272
 0 0.47745
 0 0.4853
 0 0.489028
 0 0.500304
 0 0.506492
 0 0.498172
 0 0.498076
 0 0.509684
 0 0.486376
 0 0.491368
 0 0.493508
 0 0.500644
 0 0.465272
 0 0.477416
 0 0.482004
 0 0.4854
 0 0.488236
 0 0.476296
 0 0.495314
 0 0.49076
 0 0.468886
 0 0.491354
 0 0.49503
 0 0.486962
 0 0.486326
 0 0.488534
 0 0.500628
 0 0.500094
 0 0.487676
 0 0.48604
 0 0.493322
 0 0.488392
 0 0.483082
 0 0.482688
 0 0.495424
 0 0.486726
 0 0.480512
 0 0.481546
 0 0.493684
 0 0.47341
 0 0.486222
 0 0.47331
 0 0.48239
 0 0.488944
 0 0.48072
 0 0.485768
 0 0.485626
 0 0.496714
 0 0.489086
 0 0.490562
 0 0.483332
 0 0.456612
 0 0.47221
 0 0.486034
 0 0.481774
 0 0.48422
 0 0.471158
 0 0.47024
 0 0.492042
 0 0.480716
 0 0.474468
 0 0.47529
 0 0.491254
 0 0.49348
 0 0.489116
 0 0.476354
 0 0.472106
 0 0.479924
 0 0.488886
 0 0.48168
 0 0.472898
 0 0.454304
 0 0.48992
 0 0.474078
 0 0.481066
 0 0.485884
 0 0.465568
 0 0.478116
 0 0.483772
 0 0.482152
 0 0.469166
 0 0.493272
 0 0.47593
 0 0.48763
 0 0.497302
 0 0.501392
 0 0.487156
 0 0.469182
 0 0.476122
 0 0.494988
 0 0.490296
 0 0.493624
 0 0.491504
 0 0.501194
 0 0.485122
 0 0.499876
 0 0.48053
 0 0.492842
 0 0.496478
 0 0.499412
 0 0.494554
 0 0.483792
 0 0.502966
 0 0.50354
 0 0.490588
 0 0.487908
 0 0.473496
 0 0.49766
 0 0.498368
 0 0.495342
 0 0.496656
 0 0.483728
 0 0.47749
 0 0.477142
 0 0.470616
 0 0.469152
 0 0.479604
 0 0.47176
 0 0.475586
 0 0.475408
 0 0.497726
 0 0.47593
 0 0.485896
 0 0.482924
 0 0.48434
 0 0.481118
 0 0.478974
 0 0.477788
 0 0.468082
 0 0.491284
 0 0.48746
 0 0.484218
 0 0.483612
 0 0.489058
 0 0.475996
 0 0.486996
 0 0.486998
 0 0.48496
 0 0.50113
 0 0.47843
 0 0.481578
 0 0.4949
 0 0.486216
 0 0.481368
 0 0.490492
 0 0.495796
 0 0.492906
 0 0.488458
 0 0.485456
 0 0.487148
 0 0.49496
 0 0.491614
 0 0.502342
 0 0.501478
 0 0.494392
 0 0.486414
 0 0.492762
 0 0.486724
 0 0.493822
 0 0.471102
 0 0.476518
 0 0.478204
 0 0.486596
 0 0.471536
 0 0.496028
 0 0.47254
 0 0.48328
 0 0.491268
 0 0.497876
 0 0.4917
 0 0.499568
 0 0.488716
 0 0.49843
 0 0.49645
 0 0.49726
 0 0.484034
 0 0.49347
 0 0.48669
 0 0.495078
 0 0.504346
 0 0.504286
 0 0.49842
 0 0.485756
 0 0.482292
 0 0.478776
 0 0.484558
 0 0.485906
 0 0.490014
 0 0.497776
 0 0.477406
 0 0.480678
 0 0.491018
 0 0.478192
 0 0.490868
 0 0.480736
 0 0.4749
 0 0.471714
 0 0.492972
 0 0.491552
 0 0.491722
 0 0.489704
 0 0.483162
 0 0.488028
 0 0.478486
 0 0.468922
 0 0.476922
 0 0.49872
 0 0.481178
 0 0.481248
 0 0.474932
 0 0.4815
 0 0.505282
 0 0.48998
 0 0.48385
 0 0.495032
 0 0.485078
 0 0.48415
 0 0.484672
 0 0.502804
 0 0.488456
 0 0.483562
 0 0.506228
 0 0.49394
 0 0.479782
 0 0.480774
 0 0.497612
 0 0.483906
 0 0.492366
 0 0.489506
 0 0.49787
 0 0.483446
