535 1 0 0 1
 0 0.518306
 0 0.54131
 0 0.557834
 0 0.548334
 0 0.53152
 0 0.526482
 0 0.536264
 0 0.549872
 0 0.535592
 0 0.54314
 0 0.536104
 0 0.53984
 0 0.541386
 0 0.564708
 0 0.545368
 0 0.508044
 0 0.534514
 0 0.536754
 0 0.536904
 0 0.54167
 0 0.531564
 0 0.5531
 0 0.54077
 0 0.536398
 0 0.552792
 0 0.54496
 0 0.559016
 0 0.55099
 0 0.544952
 0 0.551286
 0 0.551292
 0 0.519358
 0 0.542312
 0 0.54481
 0 0.57473
 0 0.536284
 0 0.554598
 0 0.54456
 0 0.54334
 0 0.544824
 0 0.54864
 0 0.546174
 0 0.530546
 0 0.556126
 0 0.535924
 0 0.526132
 0 0.542332
 0 0.536304
 0 0.539402
 0 0.552854
 0 0.56243
 0 0.567066
 0 0.540386
 0 0.530128
 0 0.524598
 0 0.51052
 0 0.527952
 0 0.526402
 0 0.5477
 0 0.5278
 0 0.513774
 0 0.546042
 0 0.542656
 0 0.521678
 0 0.532314
 0 0.534018
 0 0.541494
 0 0.548334
 0 0.55782
 0 0.516144
 0 0.553812
 0 0.531594
 0 0.537922
 0 0.537158
 0 0.522488
 0 0.531842
 0 0.525816
 0 0.507076
 0 0.52486
 0 0.552462
 0 0.534588
 0 0.526454
 0 0.54805
 0 0.558498
 0 0.542844
 0 0.529436
 0 0.541688
 0 0.524008
 0 0.540776
 0 0.53756
 0 0.538036
 0 0.556182
 0 0.505138
 0 0.551272
 0 0.549098
 0 0.549772
 0 0.541646
 0 0.545008
 0 0.551966
 0 0.544662
 0 0.543224
 0 0.549152
 0 0.536794
 0 0.524352
 0 0.54386
 0 0.550678
 0 0.514036
 0 0.53281
 0 0.54578
 0 0.561198
 0 0.522814
 0 0.547254
 0 0.518886
 0 0.550888
 0 0.527262
 0 0.541444
 0 0.533222
 0 0.530016
 0 0.545572
 0 0.56245
 0 0.54449
 0 0.53329
 0 0.552144
 0 0.568288
 0 0.534506
 0 0.550524
 0 0.561966
 0 0.535568
 0 0.541782
 0 0.548622
 0 0.53007
 0 0.512998
 0 0.527748
 0 0.54122
 0 0.534316
 0 0.542666
 0 0.524304
 0 0.539966
 0 0.535582
 0 0.518458
 0 0.537188
 0 0.53206
 0 0.513784
 0 0.542092
 0 0.541276
 0 0.530932
 0 0.542394
 0 0.561866
 0 0.550504
 0 0.557262
 0 0.556962
 0 0.520192
 0 0.55685
 0 0.538542
 0 0.536454
 0 0.532992
 0 0.551608
 0 0.526206
 0 0.547468
 0 0.540202
 0 0.540088
 0 0.52726
 0 0.520144
 0 0.512162
 0 0.54824
 0 0.534356
 0 0.514542
 0 0.533476
 0 0.547916
 0 0.54164
 0 0.525738
 0 0.57151
 0 0.524956
 0 0.541608
 0 0.497692
 0 0.523816
 0 0.538334
 0 0.511532
 0 0.546944
 0 0.549256
 0 0.535458
 0 0.539466
 0 0.53356
 0 0.517486
 0 0.570654
 0 0.540856
 0 0.553422
 0 0.489014
 0 0.549006
 0 0.546088
 0 0.545754
 0 0.540248
 0 0.530098
 0 0.54956
 0 0.547858
 0 0.555566
 0 0.542526
 0 0.520164
 0 0.56766
 0 0.53846
 0 0.548668
 0 0.544674
 0 0.532136
 0 0.542854
 0 0.541558
 0 0.521954
 0 0.51915
 0 0.54658
 0 0.514748
 0 0.534288
 0 0.536546
 0 0.51464
 0 0.51922
 0 0.551594
 0 0.536202
 0 0.53256
 0 0.529174
 0 0.53864
 0 0.563146
 0 0.552044
 0 0.53948
 0 0.568384
 0 0.541748
 0 0.550672
 0 0.532372
 0 0.537938
 0 0.512024
 0 0.518318
 0 0.523636
 0 0.532782
 0 0.533018
 0 0.53148
 0 0.559778
 0 0.52501
 0 0.530068
 0 0.536336
 0 0.498686
 0 0.536132
 0 0.54158
 0 0.542724
 0 0.513964
 0 0.529468
 0 0.53357
 0 0.504216
 0 0.53778
 0 0.52719
 0 0.524768
 0 0.540074
 0 0.55988
 0 0.5563
 0 0.564194
 0 0.52648
 0 0.544544
 0 0.564434
 0 0.526964
 0 0.562106
 0 0.51593
 0 0.560206
 0 0.55543
 0 0.539004
 0 0.545258
 0 0.552948
 0 0.526554
 0 0.527278
 0 0.502148
 0 0.532992
 0 0.540832
 0 0.53665
 0 0.547826
 0 0.54014
 0 0.538616
 0 0.521226
 0 0.530496
 0 0.55455
 0 0.532038
 0 0.527092
 0 0.558034
 0 0.535976
 0 0.535822
 0 0.523316
 0 0.547048
 0 0.531684
 0 0.523518
 0 0.522158
 0 0.550738
 0 0.548514
 0 0.509466
 0 0.513688
 0 0.530674
 0 0.535542
 0 0.554596
 0 0.542964
 0 0.54689
 0 0.526786
 0 0.54224
 0 0.565984
 0 0.5492
 0 0.535204
 0 0.540814
 0 0.520564
 0 0.54125
 0 0.537684
 0 0.56871
 0 0.50623
 0 0.525712
 0 0.54531
 0 0.50293
 0 0.553858
 0 0.569408
 0 0.56327
 0 0.54009
 0 0.542916
 0 0.536666
 0 0.545998
 0 0.518554
 0 0.571792
 0 0.517892
 0 0.52506
 0 0.524556
 0 0.516102
 0 0.514254
 0 0.53881
 0 0.523028
 0 0.525992
 0 0.539938
 0 0.54852
 0 0.508016
 0 0.546392
 0 0.505254
 0 0.53828
 0 0.567544
 0 0.558306
 0 0.545346
 0 0.548216
 0 0.556924
 0 0.542832
 0 0.555174
 0 0.558736
 0 0.546486
 0 0.543762
 0 0.522
 0 0.556468
 0 0.522378
 0 0.53743
 0 0.523998
 0 0.546806
 0 0.540688
 0 0.527126
 0 0.530008
 0 0.526832
 0 0.544496
 0 0.546524
 0 0.537806
 0 0.528602
 0 0.523094
 0 0.50257
 0 0.505028
 0 0.534538
 0 0.527452
 0 0.544048
 0 0.525732
 0 0.521728
 0 0.51869
 0 0.538574
 0 0.517324
 0 0.532346
 0 0.535088
 0 0.550698
 0 0.55243
 0 0.518658
 0 0.54909
 0 0.531694
 0 0.521206
 0 0.535738
 0 0.555186
 0 0.522146
 0 0.548892
 0 0.490896
 0 0.55428
 0 0.54208
 0 0.522112
 0 0.540132
 0 0.514114
 0 0.52531
 0 0.526518
 0 0.509926
 0 0.537372
 0 0.546992
 0 0.534146
 0 0.578882
 0 0.52942
 0 0.51723
 0 0.549272
 0 0.546216
 0 0.533012
 0 0.555324
 0 0.543454
 0 0.537118
 0 0.546882
 0 0.53906
 0 0.546402
 0 0.543358
 0 0.540982
 0 0.543984
 0 0.543174
 0 0.52769
 0 0.53733
 0 0.576216
 0 0.550576
 0 0.544332
 0 0.504758
 0 0.523302
 0 0.541778
 0 0.55354
 0 0.550436
 0 0.561098
 0 0.52194
 0 0.547964
 0 0.544152
 0 0.512766
 0 0.531556
 0 0.519944
 0 0.534188
 0 0.530566
 0 0.55387
 0 0.523324
 0 0.558336
 0 0.503598
 0 0.551712
 0 0.528628
 0 0.52947
 0 0.529694
 0 0.505608
 0 0.551602
 0 0.52274
 0 0.542506
 0 0.518144
 0 0.525556
 0 0.526438
 0 0.551766
 0 0.5405
 0 0.550072
 0 0.539656
 0 0.51993
 0 0.560806
 0 0.538942
 0 0.547174
 0 0.546584
 0 0.534892
 0 0.539206
 0 0.531322
 0 0.539834
 0 0.543998
 0 0.539566
 0 0.57136
 0 0.545858
 0 0.539188
 0 0.53946
 0 0.52146
 0 0.551166
 0 0.542328
 0 0.520006
 0 0.555274
 0 0.525196
 0 0.524142
 0 0.535446
 0 0.560966
 0 0.527822
 0 0.550438
 0 0.556404
 0 0.532726
 0 0.544932
 0 0.528024
 0 0.560932
 0 0.570394
 0 0.551602
 0 0.540764
 0 0.543484
 0 0.566068
 0 0.532428
 0 0.543054
 0 0.543118
 0 0.545882
 0 0.532092
 0 0.513886
 0 0.53533
 0 0.51996
 0 0.531666
 0 0.523212
 0 0.53268
 0 0.535104
 0 0.49882
 0 0.526734
 0 0.534334
 0 0.527424
 0 0.557418
 0 0.53589
 0 0.55972
 0 0.542012
 0 0.52717
 0 0.515996
 0 0.524776
 0 0.570298
 0 0.548148
 0 0.538688
 0 0.538442
 0 0.543028
 0 0.526556
 0 0.528254
 0 0.548758
 0 0.526926
 0 0.551696
 0 0.525466
 0 0.511894
 0 0.53323
 0 0.570508
 0 0.5547
 0 0.554856
 0 0.546272
 0 0.525844
 0 0.510456
 0 0.522246
 0 0.550892
 0 0.531766
 0 0.531772
 0 0.549716
 0 0.510254
 0 0.553752
 0 0.513088
 0 0.560296
 0 0.530274
 0 0.538752
 0 0.54898
 0 0.541678
 0 0.55729
