535 1 0 0 1
 0 0.280102
 0 0.297901
 0 0.292864
 0 0.286427
 0 0.283049
 0 0.282994
 0 0.296527
 0 0.28799
 0 0.28807
 0 0.306408
 0 0.297348
 0 0.298033
 0 0.305058
 0 0.296686
 0 0.299158
 0 0.284157
 0 0.279319
 0 0.279981
 0 0.294175
 0 0.28134
 0 0.277251
 0 0.286316
 0 0.291042
 0 0.297085
 0 0.299626
 0 0.29356
 0 0.292726
 0 0.289952
 0 0.298013
 0 0.293444
 0 0.297721
 0 0.299065
 0 0.292548
 0 0.290762
 0 0.296228
 0 0.286251
 0 0.293845
 0 0.293679
 0 0.307403
 0 0.29027
 0 0.286232
 0 0.300101
 0 0.280188
 0 0.294985
 0 0.290192
 0 0.285522
 0 0.289402
 0 0.290849
 0 0.287032
 0 0.314046
 0 0.293966
 0 0.299116
 0 0.284713
 0 0.291144
 0 0.296194
 0 0.297199
 0 0.285608
 0 0.306051
 0 0.295338
 0 0.297512
 0 0.27853
 0 0.284775
 0 0.302216
 0 0.282646
 0 0.283035
 0 0.287381
 0 0.295517
 0 0.301201
 0 0.297349
 0 0.290109
 0 0.293952
 0 0.30071
 0 0.295268
 0 0.293442
 0 0.287906
 0 0.279749
 0 0.27723
 0 0.278054
 0 0.290282
 0 0.297859
 0 0.293327
 0 0.29585
 0 0.306181
 0 0.283633
 0 0.293508
 0 0.289115
 0 0.28815
 0 0.283601
 0 0.288442
 0 0.287156
 0 0.287337
 0 0.293954
 0 0.29854
 0 0.295696
 0 0.308684
 0 0.302012
 0 0.298318
 0 0.312019
 0 0.306511
 0 0.302204
 0 0.294675
 0 0.288285
 0 0.287945
 0 0.291934
 0 0.279099
 0 0.303619
 0 0.282894
 0 0.278852
 0 0.29463
 0 0.29397
 0 0.283026
 0 0.287387
 0 0.297375
 0 0.279938
 0 0.298982
 0 0.277472
 0 0.285282
 0 0.303725
 0 0.293442
 0 0.300427
 0 0.294985
 0 0.297423
 0 0.295364
 0 0.297974
 0 0.281961
 0 0.288277
 0 0.300499
 0 0.294819
 0 0.294785
 0 0.30131
 0 0.292975
 0 0.287863
 0 0.300873
 0 0.291923
 0 0.299545
 0 0.281958
 0 0.292263
 0 0.287341
 0 0.294281
 0 0.295895
 0 0.284929
 0 0.294211
 0 0.298178
 0 0.289514
 0 0.284593
 0 0.276466
 0 0.300893
 0 0.296906
 0 0.307686
 0 0.301057
 0 0.304394
 0 0.277434
 0 0.297963
 0 0.295047
 0 0.29038
 0 0.288488
 0 0.294796
 0 0.289142
 0 0.297119
 0 0.279514
 0 0.288734
 0 0.288545
 0 0.284213
 0 0.280703
 0 0.296734
 0 0.278416
 0 0.29104
 0 0.293048
 0 0.290312
 0 0.28306
 0 0.291124
 0 0.311243
 0 0.295577
 0 0.292824
 0 0.27717
 0 0.299532
 0 0.298692
 0 0.285093
 0 0.299335
 0 0.289273
 0 0.288375
 0 0.287085
 0 0.293557
 0 0.291211
 0 0.300516
 0 0.278727
 0 0.296468
 0 0.283894
 0 0.300856
 0 0.29647
 0 0.30502
 0 0.280627
 0 0.307101
 0 0.284138
 0 0.305275
 0 0.310454
 0 0.291527
 0 0.294975
 0 0.310161
 0 0.294041
 0 0.297188
 0 0.316302
 0 0.293637
 0 0.286266
 0 0.304443
 0 0.27913
 0 0.30108
 0 0.314242
 0 0.301454
 0 0.278254
 0 0.287881
 0 0.293008
 0 0.282254
 0 0.294297
 0 0.289079
 0 0.279384
 0 0.288481
 0 0.287055
 0 0.282369
 0 0.285823
 0 0.276728
 0 0.307564
 0 0.287312
 0 0.274427
 0 0.294443
 0 0.28803
 0 0.290032
 0 0.281669
 0 0.2896
 0 0.298864
 0 0.280877
 0 0.284944
 0 0.29415
 0 0.275265
 0 0.292107
 0 0.269669
 0 0.28361
 0 0.307346
 0 0.278089
 0 0.284313
 0 0.289075
 0 0.280893
 0 0.276191
 0 0.299311
 0 0.289721
 0 0.293534
 0 0.291608
 0 0.293637
 0 0.297728
 0 0.295705
 0 0.295409
 0 0.27963
 0 0.293151
 0 0.294806
 0 0.28341
 0 0.313819
 0 0.2864
 0 0.295242
 0 0.313069
 0 0.298959
 0 0.277524
 0 0.289766
 0 0.29083
 0 0.289251
 0 0.296393
 0 0.292667
 0 0.291164
 0 0.298447
 0 0.295187
 0 0.289741
 0 0.283563
 0 0.28377
 0 0.291176
 0 0.299134
 0 0.29043
 0 0.2846
 0 0.300896
 0 0.28373
 0 0.285612
 0 0.298399
 0 0.297951
 0 0.284828
 0 0.291852
 0 0.282598
 0 0.298039
 0 0.298301
 0 0.283882
 0 0.284095
 0 0.298033
 0 0.28471
 0 0.298894
 0 0.289168
 0 0.281394
 0 0.292776
 0 0.29529
 0 0.302795
 0 0.295008
 0 0.296906
 0 0.282654
 0 0.289727
 0 0.295011
 0 0.297027
 0 0.300469
 0 0.295802
 0 0.279948
 0 0.285489
 0 0.284317
 0 0.296863
 0 0.291913
 0 0.293236
 0 0.289672
 0 0.302856
 0 0.296255
 0 0.289628
 0 0.279235
 0 0.291501
 0 0.294357
 0 0.288926
 0 0.284113
 0 0.283361
 0 0.286219
 0 0.291266
 0 0.290722
 0 0.299139
 0 0.289873
 0 0.286588
 0 0.283404
 0 0.293012
 0 0.271675
 0 0.290073
 0 0.301251
 0 0.303605
 0 0.286067
 0 0.295504
 0 0.298606
 0 0.300663
 0 0.285028
 0 0.291858
 0 0.307617
 0 0.301927
 0 0.293553
 0 0.304895
 0 0.271007
 0 0.288659
 0 0.297956
 0 0.277196
 0 0.288931
 0 0.288321
 0 0.291641
 0 0.294227
 0 0.288208
 0 0.294739
 0 0.303395
 0 0.294059
 0 0.294527
 0 0.276736
 0 0.276673
 0 0.289908
 0 0.273509
 0 0.284542
 0 0.280802
 0 0.281899
 0 0.297918
 0 0.307009
 0 0.282817
 0 0.289923
 0 0.285115
 0 0.294628
 0 0.292866
 0 0.290174
 0 0.293313
 0 0.269663
 0 0.277759
 0 0.29021
 0 0.305187
 0 0.278573
 0 0.296876
 0 0.281906
 0 0.296504
 0 0.298665
 0 0.278526
 0 0.281894
 0 0.298933
 0 0.297199
 0 0.288851
 0 0.291968
 0 0.292681
 0 0.293831
 0 0.299259
 0 0.29784
 0 0.301726
 0 0.283928
 0 0.294071
 0 0.300313
 0 0.281256
 0 0.289117
 0 0.292073
 0 0.287841
 0 0.296902
 0 0.30415
 0 0.29558
 0 0.301351
 0 0.290165
 0 0.31202
 0 0.298949
 0 0.284772
 0 0.292711
 0 0.304014
 0 0.316597
 0 0.296818
 0 0.284886
 0 0.288344
 0 0.283259
 0 0.306371
 0 0.30041
 0 0.298749
 0 0.304153
 0 0.287903
 0 0.289481
 0 0.292795
 0 0.289304
 0 0.295183
 0 0.278595
 0 0.297702
 0 0.298836
 0 0.28578
 0 0.304451
 0 0.289802
 0 0.297521
 0 0.286396
 0 0.297741
 0 0.290597
 0 0.27128
 0 0.300699
 0 0.290206
 0 0.29098
 0 0.285091
 0 0.286257
 0 0.285259
 0 0.297823
 0 0.293505
 0 0.295716
 0 0.311366
 0 0.289223
 0 0.301209
 0 0.296626
 0 0.287955
 0 0.28506
 0 0.293166
 0 0.298384
 0 0.28225
 0 0.29855
 0 0.286347
 0 0.286626
 0 0.311478
 0 0.288514
 0 0.299247
 0 0.292972
 0 0.281428
 0 0.298666
 0 0.279436
 0 0.296841
 0 0.292674
 0 0.288055
 0 0.27632
 0 0.293639
 0 0.296859
 0 0.294974
 0 0.312481
 0 0.305915
 0 0.285646
 0 0.287447
 0 0.294545
 0 0.295615
 0 0.31151
 0 0.298577
 0 0.302511
 0 0.294336
 0 0.299458
 0 0.288983
 0 0.286102
 0 0.295664
 0 0.280578
 0 0.282659
 0 0.288096
 0 0.300672
 0 0.294744
 0 0.290003
 0 0.287835
 0 0.286178
 0 0.281375
 0 0.275008
 0 0.282892
 0 0.281249
 0 0.296459
 0 0.29749
 0 0.284866
 0 0.292142
 0 0.282964
 0 0.273291
 0 0.288995
 0 0.292509
 0 0.289715
 0 0.309689
 0 0.294938
 0 0.295961
 0 0.301311
 0 0.293866
 0 0.284765
 0 0.291227
 0 0.297656
 0 0.297584
 0 0.290792
 0 0.294301
 0 0.278164
 0 0.295587
 0 0.294284
 0 0.286572
 0 0.288558
 0 0.300382
 0 0.28933
 0 0.304613
 0 0.29249
 0 0.294911
 0 0.287905
 0 0.307493
 0 0.282322
 0 0.290232
 0 0.282817
 0 0.304091
 0 0.286787
 0 0.296109
 0 0.302456
 0 0.291003
 0 0.284967
