535 1 0 0 1
 0 0.240331
 0 0.238217
 0 0.243626
 0 0.242222
 0 0.245025
 0 0.242737
 0 0.240609
 0 0.240681
 0 0.240041
 0 0.23824
 0 0.241516
 0 0.245519
 0 0.244489
 0 0.246381
 0 0.242342
 0 0.241801
 0 0.238048
 0 0.238651
 0 0.244876
 0 0.24329
 0 0.243504
 0 0.248583
 0 0.24107
 0 0.244084
 0 0.247062
 0 0.242911
 0 0.246806
 0 0.239712
 0 0.24568
 0 0.247026
 0 0.242237
 0 0.238755
 0 0.240114
 0 0.240048
 0 0.245948
 0 0.242256
 0 0.243096
 0 0.244669
 0 0.244937
 0 0.245152
 0 0.239561
 0 0.246064
 0 0.242703
 0 0.247777
 0 0.243627
 0 0.243354
 0 0.243091
 0 0.238199
 0 0.247015
 0 0.249029
 0 0.244868
 0 0.244971
 0 0.237037
 0 0.246095
 0 0.235637
 0 0.236487
 0 0.234555
 0 0.243331
 0 0.246024
 0 0.23525
 0 0.231666
 0 0.237758
 0 0.239014
 0 0.241848
 0 0.241344
 0 0.239745
 0 0.238088
 0 0.247474
 0 0.246339
 0 0.243593
 0 0.240839
 0 0.250733
 0 0.248311
 0 0.236599
 0 0.241407
 0 0.237592
 0 0.235821
 0 0.235343
 0 0.237245
 0 0.237787
 0 0.236557
 0 0.244156
 0 0.234524
 0 0.23549
 0 0.240619
 0 0.237625
 0 0.240602
 0 0.2419
 0 0.246305
 0 0.246863
 0 0.241286
 0 0.246554
 0 0.244125
 0 0.23741
 0 0.244406
 0 0.244042
 0 0.248219
 0 0.249059
 0 0.245652
 0 0.253816
 0 0.244294
 0 0.244571
 0 0.245396
 0 0.239739
 0 0.244481
 0 0.249153
 0 0.244151
 0 0.248027
 0 0.246473
 0 0.247441
 0 0.241408
 0 0.248458
 0 0.239013
 0 0.238285
 0 0.236121
 0 0.236645
 0 0.242519
 0 0.237435
 0 0.247108
 0 0.247554
 0 0.246999
 0 0.248998
 0 0.237686
 0 0.243733
 0 0.233707
 0 0.243225
 0 0.240751
 0 0.24201
 0 0.253956
 0 0.244602
 0 0.250858
 0 0.247983
 0 0.241156
 0 0.240443
 0 0.237842
 0 0.24444
 0 0.24243
 0 0.240549
 0 0.244831
 0 0.24244
 0 0.245399
 0 0.244827
 0 0.245694
 0 0.240543
 0 0.24244
 0 0.246943
 0 0.252423
 0 0.251426
 0 0.247645
 0 0.249254
 0 0.244775
 0 0.249379
 0 0.243434
 0 0.249986
 0 0.242737
 0 0.254515
 0 0.24992
 0 0.248511
 0 0.250321
 0 0.241916
 0 0.244554
 0 0.236482
 0 0.244926
 0 0.230466
 0 0.239683
 0 0.236431
 0 0.235531
 0 0.2436
 0 0.239242
 0 0.240812
 0 0.242344
 0 0.246982
 0 0.251787
 0 0.243664
 0 0.245427
 0 0.243908
 0 0.250933
 0 0.244448
 0 0.248685
 0 0.243885
 0 0.23798
 0 0.245415
 0 0.246346
 0 0.249635
 0 0.246868
 0 0.242947
 0 0.246669
 0 0.23957
 0 0.246985
 0 0.241031
 0 0.243071
 0 0.240967
 0 0.243059
 0 0.245537
 0 0.249895
 0 0.248781
 0 0.24652
 0 0.243142
 0 0.248203
 0 0.23956
 0 0.250945
 0 0.248801
 0 0.245954
 0 0.250458
 0 0.247085
 0 0.240572
 0 0.242988
 0 0.242318
 0 0.24065
 0 0.236657
 0 0.244769
 0 0.236627
 0 0.236741
 0 0.244239
 0 0.242549
 0 0.241655
 0 0.238192
 0 0.236786
 0 0.236392
 0 0.24583
 0 0.24104
 0 0.247672
 0 0.247765
 0 0.24349
 0 0.242628
 0 0.240184
 0 0.231947
 0 0.231425
 0 0.22908
 0 0.237861
 0 0.243493
 0 0.242971
 0 0.23962
 0 0.233892
 0 0.236331
 0 0.240163
 0 0.229336
 0 0.24719
 0 0.24085
 0 0.235782
 0 0.242382
 0 0.241763
 0 0.233905
 0 0.238727
 0 0.234228
 0 0.226909
 0 0.236444
 0 0.244885
 0 0.233802
 0 0.24221
 0 0.23909
 0 0.243761
 0 0.245941
 0 0.244833
 0 0.241532
 0 0.253483
 0 0.24239
 0 0.242036
 0 0.248653
 0 0.242548
 0 0.247033
 0 0.238656
 0 0.240202
 0 0.244284
 0 0.248034
 0 0.247451
 0 0.244349
 0 0.246527
 0 0.24693
 0 0.239619
 0 0.244521
 0 0.24566
 0 0.241846
 0 0.246118
 0 0.239718
 0 0.236867
 0 0.242249
 0 0.244292
 0 0.245855
 0 0.244765
 0 0.246853
 0 0.240968
 0 0.242289
 0 0.240634
 0 0.242479
 0 0.240621
 0 0.236571
 0 0.239051
 0 0.243277
 0 0.245252
 0 0.246358
 0 0.247534
 0 0.242317
 0 0.245599
 0 0.241763
 0 0.24442
 0 0.239293
 0 0.248886
 0 0.241808
 0 0.245642
 0 0.241771
 0 0.241947
 0 0.242178
 0 0.246636
 0 0.238725
 0 0.24265
 0 0.244514
 0 0.250152
 0 0.253246
 0 0.249086
 0 0.249038
 0 0.254842
 0 0.243188
 0 0.245684
 0 0.246754
 0 0.250322
 0 0.232636
 0 0.238708
 0 0.241002
 0 0.2427
 0 0.244118
 0 0.238148
 0 0.247657
 0 0.24538
 0 0.234443
 0 0.245677
 0 0.247515
 0 0.243481
 0 0.243163
 0 0.244267
 0 0.250314
 0 0.250047
 0 0.243838
 0 0.24302
 0 0.246661
 0 0.244196
 0 0.241541
 0 0.241344
 0 0.247712
 0 0.243363
 0 0.240256
 0 0.240773
 0 0.246842
 0 0.236705
 0 0.243111
 0 0.236655
 0 0.241195
 0 0.244472
 0 0.24036
 0 0.242884
 0 0.242813
 0 0.248357
 0 0.244543
 0 0.245281
 0 0.241666
 0 0.228306
 0 0.236105
 0 0.243017
 0 0.240887
 0 0.24211
 0 0.235579
 0 0.23512
 0 0.246021
 0 0.240358
 0 0.237234
 0 0.237645
 0 0.245627
 0 0.24674
 0 0.244558
 0 0.238177
 0 0.236053
 0 0.239962
 0 0.244443
 0 0.24084
 0 0.236449
 0 0.227152
 0 0.24496
 0 0.237039
 0 0.240533
 0 0.242942
 0 0.232784
 0 0.239058
 0 0.241886
 0 0.241076
 0 0.234583
 0 0.246636
 0 0.237965
 0 0.243815
 0 0.248651
 0 0.250696
 0 0.243578
 0 0.234591
 0 0.238061
 0 0.247494
 0 0.245148
 0 0.246812
 0 0.245752
 0 0.250597
 0 0.242561
 0 0.249938
 0 0.240265
 0 0.246421
 0 0.248239
 0 0.249706
 0 0.247277
 0 0.241896
 0 0.251483
 0 0.25177
 0 0.245294
 0 0.243954
 0 0.236748
 0 0.24883
 0 0.249184
 0 0.247671
 0 0.248328
 0 0.241864
 0 0.238745
 0 0.238571
 0 0.235308
 0 0.234576
 0 0.239802
 0 0.23588
 0 0.237793
 0 0.237704
 0 0.248863
 0 0.237965
 0 0.242948
 0 0.241462
 0 0.24217
 0 0.240559
 0 0.239487
 0 0.238894
 0 0.234041
 0 0.245642
 0 0.24373
 0 0.242109
 0 0.241806
 0 0.244529
 0 0.237998
 0 0.243498
 0 0.243499
 0 0.24248
 0 0.250565
 0 0.239215
 0 0.240789
 0 0.24745
 0 0.243108
 0 0.240684
 0 0.245246
 0 0.247898
 0 0.246453
 0 0.244229
 0 0.242728
 0 0.243574
 0 0.24748
 0 0.245807
 0 0.251171
 0 0.250739
 0 0.247196
 0 0.243207
 0 0.246381
 0 0.243362
 0 0.246911
 0 0.235551
 0 0.238259
 0 0.239102
 0 0.243298
 0 0.235768
 0 0.248014
 0 0.23627
 0 0.24164
 0 0.245634
 0 0.248938
 0 0.24585
 0 0.249784
 0 0.244358
 0 0.249215
 0 0.248225
 0 0.24863
 0 0.242017
 0 0.246735
 0 0.243345
 0 0.247539
 0 0.252173
 0 0.252143
 0 0.24921
 0 0.242878
 0 0.241146
 0 0.239388
 0 0.242279
 0 0.242953
 0 0.245007
 0 0.248888
 0 0.238703
 0 0.240339
 0 0.245509
 0 0.239096
 0 0.245434
 0 0.240368
 0 0.23745
 0 0.235857
 0 0.246486
 0 0.245776
 0 0.245861
 0 0.244852
 0 0.241581
 0 0.244014
 0 0.239243
 0 0.234461
 0 0.238461
 0 0.24936
 0 0.240589
 0 0.240624
 0 0.237466
 0 0.24075
 0 0.252641
 0 0.24499
 0 0.241925
 0 0.247516
 0 0.242539
 0 0.242075
 0 0.242336
 0 0.251402
 0 0.244228
 0 0.241781
 0 0.253114
 0 0.24697
 0 0.239891
 0 0.240387
 0 0.248806
 0 0.241953
 0 0.246183
 0 0.244753
 0 0.248935
 0 0.241723
