535 1 0 0 1
 0 0.259153
 0 0.270655
 0 0.278917
 0 0.274167
 0 0.26576
 0 0.263241
 0 0.268132
 0 0.274936
 0 0.267796
 0 0.27157
 0 0.268052
 0 0.26992
 0 0.270693
 0 0.282354
 0 0.272684
 0 0.254022
 0 0.267257
 0 0.268377
 0 0.268452
 0 0.270835
 0 0.265782
 0 0.27655
 0 0.270385
 0 0.268199
 0 0.276396
 0 0.27248
 0 0.279508
 0 0.275495
 0 0.272476
 0 0.275643
 0 0.275646
 0 0.259679
 0 0.271156
 0 0.272405
 0 0.287365
 0 0.268142
 0 0.277299
 0 0.27228
 0 0.27167
 0 0.272412
 0 0.27432
 0 0.273087
 0 0.265273
 0 0.278063
 0 0.267962
 0 0.263066
 0 0.271166
 0 0.268152
 0 0.269701
 0 0.276427
 0 0.281215
 0 0.283533
 0 0.270193
 0 0.265064
 0 0.262299
 0 0.25526
 0 0.263976
 0 0.263201
 0 0.27385
 0 0.2639
 0 0.256887
 0 0.273021
 0 0.271328
 0 0.260839
 0 0.266157
 0 0.267009
 0 0.270747
 0 0.274167
 0 0.27891
 0 0.258072
 0 0.276906
 0 0.265797
 0 0.268961
 0 0.268579
 0 0.261244
 0 0.265921
 0 0.262908
 0 0.253538
 0 0.26243
 0 0.276231
 0 0.267294
 0 0.263227
 0 0.274025
 0 0.279249
 0 0.271422
 0 0.264718
 0 0.270844
 0 0.262004
 0 0.270388
 0 0.26878
 0 0.269018
 0 0.278091
 0 0.252569
 0 0.275636
 0 0.274549
 0 0.274886
 0 0.270823
 0 0.272504
 0 0.275983
 0 0.272331
 0 0.271612
 0 0.274576
 0 0.268397
 0 0.262176
 0 0.27193
 0 0.275339
 0 0.257018
 0 0.266405
 0 0.27289
 0 0.280599
 0 0.261407
 0 0.273627
 0 0.259443
 0 0.275444
 0 0.263631
 0 0.270722
 0 0.266611
 0 0.265008
 0 0.272786
 0 0.281225
 0 0.272245
 0 0.266645
 0 0.276072
 0 0.284144
 0 0.267253
 0 0.275262
 0 0.280983
 0 0.267784
 0 0.270891
 0 0.274311
 0 0.265035
 0 0.256499
 0 0.263874
 0 0.27061
 0 0.267158
 0 0.271333
 0 0.262152
 0 0.269983
 0 0.267791
 0 0.259229
 0 0.268594
 0 0.26603
 0 0.256892
 0 0.271046
 0 0.270638
 0 0.265466
 0 0.271197
 0 0.280933
 0 0.275252
 0 0.278631
 0 0.278481
 0 0.260096
 0 0.278425
 0 0.269271
 0 0.268227
 0 0.266496
 0 0.275804
 0 0.263103
 0 0.273734
 0 0.270101
 0 0.270044
 0 0.26363
 0 0.260072
 0 0.256081
 0 0.27412
 0 0.267178
 0 0.257271
 0 0.266738
 0 0.273958
 0 0.27082
 0 0.262869
 0 0.285755
 0 0.262478
 0 0.270804
 0 0.248846
 0 0.261908
 0 0.269167
 0 0.255766
 0 0.273472
 0 0.274628
 0 0.267729
 0 0.269733
 0 0.26678
 0 0.258743
 0 0.285327
 0 0.270428
 0 0.276711
 0 0.244507
 0 0.274503
 0 0.273044
 0 0.272877
 0 0.270124
 0 0.265049
 0 0.27478
 0 0.273929
 0 0.277783
 0 0.271263
 0 0.260082
 0 0.28383
 0 0.26923
 0 0.274334
 0 0.272337
 0 0.266068
 0 0.271427
 0 0.270779
 0 0.260977
 0 0.259575
 0 0.27329
 0 0.257374
 0 0.267144
 0 0.268273
 0 0.25732
 0 0.25961
 0 0.275797
 0 0.268101
 0 0.26628
 0 0.264587
 0 0.26932
 0 0.281573
 0 0.276022
 0 0.26974
 0 0.284192
 0 0.270874
 0 0.275336
 0 0.266186
 0 0.268969
 0 0.256012
 0 0.259159
 0 0.261818
 0 0.266391
 0 0.266509
 0 0.26574
 0 0.279889
 0 0.262505
 0 0.265034
 0 0.268168
 0 0.249343
 0 0.268066
 0 0.27079
 0 0.271362
 0 0.256982
 0 0.264734
 0 0.266785
 0 0.252108
 0 0.26889
 0 0.263595
 0 0.262384
 0 0.270037
 0 0.27994
 0 0.27815
 0 0.282097
 0 0.26324
 0 0.272272
 0 0.282217
 0 0.263482
 0 0.281053
 0 0.257965
 0 0.280103
 0 0.277715
 0 0.269502
 0 0.272629
 0 0.276474
 0 0.263277
 0 0.263639
 0 0.251074
 0 0.266496
 0 0.270416
 0 0.268325
 0 0.273913
 0 0.27007
 0 0.269308
 0 0.260613
 0 0.265248
 0 0.277275
 0 0.266019
 0 0.263546
 0 0.279017
 0 0.267988
 0 0.267911
 0 0.261658
 0 0.273524
 0 0.265842
 0 0.261759
 0 0.261079
 0 0.275369
 0 0.274257
 0 0.254733
 0 0.256844
 0 0.265337
 0 0.267771
 0 0.277298
 0 0.271482
 0 0.273445
 0 0.263393
 0 0.27112
 0 0.282992
 0 0.2746
 0 0.267602
 0 0.270407
 0 0.260282
 0 0.270625
 0 0.268842
 0 0.284355
 0 0.253115
 0 0.262856
 0 0.272655
 0 0.251465
 0 0.276929
 0 0.284704
 0 0.281635
 0 0.270045
 0 0.271458
 0 0.268333
 0 0.272999
 0 0.259277
 0 0.285896
 0 0.258946
 0 0.26253
 0 0.262278
 0 0.258051
 0 0.257127
 0 0.269405
 0 0.261514
 0 0.262996
 0 0.269969
 0 0.27426
 0 0.254008
 0 0.273196
 0 0.252627
 0 0.26914
 0 0.283772
 0 0.279153
 0 0.272673
 0 0.274108
 0 0.278462
 0 0.271416
 0 0.277587
 0 0.279368
 0 0.273243
 0 0.271881
 0 0.261
 0 0.278234
 0 0.261189
 0 0.268715
 0 0.261999
 0 0.273403
 0 0.270344
 0 0.263563
 0 0.265004
 0 0.263416
 0 0.272248
 0 0.273262
 0 0.268903
 0 0.264301
 0 0.261547
 0 0.251285
 0 0.252514
 0 0.267269
 0 0.263726
 0 0.272024
 0 0.262866
 0 0.260864
 0 0.259345
 0 0.269287
 0 0.258662
 0 0.266173
 0 0.267544
 0 0.275349
 0 0.276215
 0 0.259329
 0 0.274545
 0 0.265847
 0 0.260603
 0 0.267869
 0 0.277593
 0 0.261073
 0 0.274446
 0 0.245448
 0 0.27714
 0 0.27104
 0 0.261056
 0 0.270066
 0 0.257057
 0 0.262655
 0 0.263259
 0 0.254963
 0 0.268686
 0 0.273496
 0 0.267073
 0 0.289441
 0 0.26471
 0 0.258615
 0 0.274636
 0 0.273108
 0 0.266506
 0 0.277662
 0 0.271727
 0 0.268559
 0 0.273441
 0 0.26953
 0 0.273201
 0 0.271679
 0 0.270491
 0 0.271992
 0 0.271587
 0 0.263845
 0 0.268665
 0 0.288108
 0 0.275288
 0 0.272166
 0 0.252379
 0 0.261651
 0 0.270889
 0 0.27677
 0 0.275218
 0 0.280549
 0 0.26097
 0 0.273982
 0 0.272076
 0 0.256383
 0 0.265778
 0 0.259972
 0 0.267094
 0 0.265283
 0 0.276935
 0 0.261662
 0 0.279168
 0 0.251799
 0 0.275856
 0 0.264314
 0 0.264735
 0 0.264847
 0 0.252804
 0 0.275801
 0 0.26137
 0 0.271253
 0 0.259072
 0 0.262778
 0 0.263219
 0 0.275883
 0 0.27025
 0 0.275036
 0 0.269828
 0 0.259965
 0 0.280403
 0 0.269471
 0 0.273587
 0 0.273292
 0 0.267446
 0 0.269603
 0 0.265661
 0 0.269917
 0 0.271999
 0 0.269783
 0 0.28568
 0 0.272929
 0 0.269594
 0 0.26973
 0 0.26073
 0 0.275583
 0 0.271164
 0 0.260003
 0 0.277637
 0 0.262598
 0 0.262071
 0 0.267723
 0 0.280483
 0 0.263911
 0 0.275219
 0 0.278202
 0 0.266363
 0 0.272466
 0 0.264012
 0 0.280466
 0 0.285197
 0 0.275801
 0 0.270382
 0 0.271742
 0 0.283034
 0 0.266214
 0 0.271527
 0 0.271559
 0 0.272941
 0 0.266046
 0 0.256943
 0 0.267665
 0 0.25998
 0 0.265833
 0 0.261606
 0 0.26634
 0 0.267552
 0 0.24941
 0 0.263367
 0 0.267167
 0 0.263712
 0 0.278709
 0 0.267945
 0 0.27986
 0 0.271006
 0 0.263585
 0 0.257998
 0 0.262388
 0 0.285149
 0 0.274074
 0 0.269344
 0 0.269221
 0 0.271514
 0 0.263278
 0 0.264127
 0 0.274379
 0 0.263463
 0 0.275848
 0 0.262733
 0 0.255947
 0 0.266615
 0 0.285254
 0 0.27735
 0 0.277428
 0 0.273136
 0 0.262922
 0 0.255228
 0 0.261123
 0 0.275446
 0 0.265883
 0 0.265886
 0 0.274858
 0 0.255127
 0 0.276876
 0 0.256544
 0 0.280148
 0 0.265137
 0 0.269376
 0 0.27449
 0 0.270839
 0 0.278645
