535 1 0 0 1
 0 0.531888
 0 0.53395
 0 0.525224
 0 0.541328
 0 0.51905
 0 0.530808
 0 0.541838
 0 0.537746
 0 0.535348
 0 0.522534
 0 0.543856
 0 0.537406
 0 0.544708
 0 0.55454
 0 0.55133
 0 0.542412
 0 0.54577
 0 0.519362
 0 0.515308
 0 0.550136
 0 0.528344
 0 0.532486
 0 0.514396
 0 0.51748
 0 0.544458
 0 0.522606
 0 0.548322
 0 0.5443
 0 0.534314
 0 0.564614
 0 0.538344
 0 0.544418
 0 0.55103
 0 0.524282
 0 0.539006
 0 0.527078
 0 0.55232
 0 0.516954
 0 0.551516
 0 0.555872
 0 0.539392
 0 0.510764
 0 0.546772
 0 0.531828
 0 0.531348
 0 0.53105
 0 0.538874
 0 0.535476
 0 0.546866
 0 0.544348
 0 0.566556
 0 0.544686
 0 0.551898
 0 0.565156
 0 0.552768
 0 0.550396
 0 0.528702
 0 0.536536
 0 0.525232
 0 0.533482
 0 0.521994
 0 0.534692
 0 0.550478
 0 0.530628
 0 0.531704
 0 0.518028
 0 0.540858
 0 0.52657
 0 0.523004
 0 0.508822
 0 0.55782
 0 0.534822
 0 0.548792
 0 0.557858
 0 0.531132
 0 0.51842
 0 0.531874
 0 0.539016
 0 0.543744
 0 0.545732
 0 0.541202
 0 0.532064
 0 0.532636
 0 0.567558
 0 0.534748
 0 0.530852
 0 0.55106
 0 0.529034
 0 0.534824
 0 0.526122
 0 0.537058
 0 0.533976
 0 0.532766
 0 0.517806
 0 0.524348
 0 0.504542
 0 0.556506
 0 0.54901
 0 0.539866
 0 0.546252
 0 0.543302
 0 0.56589
 0 0.524044
 0 0.55328
 0 0.54561
 0 0.544736
 0 0.54496
 0 0.541634
 0 0.531558
 0 0.530934
 0 0.548408
 0 0.55448
 0 0.549206
 0 0.542378
 0 0.511152
 0 0.534342
 0 0.527386
 0 0.54953
 0 0.55234
 0 0.534422
 0 0.541218
 0 0.539058
 0 0.543046
 0 0.534764
 0 0.538358
 0 0.541014
 0 0.547652
 0 0.562522
 0 0.528234
 0 0.555614
 0 0.535612
 0 0.542036
 0 0.568152
 0 0.568294
 0 0.549406
 0 0.542714
 0 0.540824
 0 0.54771
 0 0.55069
 0 0.52951
 0 0.5391
 0 0.533066
 0 0.522006
 0 0.54717
 0 0.49742
 0 0.545548
 0 0.547736
 0 0.545888
 0 0.585984
 0 0.564656
 0 0.522196
 0 0.517576
 0 0.554976
 0 0.536936
 0 0.528404
 0 0.548226
 0 0.57106
 0 0.532376
 0 0.528998
 0 0.52863
 0 0.542112
 0 0.532066
 0 0.5409
 0 0.540642
 0 0.551756
 0 0.53538
 0 0.528246
 0 0.50879
 0 0.550704
 0 0.526734
 0 0.574038
 0 0.55673
 0 0.530596
 0 0.549164
 0 0.544864
 0 0.529414
 0 0.544482
 0 0.525066
 0 0.54355
 0 0.56271
 0 0.537552
 0 0.548734
 0 0.534542
 0 0.550146
 0 0.540112
 0 0.5454
 0 0.545238
 0 0.53751
 0 0.524338
 0 0.563946
 0 0.546206
 0 0.527734
 0 0.538512
 0 0.558976
 0 0.542338
 0 0.548444
 0 0.555516
 0 0.550644
 0 0.568366
 0 0.540884
 0 0.55103
 0 0.586002
 0 0.524316
 0 0.547254
 0 0.550376
 0 0.544106
 0 0.55049
 0 0.540068
 0 0.521234
 0 0.532756
 0 0.528666
 0 0.53763
 0 0.55538
 0 0.548456
 0 0.516786
 0 0.556196
 0 0.521002
 0 0.524882
 0 0.554416
 0 0.563138
 0 0.539124
 0 0.541444
 0 0.53889
 0 0.546958
 0 0.540884
 0 0.511056
 0 0.517428
 0 0.49374
 0 0.526852
 0 0.526296
 0 0.54118
 0 0.556526
 0 0.554712
 0 0.531356
 0 0.524616
 0 0.52581
 0 0.5302
 0 0.544554
 0 0.561182
 0 0.522796
 0 0.524724
 0 0.5305
 0 0.542434
 0 0.535004
 0 0.530464
 0 0.547738
 0 0.525484
 0 0.555242
 0 0.559818
 0 0.540272
 0 0.517706
 0 0.541526
 0 0.555398
 0 0.553174
 0 0.571546
 0 0.534792
 0 0.567194
 0 0.550734
 0 0.544316
 0 0.560366
 0 0.555758
 0 0.526592
 0 0.55191
 0 0.53195
 0 0.540698
 0 0.527772
 0 0.52788
 0 0.553026
 0 0.552946
 0 0.563866
 0 0.543634
 0 0.529738
 0 0.532902
 0 0.55168
 0 0.542334
 0 0.533538
 0 0.543456
 0 0.534504
 0 0.54399
 0 0.530776
 0 0.55983
 0 0.545758
 0 0.561012
 0 0.56343
 0 0.549602
 0 0.557146
 0 0.502564
 0 0.548126
 0 0.548494
 0 0.527876
 0 0.538084
 0 0.547622
 0 0.521454
 0 0.544954
 0 0.558686
 0 0.53898
 0 0.554764
 0 0.54771
 0 0.54118
 0 0.566972
 0 0.547702
 0 0.578852
 0 0.531054
 0 0.543692
 0 0.543164
 0 0.557274
 0 0.529928
 0 0.529814
 0 0.54105
 0 0.548384
 0 0.537178
 0 0.540522
 0 0.530794
 0 0.534014
 0 0.542098
 0 0.54936
 0 0.52438
 0 0.537726
 0 0.534624
 0 0.50006
 0 0.526272
 0 0.53157
 0 0.54497
 0 0.529406
 0 0.540296
 0 0.541766
 0 0.516896
 0 0.540546
 0 0.543614
 0 0.524766
 0 0.560812
 0 0.558868
 0 0.559038
 0 0.542304
 0 0.526286
 0 0.537264
 0 0.51976
 0 0.559756
 0 0.562578
 0 0.547078
 0 0.525982
 0 0.525744
 0 0.522864
 0 0.54792
 0 0.55561
 0 0.52818
 0 0.54828
 0 0.509332
 0 0.541766
 0 0.531852
 0 0.541722
 0 0.56366
 0 0.548748
 0 0.514446
 0 0.528304
 0 0.527432
 0 0.541732
 0 0.550574
 0 0.52223
 0 0.531454
 0 0.516634
 0 0.55457
 0 0.527514
 0 0.568638
 0 0.540474
 0 0.546748
 0 0.538996
 0 0.556244
 0 0.552922
 0 0.54868
 0 0.539086
 0 0.551186
 0 0.509694
 0 0.526414
 0 0.536112
 0 0.53858
 0 0.53895
 0 0.537682
 0 0.547906
 0 0.535008
 0 0.540072
 0 0.556562
 0 0.542438
 0 0.523462
 0 0.519816
 0 0.501984
 0 0.563204
 0 0.531414
 0 0.544798
 0 0.535826
 0 0.565708
 0 0.52425
 0 0.538204
 0 0.561084
 0 0.547522
 0 0.529144
 0 0.546842
 0 0.557732
 0 0.568988
 0 0.580146
 0 0.556486
 0 0.544094
 0 0.572594
 0 0.550906
 0 0.567852
 0 0.535158
 0 0.551938
 0 0.573262
 0 0.533428
 0 0.56393
 0 0.543408
 0 0.516832
 0 0.522078
 0 0.576148
 0 0.54212
 0 0.518256
 0 0.562484
 0 0.568938
 0 0.557516
 0 0.5495
 0 0.565506
 0 0.530256
 0 0.540326
 0 0.545584
 0 0.569376
 0 0.542254
 0 0.558052
 0 0.505146
 0 0.571168
 0 0.559884
 0 0.564822
 0 0.534636
 0 0.525422
 0 0.540282
 0 0.517914
 0 0.550774
 0 0.540036
 0 0.527186
 0 0.542014
 0 0.552852
 0 0.551572
 0 0.565236
 0 0.544266
 0 0.514202
 0 0.566296
 0 0.54386
 0 0.54588
 0 0.52133
 0 0.551006
 0 0.525146
 0 0.5292
 0 0.550572
 0 0.549004
 0 0.54235
 0 0.541516
 0 0.540486
 0 0.549744
 0 0.551462
 0 0.542098
 0 0.5415
 0 0.549182
 0 0.55022
 0 0.54961
 0 0.54249
 0 0.546728
 0 0.544996
 0 0.54584
 0 0.533736
 0 0.522754
 0 0.540422
 0 0.555838
 0 0.551816
 0 0.546076
 0 0.541916
 0 0.53224
 0 0.532214
 0 0.540524
 0 0.555176
 0 0.54205
 0 0.542708
 0 0.54209
 0 0.554076
 0 0.55301
 0 0.542894
 0 0.546432
 0 0.55912
 0 0.544558
 0 0.553516
 0 0.541272
 0 0.536864
 0 0.531264
 0 0.531318
 0 0.562416
 0 0.533304
 0 0.53867
 0 0.569968
 0 0.538652
 0 0.534826
 0 0.553034
 0 0.532202
 0 0.547614
 0 0.544396
 0 0.53838
 0 0.54351
 0 0.50133
 0 0.543158
 0 0.530798
 0 0.53975
 0 0.519732
 0 0.534916
 0 0.538892
 0 0.530914
 0 0.522534
 0 0.541568
 0 0.549014
 0 0.515848
 0 0.522974
 0 0.533214
 0 0.532068
 0 0.549898
 0 0.516558
 0 0.529258
 0 0.544758
 0 0.541366
 0 0.534404
 0 0.543836
 0 0.518498
 0 0.531822
 0 0.549176
 0 0.541624
 0 0.560724
 0 0.541964
 0 0.571522
 0 0.545438
 0 0.575742
