535 1 0 0 1
 0 0.61754
 0 0.62629
 0 0.635382
 0 0.6243
 0 0.66341
 0 0.640476
 0 0.684794
 0 0.659884
 0 0.664586
 0 0.60277
 0 0.633362
 0 0.664424
 0 0.660976
 0 0.684188
 0 0.648644
 0 0.620412
 0 0.754526
 0 0.637366
 0 0.678264
 0 0.669096
 0 0.610684
 0 0.64259
 0 0.637284
 0 0.66233
 0 0.641896
 0 0.672928
 0 0.707288
 0 0.691424
 0 0.715804
 0 0.672404
 0 0.737034
 0 0.714906
 0 0.665726
 0 0.623592
 0 0.700634
 0 0.696688
 0 0.68331
 0 0.701578
 0 0.611302
 0 0.61849
 0 0.667026
 0 0.636972
 0 0.646296
 0 0.700218
 0 0.61661
 0 0.65726
 0 0.641048
 0 0.661394
 0 0.664914
 0 0.710154
 0 0.681314
 0 0.712206
 0 0.703944
 0 0.67299
 0 0.591702
 0 0.632284
 0 0.633218
 0 0.655614
 0 0.63319
 0 0.598448
 0 0.643342
 0 0.612126
 0 0.628252
 0 0.657006
 0 0.616116
 0 0.674638
 0 0.62658
 0 0.631502
 0 0.671908
 0 0.628358
 0 0.584484
 0 0.670794
 0 0.606972
 0 0.662024
 0 0.59229
 0 0.67357
 0 0.65713
 0 0.574274
 0 0.61213
 0 0.620026
 0 0.593542
 0 0.579694
 0 0.633276
 0 0.654796
 0 0.682888
 0 0.63278
 0 0.668504
 0 0.68458
 0 0.580234
 0 0.625252
 0 0.634166
 0 0.71996
 0 0.619762
 0 0.639412
 0 0.611646
 0 0.669226
 0 0.642654
 0 0.72552
 0 0.676738
 0 0.699926
 0 0.634944
 0 0.655018
 0 0.66448
 0 0.69349
 0 0.641496
 0 0.68175
 0 0.626118
 0 0.702218
 0 0.67557
 0 0.70635
 0 0.623638
 0 0.671076
 0 0.61966
 0 0.626634
 0 0.597904
 0 0.67074
 0 0.618776
 0 0.635608
 0 0.676868
 0 0.680546
 0 0.650654
 0 0.696446
 0 0.681094
 0 0.639338
 0 0.607744
 0 0.655336
 0 0.670124
 0 0.63253
 0 0.622842
 0 0.667332
 0 0.66221
 0 0.626846
 0 0.667596
 0 0.64804
 0 0.6613
 0 0.670164
 0 0.581954
 0 0.64371
 0 0.648844
 0 0.65336
 0 0.676004
 0 0.671534
 0 0.680698
 0 0.621844
 0 0.614496
 0 0.651274
 0 0.639612
 0 0.72027
 0 0.652568
 0 0.666096
 0 0.678288
 0 0.673852
 0 0.6654
 0 0.619712
 0 0.618596
 0 0.624536
 0 0.615966
 0 0.64102
 0 0.62067
 0 0.72292
 0 0.692434
 0 0.618578
 0 0.633088
 0 0.644932
 0 0.703222
 0 0.565992
 0 0.574066
 0 0.62924
 0 0.602144
 0 0.596006
 0 0.604514
 0 0.708064
 0 0.617118
 0 0.70042
 0 0.601314
 0 0.602926
 0 0.749614
 0 0.663904
 0 0.658268
 0 0.709094
 0 0.644712
 0 0.694154
 0 0.660926
 0 0.714104
 0 0.678506
 0 0.601032
 0 0.632144
 0 0.616788
 0 0.72023
 0 0.670976
 0 0.64336
 0 0.60615
 0 0.674642
 0 0.61843
 0 0.703548
 0 0.701734
 0 0.69215
 0 0.619554
 0 0.70053
 0 0.708962
 0 0.71382
 0 0.734258
 0 0.639572
 0 0.66672
 0 0.702176
 0 0.65068
 0 0.701802
 0 0.646698
 0 0.597996
 0 0.600824
 0 0.660652
 0 0.645414
 0 0.597876
 0 0.709294
 0 0.68167
 0 0.64851
 0 0.672086
 0 0.657028
 0 0.676842
 0 0.745348
 0 0.668126
 0 0.701146
 0 0.650188
 0 0.719854
 0 0.612486
 0 0.637346
 0 0.65669
 0 0.59241
 0 0.62365
 0 0.634808
 0 0.689682
 0 0.635434
 0 0.662768
 0 0.639624
 0 0.588292
 0 0.629184
 0 0.583394
 0 0.674178
 0 0.631386
 0 0.621168
 0 0.630252
 0 0.595168
 0 0.643664
 0 0.59842
 0 0.60531
 0 0.63904
 0 0.59041
 0 0.612784
 0 0.675048
 0 0.709746
 0 0.686734
 0 0.674424
 0 0.684464
 0 0.694314
 0 0.71365
 0 0.708906
 0 0.637654
 0 0.664438
 0 0.702632
 0 0.613854
 0 0.661036
 0 0.634508
 0 0.6691
 0 0.64546
 0 0.584078
 0 0.677012
 0 0.63425
 0 0.65676
 0 0.656752
 0 0.665836
 0 0.711812
 0 0.664296
 0 0.654312
 0 0.68072
 0 0.690076
 0 0.601658
 0 0.602762
 0 0.639126
 0 0.650054
 0 0.609098
 0 0.672372
 0 0.618322
 0 0.632788
 0 0.623674
 0 0.702722
 0 0.6379
 0 0.608628
 0 0.57485
 0 0.687006
 0 0.590948
 0 0.639134
 0 0.651868
 0 0.637616
 0 0.628894
 0 0.656732
 0 0.663032
 0 0.672978
 0 0.65344
 0 0.62449
 0 0.645632
 0 0.66489
 0 0.652002
 0 0.659006
 0 0.669234
 0 0.634902
 0 0.678976
 0 0.648834
 0 0.672756
 0 0.697146
 0 0.685138
 0 0.59604
 0 0.717184
 0 0.626746
 0 0.630924
 0 0.661788
 0 0.679608
 0 0.529846
 0 0.664604
 0 0.629188
 0 0.634474
 0 0.65985
 0 0.634562
 0 0.66071
 0 0.645526
 0 0.699472
 0 0.704862
 0 0.637674
 0 0.617054
 0 0.637136
 0 0.616922
 0 0.666624
 0 0.704794
 0 0.658818
 0 0.646878
 0 0.635268
 0 0.677008
 0 0.558036
 0 0.647332
 0 0.684758
 0 0.61466
 0 0.57137
 0 0.692506
 0 0.616648
 0 0.630912
 0 0.628614
 0 0.577392
 0 0.724558
 0 0.642932
 0 0.670678
 0 0.626826
 0 0.656478
 0 0.68806
 0 0.666662
 0 0.606614
 0 0.680902
 0 0.613496
 0 0.598164
 0 0.677658
 0 0.655852
 0 0.63597
 0 0.623382
 0 0.640346
 0 0.649394
 0 0.708996
 0 0.648264
 0 0.656744
 0 0.645452
 0 0.632036
 0 0.635362
 0 0.661846
 0 0.64301
 0 0.604602
 0 0.632418
 0 0.668022
 0 0.669944
 0 0.608838
 0 0.691576
 0 0.663664
 0 0.708832
 0 0.66155
 0 0.666304
 0 0.667708
 0 0.62279
 0 0.639474
 0 0.599838
 0 0.6618
 0 0.729242
 0 0.593878
 0 0.633456
 0 0.684964
 0 0.664424
 0 0.597828
 0 0.670482
 0 0.71607
 0 0.695774
 0 0.65586
 0 0.676108
 0 0.671776
 0 0.644386
 0 0.712852
 0 0.694808
 0 0.696556
 0 0.716102
 0 0.644148
 0 0.681928
 0 0.628476
 0 0.738192
 0 0.64957
 0 0.703516
 0 0.690618
 0 0.65049
 0 0.644958
 0 0.659066
 0 0.696624
 0 0.682392
 0 0.636362
 0 0.64892
 0 0.671546
 0 0.594988
 0 0.64868
 0 0.658028
 0 0.626574
 0 0.65077
 0 0.63501
 0 0.645818
 0 0.68909
 0 0.638156
 0 0.644104
 0 0.64366
 0 0.652062
 0 0.658096
 0 0.627244
 0 0.603982
 0 0.656148
 0 0.567104
 0 0.655782
 0 0.697404
 0 0.598492
 0 0.66956
 0 0.668384
 0 0.712126
 0 0.664244
 0 0.710806
 0 0.637306
 0 0.685504
 0 0.649478
 0 0.680196
 0 0.685366
 0 0.66231
 0 0.64622
 0 0.651978
 0 0.70167
 0 0.666288
 0 0.669848
 0 0.71165
 0 0.713864
 0 0.676754
 0 0.661018
 0 0.67763
 0 0.708684
 0 0.642738
 0 0.663478
 0 0.612618
 0 0.62183
 0 0.632166
 0 0.658
 0 0.704772
 0 0.596368
 0 0.723278
 0 0.730858
 0 0.658402
 0 0.661058
 0 0.631626
 0 0.692828
 0 0.644948
 0 0.643068
 0 0.689552
 0 0.674754
 0 0.669804
 0 0.743334
 0 0.685798
 0 0.680392
 0 0.65405
 0 0.643102
 0 0.694512
 0 0.667528
 0 0.68291
 0 0.638374
 0 0.68421
 0 0.65746
 0 0.599452
 0 0.624638
 0 0.668154
 0 0.66545
 0 0.650274
 0 0.713502
 0 0.65157
 0 0.63098
 0 0.640058
 0 0.673232
 0 0.596872
 0 0.648482
 0 0.710636
 0 0.583096
 0 0.70999
 0 0.728954
 0 0.724522
 0 0.688984
 0 0.603688
 0 0.662882
 0 0.660384
 0 0.661458
 0 0.58581
 0 0.652954
 0 0.679072
 0 0.730004
 0 0.712382
 0 0.746432
 0 0.640922
 0 0.682472
 0 0.623764
 0 0.65834
 0 0.676532
 0 0.696466
 0 0.640652
 0 0.669288
 0 0.63399
 0 0.729898
 0 0.657406
 0 0.720384
 0 0.603684
 0 0.69545
 0 0.674308
 0 0.67309
 0 0.668118
