535 1 0 0 1
 0 0.695524
 0 0.720822
 0 0.705448
 0 0.67979
 0 0.806492
 0 0.667568
 0 0.739504
 0 0.728984
 0 0.687784
 0 0.77372
 0 0.669244
 0 0.760522
 0 0.764484
 0 0.820518
 0 0.675206
 0 0.78989
 0 0.680196
 0 0.725052
 0 0.697866
 0 0.784544
 0 0.64441
 0 0.748558
 0 0.687644
 0 0.770332
 0 0.727074
 0 0.702686
 0 0.663574
 0 0.813102
 0 0.764548
 0 0.725238
 0 0.803358
 0 0.72256
 0 0.640152
 0 0.853444
 0 0.716548
 0 0.708588
 0 0.8178
 0 0.748484
 0 0.761456
 0 0.80835
 0 0.751144
 0 0.692188
 0 0.68022
 0 0.763072
 0 0.755614
 0 0.741
 0 0.64627
 0 0.691132
 0 0.645042
 0 0.792894
 0 0.804792
 0 0.764974
 0 0.725368
 0 0.70968
 0 0.734572
 0 0.68355
 0 0.705422
 0 0.772432
 0 0.73106
 0 0.729748
 0 0.695964
 0 0.70402
 0 0.776004
 0 0.810982
 0 0.684714
 0 0.655632
 0 0.810694
 0 0.731756
 0 0.83715
 0 0.81449
 0 0.713092
 0 0.858616
 0 0.697668
 0 0.77131
 0 0.668722
 0 0.769896
 0 0.683712
 0 0.659986
 0 0.789626
 0 0.801822
 0 0.66692
 0 0.703262
 0 0.76389
 0 0.801552
 0 0.805816
 0 0.752484
 0 0.74676
 0 0.748
 0 0.715926
 0 0.64261
 0 0.685868
 0 0.782076
 0 0.633872
 0 0.70546
 0 0.726542
 0 0.716098
 0 0.744822
 0 0.844264
 0 0.775314
 0 0.761464
 0 0.73197
 0 0.659334
 0 0.736574
 0 0.779892
 0 0.716494
 0 0.764218
 0 0.752748
 0 0.72856
 0 0.740686
 0 0.75096
 0 0.671492
 0 0.741382
 0 0.71614
 0 0.662994
 0 0.70182
 0 0.737234
 0 0.739412
 0 0.686748
 0 0.66089
 0 0.775578
 0 0.73751
 0 0.773318
 0 0.756524
 0 0.705182
 0 0.691098
 0 0.714626
 0 0.749956
 0 0.697186
 0 0.768732
 0 0.653008
 0 0.787724
 0 0.76662
 0 0.691422
 0 0.684176
 0 0.841102
 0 0.850944
 0 0.748258
 0 0.731258
 0 0.778068
 0 0.658112
 0 0.711992
 0 0.706568
 0 0.67659
 0 0.701352
 0 0.6849
 0 0.715812
 0 0.714706
 0 0.782932
 0 0.671802
 0 0.78626
 0 0.755236
 0 0.692172
 0 0.723738
 0 0.742522
 0 0.743736
 0 0.68949
 0 0.775402
 0 0.727232
 0 0.703134
 0 0.633186
 0 0.639752
 0 0.57107
 0 0.588438
 0 0.626388
 0 0.782216
 0 0.651206
 0 0.638454
 0 0.704278
 0 0.713948
 0 0.731396
 0 0.737624
 0 0.800672
 0 0.622716
 0 0.762664
 0 0.664004
 0 0.657468
 0 0.799246
 0 0.667474
 0 0.768094
 0 0.798078
 0 0.669848
 0 0.817986
 0 0.745864
 0 0.811884
 0 0.791676
 0 0.664454
 0 0.866468
 0 0.634452
 0 0.753636
 0 0.679292
 0 0.696788
 0 0.751282
 0 0.7713
 0 0.64748
 0 0.77153
 0 0.81633
 0 0.80126
 0 0.724044
 0 0.70798
 0 0.689364
 0 0.762982
 0 0.812284
 0 0.7618
 0 0.728072
 0 0.79019
 0 0.709814
 0 0.671024
 0 0.702976
 0 0.64369
 0 0.761274
 0 0.747272
 0 0.700704
 0 0.717724
 0 0.745968
 0 0.62616
 0 0.64539
 0 0.734158
 0 0.665884
 0 0.722208
 0 0.797428
 0 0.767568
 0 0.783124
 0 0.613752
 0 0.81477
 0 0.678394
 0 0.770216
 0 0.660102
 0 0.671386
 0 0.641248
 0 0.735232
 0 0.784046
 0 0.71029
 0 0.748138
 0 0.816278
 0 0.73413
 0 0.708494
 0 0.5816
 0 0.761044
 0 0.738558
 0 0.667544
 0 0.719766
 0 0.708852
 0 0.73684
 0 0.64565
 0 0.757788
 0 0.657906
 0 0.64522
 0 0.715368
 0 0.806654
 0 0.710456
 0 0.805994
 0 0.6989
 0 0.705642
 0 0.76692
 0 0.757622
 0 0.829958
 0 0.712918
 0 0.7596
 0 0.793686
 0 0.70148
 0 0.819962
 0 0.800264
 0 0.717904
 0 0.64318
 0 0.67906
 0 0.706258
 0 0.799782
 0 0.68454
 0 0.846284
 0 0.730218
 0 0.7846
 0 0.658428
 0 0.647956
 0 0.735664
 0 0.799846
 0 0.706686
 0 0.787282
 0 0.78242
 0 0.772174
 0 0.76473
 0 0.7385
 0 0.661152
 0 0.794572
 0 0.702106
 0 0.656526
 0 0.698378
 0 0.609836
 0 0.566326
 0 0.72977
 0 0.659948
 0 0.757736
 0 0.76996
 0 0.692636
 0 0.723434
 0 0.733886
 0 0.892364
 0 0.761624
 0 0.801314
 0 0.799034
 0 0.801276
 0 0.76393
 0 0.719412
 0 0.750546
 0 0.629074
 0 0.685896
 0 0.735238
 0 0.630662
 0 0.73452
 0 0.818118
 0 0.688664
 0 0.736326
 0 0.686356
 0 0.755728
 0 0.784914
 0 0.696602
 0 0.761018
 0 0.680588
 0 0.671264
 0 0.592702
 0 0.671742
 0 0.681858
 0 0.66412
 0 0.724912
 0 0.783086
 0 0.70004
 0 0.77055
 0 0.73228
 0 0.740432
 0 0.692578
 0 0.731162
 0 0.775768
 0 0.835606
 0 0.726458
 0 0.626824
 0 0.646934
 0 0.800578
 0 0.632562
 0 0.762456
 0 0.753198
 0 0.687154
 0 0.753868
 0 0.643742
 0 0.64319
 0 0.718646
 0 0.689336
 0 0.698254
 0 0.83934
 0 0.706526
 0 0.770286
 0 0.696696
 0 0.696334
 0 0.708302
 0 0.69823
 0 0.746548
 0 0.766912
 0 0.694492
 0 0.683586
 0 0.802288
 0 0.690498
 0 0.712576
 0 0.658974
 0 0.738012
 0 0.695584
 0 0.650138
 0 0.607924
 0 0.741582
 0 0.749422
 0 0.76443
 0 0.82296
 0 0.799998
 0 0.69712
 0 0.63257
 0 0.663966
 0 0.704978
 0 0.815352
 0 0.650422
 0 0.759276
 0 0.584006
 0 0.73286
 0 0.738344
 0 0.673564
 0 0.741764
 0 0.673834
 0 0.727618
 0 0.67938
 0 0.726416
 0 0.70576
 0 0.758352
 0 0.788172
 0 0.774854
 0 0.600496
 0 0.70718
 0 0.608432
 0 0.760766
 0 0.632296
 0 0.734292
 0 0.781826
 0 0.768042
 0 0.7533
 0 0.801964
 0 0.771252
 0 0.680116
 0 0.700492
 0 0.711178
 0 0.833042
 0 0.68283
 0 0.7709
 0 0.767018
 0 0.78404
 0 0.763748
 0 0.709426
 0 0.739272
 0 0.642794
 0 0.832048
 0 0.736218
 0 0.709034
 0 0.7714
 0 0.775482
 0 0.742394
 0 0.635334
 0 0.730302
 0 0.74471
 0 0.719962
 0 0.640978
 0 0.713246
 0 0.677518
 0 0.683698
 0 0.705942
 0 0.794074
 0 0.77686
 0 0.770084
 0 0.720552
 0 0.760456
 0 0.891124
 0 0.752682
 0 0.75391
 0 0.694222
 0 0.714538
 0 0.765806
 0 0.745128
 0 0.709332
 0 0.74107
 0 0.818846
 0 0.63631
 0 0.856094
 0 0.82161
 0 0.747096
 0 0.819338
 0 0.769662
 0 0.801158
 0 0.77536
 0 0.698674
 0 0.745976
 0 0.75528
 0 0.744208
 0 0.745216
 0 0.735576
 0 0.73416
 0 0.772396
 0 0.809746
 0 0.66959
 0 0.732656
 0 0.727226
 0 0.651838
 0 0.68599
 0 0.63376
 0 0.67617
 0 0.74973
 0 0.74398
 0 0.88856
 0 0.69164
 0 0.764752
 0 0.706296
 0 0.745798
 0 0.82355
 0 0.751016
 0 0.792622
 0 0.787696
 0 0.811342
 0 0.657624
 0 0.666828
 0 0.815564
 0 0.662916
 0 0.785248
 0 0.682246
 0 0.74654
 0 0.730444
 0 0.629474
 0 0.699066
 0 0.64857
 0 0.763742
 0 0.715512
 0 0.7585
 0 0.676302
 0 0.706492
 0 0.866514
 0 0.720526
 0 0.724794
 0 0.7254
 0 0.720602
 0 0.745586
 0 0.796394
 0 0.707622
 0 0.77375
 0 0.781222
 0 0.69358
 0 0.870946
 0 0.72562
 0 0.681524
 0 0.831076
 0 0.741348
 0 0.722676
 0 0.79653
 0 0.691504
 0 0.740448
 0 0.76813
 0 0.820394
 0 0.802458
 0 0.769766
 0 0.755916
 0 0.548708
 0 0.765122
 0 0.747924
 0 0.707052
 0 0.609782
 0 0.766948
 0 0.66921
 0 0.802914
 0 0.683742
 0 0.738576
 0 0.684568
 0 0.776854
 0 0.702658
 0 0.74947
 0 0.862082
