535 1 0 0 1
 0 0.332344
 0 0.326858
 0 0.368025
 0 0.367871
 0 0.440736
 0 0.389513
 0 0.351133
 0 0.421086
 0 0.393969
 0 0.347127
 0 0.375387
 0 0.386836
 0 0.424294
 0 0.416219
 0 0.403992
 0 0.375706
 0 0.355464
 0 0.314196
 0 0.385622
 0 0.418998
 0 0.371588
 0 0.37349
 0 0.357313
 0 0.393458
 0 0.406096
 0 0.361911
 0 0.393243
 0 0.383517
 0 0.361666
 0 0.415636
 0 0.399853
 0 0.41254
 0 0.401613
 0 0.326097
 0 0.406914
 0 0.388117
 0 0.463623
 0 0.423239
 0 0.393584
 0 0.34273
 0 0.408468
 0 0.358597
 0 0.40484
 0 0.434787
 0 0.404683
 0 0.388136
 0 0.34121
 0 0.33339
 0 0.371517
 0 0.375824
 0 0.352021
 0 0.381995
 0 0.365818
 0 0.437887
 0 0.343408
 0 0.327031
 0 0.353
 0 0.440141
 0 0.376377
 0 0.343663
 0 0.393061
 0 0.405878
 0 0.355069
 0 0.407553
 0 0.376139
 0 0.425114
 0 0.403711
 0 0.425624
 0 0.425099
 0 0.378917
 0 0.347893
 0 0.401081
 0 0.409286
 0 0.367737
 0 0.407703
 0 0.353882
 0 0.361337
 0 0.395689
 0 0.388226
 0 0.408868
 0 0.398714
 0 0.441792
 0 0.397562
 0 0.426834
 0 0.341779
 0 0.356284
 0 0.37814
 0 0.377692
 0 0.354657
 0 0.410513
 0 0.417914
 0 0.390766
 0 0.40602
 0 0.340821
 0 0.366026
 0 0.391033
 0 0.368323
 0 0.400078
 0 0.435292
 0 0.416935
 0 0.409814
 0 0.390526
 0 0.402593
 0 0.389648
 0 0.349095
 0 0.411799
 0 0.384368
 0 0.360661
 0 0.379502
 0 0.383043
 0 0.328317
 0 0.40242
 0 0.365629
 0 0.359442
 0 0.372346
 0 0.379906
 0 0.411613
 0 0.369228
 0 0.409894
 0 0.438062
 0 0.339634
 0 0.387661
 0 0.424649
 0 0.41373
 0 0.388503
 0 0.330026
 0 0.35632
 0 0.330478
 0 0.438092
 0 0.376198
 0 0.416307
 0 0.411318
 0 0.409003
 0 0.361264
 0 0.405251
 0 0.412621
 0 0.383421
 0 0.340335
 0 0.4451
 0 0.349695
 0 0.356691
 0 0.358496
 0 0.365415
 0 0.363849
 0 0.388198
 0 0.375861
 0 0.336692
 0 0.371091
 0 0.391372
 0 0.376184
 0 0.325156
 0 0.327057
 0 0.39085
 0 0.389039
 0 0.410688
 0 0.354615
 0 0.433709
 0 0.402621
 0 0.350164
 0 0.414194
 0 0.394141
 0 0.359271
 0 0.393557
 0 0.35499
 0 0.406271
 0 0.369889
 0 0.357687
 0 0.388078
 0 0.352228
 0 0.422548
 0 0.373076
 0 0.407845
 0 0.363132
 0 0.446633
 0 0.368658
 0 0.4277
 0 0.370921
 0 0.372214
 0 0.400135
 0 0.433252
 0 0.362486
 0 0.427166
 0 0.395914
 0 0.379573
 0 0.43765
 0 0.376331
 0 0.409218
 0 0.321329
 0 0.442428
 0 0.424946
 0 0.386334
 0 0.340833
 0 0.36865
 0 0.360473
 0 0.392184
 0 0.420379
 0 0.408817
 0 0.341271
 0 0.368899
 0 0.426809
 0 0.40917
 0 0.397716
 0 0.422946
 0 0.369586
 0 0.395228
 0 0.37229
 0 0.35743
 0 0.382443
 0 0.317893
 0 0.344812
 0 0.391757
 0 0.358343
 0 0.374569
 0 0.421575
 0 0.386843
 0 0.374399
 0 0.404156
 0 0.399549
 0 0.367248
 0 0.389456
 0 0.311574
 0 0.412864
 0 0.401532
 0 0.415581
 0 0.337436
 0 0.394299
 0 0.346197
 0 0.291464
 0 0.345563
 0 0.381927
 0 0.375582
 0 0.376765
 0 0.382736
 0 0.432797
 0 0.372915
 0 0.333811
 0 0.324201
 0 0.403615
 0 0.370356
 0 0.414566
 0 0.377263
 0 0.32967
 0 0.398697
 0 0.342538
 0 0.332153
 0 0.37977
 0 0.298643
 0 0.406248
 0 0.436195
 0 0.342711
 0 0.378811
 0 0.350576
 0 0.392268
 0 0.396348
 0 0.383352
 0 0.429105
 0 0.396619
 0 0.36928
 0 0.446079
 0 0.421808
 0 0.363536
 0 0.341791
 0 0.367927
 0 0.370119
 0 0.369868
 0 0.437552
 0 0.407968
 0 0.44735
 0 0.430099
 0 0.360501
 0 0.426278
 0 0.39371
 0 0.358056
 0 0.412781
 0 0.464321
 0 0.371856
 0 0.422189
 0 0.410018
 0 0.417562
 0 0.3508
 0 0.434545
 0 0.377185
 0 0.355929
 0 0.387576
 0 0.343777
 0 0.393181
 0 0.408118
 0 0.366121
 0 0.37817
 0 0.380011
 0 0.456493
 0 0.408206
 0 0.374445
 0 0.415536
 0 0.386833
 0 0.434528
 0 0.351497
 0 0.395629
 0 0.368626
 0 0.412562
 0 0.345701
 0 0.378865
 0 0.367796
 0 0.378307
 0 0.38858
 0 0.378857
 0 0.337535
 0 0.39087
 0 0.389937
 0 0.380914
 0 0.367017
 0 0.391907
 0 0.394779
 0 0.430739
 0 0.387375
 0 0.360342
 0 0.344171
 0 0.313063
 0 0.314227
 0 0.347107
 0 0.411717
 0 0.352385
 0 0.344572
 0 0.371277
 0 0.359689
 0 0.408254
 0 0.451228
 0 0.431176
 0 0.381473
 0 0.422369
 0 0.41934
 0 0.464751
 0 0.393871
 0 0.409741
 0 0.349958
 0 0.388177
 0 0.372379
 0 0.386421
 0 0.399387
 0 0.423633
 0 0.397388
 0 0.35058
 0 0.382341
 0 0.405955
 0 0.362921
 0 0.344857
 0 0.410732
 0 0.370334
 0 0.399901
 0 0.335297
 0 0.387108
 0 0.403152
 0 0.394492
 0 0.418686
 0 0.405065
 0 0.315858
 0 0.40753
 0 0.397004
 0 0.385742
 0 0.399381
 0 0.35523
 0 0.368275
 0 0.398116
 0 0.421066
 0 0.346154
 0 0.371582
 0 0.40661
 0 0.397634
 0 0.4166
 0 0.353275
 0 0.390137
 0 0.33547
 0 0.399492
 0 0.419352
 0 0.434906
 0 0.377798
 0 0.391819
 0 0.355296
 0 0.365351
 0 0.373957
 0 0.362112
 0 0.384751
 0 0.393582
 0 0.391635
 0 0.4
 0 0.359589
 0 0.366447
 0 0.390815
 0 0.426632
 0 0.39883
 0 0.34564
 0 0.322249
 0 0.370061
 0 0.400971
 0 0.398812
 0 0.385979
 0 0.389345
 0 0.399016
 0 0.379466
 0 0.453128
 0 0.412012
 0 0.349284
 0 0.362875
 0 0.398415
 0 0.388019
 0 0.369245
 0 0.382082
 0 0.404276
 0 0.426552
 0 0.362758
 0 0.325433
 0 0.397874
 0 0.377564
 0 0.439953
 0 0.393033
 0 0.402663
 0 0.406993
 0 0.41194
 0 0.356399
 0 0.355033
 0 0.405749
 0 0.36599
 0 0.372803
 0 0.334472
 0 0.369447
 0 0.334513
 0 0.406571
 0 0.39332
 0 0.349742
 0 0.392796
 0 0.387993
 0 0.403324
 0 0.37177
 0 0.412669
 0 0.339894
 0 0.364117
 0 0.374304
 0 0.412883
 0 0.348612
 0 0.387327
 0 0.437089
 0 0.385813
 0 0.420474
 0 0.367037
 0 0.382548
 0 0.425603
 0 0.357972
 0 0.36537
 0 0.375367
 0 0.480681
 0 0.393208
 0 0.401263
 0 0.354963
 0 0.320956
 0 0.397866
 0 0.368778
 0 0.408007
 0 0.387141
 0 0.386647
 0 0.389481
 0 0.418426
 0 0.372048
 0 0.398537
 0 0.391259
 0 0.360547
 0 0.357834
 0 0.399764
 0 0.396002
 0 0.464808
 0 0.404705
 0 0.370284
 0 0.342163
 0 0.351848
 0 0.436314
 0 0.419113
 0 0.377425
 0 0.411382
 0 0.356473
 0 0.337146
 0 0.417126
 0 0.396642
 0 0.361455
 0 0.386033
 0 0.342996
 0 0.340111
 0 0.3847
 0 0.380667
 0 0.417114
 0 0.373166
 0 0.419416
 0 0.313859
 0 0.341638
 0 0.464953
 0 0.380865
 0 0.401177
 0 0.438675
 0 0.427212
 0 0.337252
 0 0.425553
 0 0.396565
 0 0.340384
 0 0.422544
 0 0.388394
 0 0.369411
 0 0.457063
 0 0.410928
 0 0.396169
 0 0.364288
 0 0.299308
 0 0.400374
 0 0.380491
 0 0.397943
 0 0.413435
 0 0.397513
 0 0.445384
 0 0.386538
 0 0.412521
 0 0.392925
 0 0.357365
 0 0.336138
 0 0.320258
 0 0.405282
 0 0.383643
 0 0.349504
 0 0.364343
 0 0.430998
 0 0.40293
 0 0.387739
 0 0.374155
 0 0.420754
 0 0.338253
 0 0.370369
 0 0.375704
 0 0.384251
 0 0.419298
