535 1 0 0 1
 0 0.313432
 0 0.378451
 0 0.355807
 0 0.320216
 0 0.39272
 0 0.364152
 0 0.334146
 0 0.384932
 0 0.374118
 0 0.327391
 0 0.374252
 0 0.337008
 0 0.372759
 0 0.349006
 0 0.387193
 0 0.367577
 0 0.329823
 0 0.338169
 0 0.384764
 0 0.37515
 0 0.360603
 0 0.3845
 0 0.360291
 0 0.341107
 0 0.388199
 0 0.355832
 0 0.36695
 0 0.330831
 0 0.359737
 0 0.383501
 0 0.416307
 0 0.380786
 0 0.378704
 0 0.369661
 0 0.391216
 0 0.340746
 0 0.405301
 0 0.3944
 0 0.371412
 0 0.356883
 0 0.373181
 0 0.359985
 0 0.349395
 0 0.391246
 0 0.354535
 0 0.355412
 0 0.364749
 0 0.357493
 0 0.334453
 0 0.360529
 0 0.368489
 0 0.408282
 0 0.400851
 0 0.365583
 0 0.363392
 0 0.313964
 0 0.372714
 0 0.410254
 0 0.386337
 0 0.340583
 0 0.334862
 0 0.340605
 0 0.357415
 0 0.381169
 0 0.365793
 0 0.371508
 0 0.376749
 0 0.392921
 0 0.454947
 0 0.385983
 0 0.36068
 0 0.407506
 0 0.345689
 0 0.341277
 0 0.358999
 0 0.364745
 0 0.33514
 0 0.361327
 0 0.346948
 0 0.38858
 0 0.38157
 0 0.393149
 0 0.377643
 0 0.358341
 0 0.366518
 0 0.335982
 0 0.351112
 0 0.324854
 0 0.346411
 0 0.357021
 0 0.356611
 0 0.391659
 0 0.369504
 0 0.348752
 0 0.377659
 0 0.351105
 0 0.341878
 0 0.404062
 0 0.433588
 0 0.354137
 0 0.407138
 0 0.377372
 0 0.339392
 0 0.374307
 0 0.345092
 0 0.3814
 0 0.338243
 0 0.346771
 0 0.35325
 0 0.341992
 0 0.31709
 0 0.379606
 0 0.357333
 0 0.322893
 0 0.36669
 0 0.328033
 0 0.393759
 0 0.306909
 0 0.392752
 0 0.385507
 0 0.329866
 0 0.324064
 0 0.349265
 0 0.395488
 0 0.361438
 0 0.339996
 0 0.362574
 0 0.368734
 0 0.427408
 0 0.346481
 0 0.373728
 0 0.396792
 0 0.368842
 0 0.347349
 0 0.34236
 0 0.363875
 0 0.334988
 0 0.330669
 0 0.388728
 0 0.327457
 0 0.37403
 0 0.353613
 0 0.380763
 0 0.364954
 0 0.332208
 0 0.367814
 0 0.370014
 0 0.398976
 0 0.4008
 0 0.372334
 0 0.35886
 0 0.386733
 0 0.339641
 0 0.37069
 0 0.357303
 0 0.345114
 0 0.421668
 0 0.384795
 0 0.357971
 0 0.391418
 0 0.359067
 0 0.32328
 0 0.352906
 0 0.315393
 0 0.408818
 0 0.349055
 0 0.313788
 0 0.347231
 0 0.329968
 0 0.373658
 0 0.355118
 0 0.372427
 0 0.333041
 0 0.406243
 0 0.334167
 0 0.365125
 0 0.400027
 0 0.366067
 0 0.379903
 0 0.400777
 0 0.333734
 0 0.384437
 0 0.376186
 0 0.370109
 0 0.387332
 0 0.330752
 0 0.371352
 0 0.349356
 0 0.381266
 0 0.3781
 0 0.335942
 0 0.374845
 0 0.389725
 0 0.39358
 0 0.354824
 0 0.382421
 0 0.373473
 0 0.328104
 0 0.368909
 0 0.36647
 0 0.395981
 0 0.366261
 0 0.372652
 0 0.35407
 0 0.398425
 0 0.380146
 0 0.357674
 0 0.368849
 0 0.338194
 0 0.36029
 0 0.379886
 0 0.37843
 0 0.358641
 0 0.400032
 0 0.384281
 0 0.364301
 0 0.386066
 0 0.362681
 0 0.367897
 0 0.403044
 0 0.340111
 0 0.381221
 0 0.361905
 0 0.374259
 0 0.343062
 0 0.383941
 0 0.333849
 0 0.348913
 0 0.363073
 0 0.367579
 0 0.371664
 0 0.380519
 0 0.328116
 0 0.353031
 0 0.381829
 0 0.358458
 0 0.303468
 0 0.37208
 0 0.380189
 0 0.417017
 0 0.322717
 0 0.320244
 0 0.3503
 0 0.344515
 0 0.312701
 0 0.356991
 0 0.340416
 0 0.381684
 0 0.40385
 0 0.338936
 0 0.398122
 0 0.395713
 0 0.37337
 0 0.359305
 0 0.339701
 0 0.370784
 0 0.325364
 0 0.383076
 0 0.411499
 0 0.356202
 0 0.361206
 0 0.388056
 0 0.36905
 0 0.338078
 0 0.331779
 0 0.365818
 0 0.353777
 0 0.413302
 0 0.397826
 0 0.325119
 0 0.407287
 0 0.409569
 0 0.357697
 0 0.358789
 0 0.403723
 0 0.349239
 0 0.346174
 0 0.351295
 0 0.357288
 0 0.360605
 0 0.382434
 0 0.378237
 0 0.343031
 0 0.342078
 0 0.343103
 0 0.374156
 0 0.371525
 0 0.312419
 0 0.363065
 0 0.39559
 0 0.396018
 0 0.381797
 0 0.375248
 0 0.381292
 0 0.382532
 0 0.38819
 0 0.351218
 0 0.363478
 0 0.362584
 0 0.390053
 0 0.359306
 0 0.319625
 0 0.353745
 0 0.354778
 0 0.367259
 0 0.334422
 0 0.32281
 0 0.357107
 0 0.376718
 0 0.321286
 0 0.348213
 0 0.382407
 0 0.352314
 0 0.394499
 0 0.375406
 0 0.344758
 0 0.32876
 0 0.333056
 0 0.329724
 0 0.382856
 0 0.348962
 0 0.362107
 0 0.376423
 0 0.355292
 0 0.361657
 0 0.380301
 0 0.412321
 0 0.365222
 0 0.369606
 0 0.371291
 0 0.37298
 0 0.372244
 0 0.3963
 0 0.331774
 0 0.378248
 0 0.363003
 0 0.374762
 0 0.348298
 0 0.390366
 0 0.365124
 0 0.331488
 0 0.379645
 0 0.320382
 0 0.35685
 0 0.365573
 0 0.349636
 0 0.392806
 0 0.35523
 0 0.380696
 0 0.353273
 0 0.383914
 0 0.347381
 0 0.368292
 0 0.374453
 0 0.373553
 0 0.341753
 0 0.338537
 0 0.359627
 0 0.324974
 0 0.393163
 0 0.42183
 0 0.357945
 0 0.368607
 0 0.399242
 0 0.344378
 0 0.380895
 0 0.345936
 0 0.386356
 0 0.401739
 0 0.327596
 0 0.359765
 0 0.364654
 0 0.35943
 0 0.384825
 0 0.405829
 0 0.331955
 0 0.373748
 0 0.319328
 0 0.35753
 0 0.345923
 0 0.326588
 0 0.403586
 0 0.344186
 0 0.337267
 0 0.389167
 0 0.347267
 0 0.355474
 0 0.356271
 0 0.388904
 0 0.373088
 0 0.331185
 0 0.353677
 0 0.337119
 0 0.389462
 0 0.337813
 0 0.334074
 0 0.383457
 0 0.368438
 0 0.388991
 0 0.378135
 0 0.390371
 0 0.382425
 0 0.355768
 0 0.356437
 0 0.373617
 0 0.354466
 0 0.367262
 0 0.383712
 0 0.402925
 0 0.370692
 0 0.332205
 0 0.385308
 0 0.352593
 0 0.380734
 0 0.329505
 0 0.400944
 0 0.352191
 0 0.383047
 0 0.331595
 0 0.284949
 0 0.361922
 0 0.354665
 0 0.362034
 0 0.37189
 0 0.381553
 0 0.353274
 0 0.386151
 0 0.367789
 0 0.328852
 0 0.388768
 0 0.376196
 0 0.352296
 0 0.347374
 0 0.389695
 0 0.339156
 0 0.342793
 0 0.383821
 0 0.34928
 0 0.328336
 0 0.404237
 0 0.383873
 0 0.351857
 0 0.398428
 0 0.349396
 0 0.364274
 0 0.370015
 0 0.326789
 0 0.388975
 0 0.392686
 0 0.377217
 0 0.388247
 0 0.37402
 0 0.357301
 0 0.367337
 0 0.390069
 0 0.348972
 0 0.360088
 0 0.394668
 0 0.364481
 0 0.379215
 0 0.41106
 0 0.367498
 0 0.397652
 0 0.386669
 0 0.342643
 0 0.334896
 0 0.343189
 0 0.372979
 0 0.426633
 0 0.413962
 0 0.378372
 0 0.353555
 0 0.361238
 0 0.387584
 0 0.395313
 0 0.382975
 0 0.376426
 0 0.324353
 0 0.348041
 0 0.378102
 0 0.371231
 0 0.359616
 0 0.376514
 0 0.355353
 0 0.361522
 0 0.383347
 0 0.368001
 0 0.371249
 0 0.352022
 0 0.401368
 0 0.346963
 0 0.358767
 0 0.381404
 0 0.323168
 0 0.372121
 0 0.442031
 0 0.375859
 0 0.346828
 0 0.36013
 0 0.36567
 0 0.380398
 0 0.40494
 0 0.385213
 0 0.365779
 0 0.430302
 0 0.343058
 0 0.399058
 0 0.332786
 0 0.310457
 0 0.390693
 0 0.384464
 0 0.372534
 0 0.308638
 0 0.38955
 0 0.394493
 0 0.364614
 0 0.408504
 0 0.408647
 0 0.344845
 0 0.355016
 0 0.338646
 0 0.415039
 0 0.387398
 0 0.38705
 0 0.348265
 0 0.432308
 0 0.3738
 0 0.358958
 0 0.358613
 0 0.388382
 0 0.361937
 0 0.385822
 0 0.373973
 0 0.363738
 0 0.377875
