535 1 0 0 1
 0 0.664688
 0 0.653716
 0 0.73605
 0 0.735742
 0 0.881472
 0 0.779026
 0 0.702266
 0 0.842172
 0 0.787938
 0 0.694254
 0 0.750774
 0 0.773672
 0 0.848588
 0 0.832438
 0 0.807984
 0 0.751412
 0 0.710928
 0 0.628392
 0 0.771244
 0 0.837996
 0 0.743176
 0 0.74698
 0 0.714626
 0 0.786916
 0 0.812192
 0 0.723822
 0 0.786486
 0 0.767034
 0 0.723332
 0 0.831272
 0 0.799706
 0 0.82508
 0 0.803226
 0 0.652194
 0 0.813828
 0 0.776234
 0 0.927246
 0 0.846478
 0 0.787168
 0 0.68546
 0 0.816936
 0 0.717194
 0 0.80968
 0 0.869574
 0 0.809366
 0 0.776272
 0 0.68242
 0 0.66678
 0 0.743034
 0 0.751648
 0 0.704042
 0 0.76399
 0 0.731636
 0 0.875774
 0 0.686816
 0 0.654062
 0 0.706
 0 0.880282
 0 0.752754
 0 0.687326
 0 0.786122
 0 0.811756
 0 0.710138
 0 0.815106
 0 0.752278
 0 0.850228
 0 0.807422
 0 0.851248
 0 0.850198
 0 0.757834
 0 0.695786
 0 0.802162
 0 0.818572
 0 0.735474
 0 0.815406
 0 0.707764
 0 0.722674
 0 0.791378
 0 0.776452
 0 0.817736
 0 0.797428
 0 0.883584
 0 0.795124
 0 0.853668
 0 0.683558
 0 0.712568
 0 0.75628
 0 0.755384
 0 0.709314
 0 0.821026
 0 0.835828
 0 0.781532
 0 0.81204
 0 0.681642
 0 0.732052
 0 0.782066
 0 0.736646
 0 0.800156
 0 0.870584
 0 0.83387
 0 0.819628
 0 0.781052
 0 0.805186
 0 0.779296
 0 0.69819
 0 0.823598
 0 0.768736
 0 0.721322
 0 0.759004
 0 0.766086
 0 0.656634
 0 0.80484
 0 0.731258
 0 0.718884
 0 0.744692
 0 0.759812
 0 0.823226
 0 0.738456
 0 0.819788
 0 0.876124
 0 0.679268
 0 0.775322
 0 0.849298
 0 0.82746
 0 0.777006
 0 0.660052
 0 0.71264
 0 0.660956
 0 0.876184
 0 0.752396
 0 0.832614
 0 0.822636
 0 0.818006
 0 0.722528
 0 0.810502
 0 0.825242
 0 0.766842
 0 0.68067
 0 0.8902
 0 0.69939
 0 0.713382
 0 0.716992
 0 0.73083
 0 0.727698
 0 0.776396
 0 0.751722
 0 0.673384
 0 0.742182
 0 0.782744
 0 0.752368
 0 0.650312
 0 0.654114
 0 0.7817
 0 0.778078
 0 0.821376
 0 0.70923
 0 0.867418
 0 0.805242
 0 0.700328
 0 0.828388
 0 0.788282
 0 0.718542
 0 0.787114
 0 0.70998
 0 0.812542
 0 0.739778
 0 0.715374
 0 0.776156
 0 0.704456
 0 0.845096
 0 0.746152
 0 0.81569
 0 0.726264
 0 0.893266
 0 0.737316
 0 0.8554
 0 0.741842
 0 0.744428
 0 0.80027
 0 0.866504
 0 0.724972
 0 0.854332
 0 0.791828
 0 0.759146
 0 0.8753
 0 0.752662
 0 0.818436
 0 0.642658
 0 0.884856
 0 0.849892
 0 0.772668
 0 0.681666
 0 0.7373
 0 0.720946
 0 0.784368
 0 0.840758
 0 0.817634
 0 0.682542
 0 0.737798
 0 0.853618
 0 0.81834
 0 0.795432
 0 0.845892
 0 0.739172
 0 0.790456
 0 0.74458
 0 0.71486
 0 0.764886
 0 0.635786
 0 0.689624
 0 0.783514
 0 0.716686
 0 0.749138
 0 0.84315
 0 0.773686
 0 0.748798
 0 0.808312
 0 0.799098
 0 0.734496
 0 0.778912
 0 0.623148
 0 0.825728
 0 0.803064
 0 0.831162
 0 0.674872
 0 0.788598
 0 0.692394
 0 0.582928
 0 0.691126
 0 0.763854
 0 0.751164
 0 0.75353
 0 0.765472
 0 0.865594
 0 0.74583
 0 0.667622
 0 0.648402
 0 0.80723
 0 0.740712
 0 0.829132
 0 0.754526
 0 0.65934
 0 0.797394
 0 0.685076
 0 0.664306
 0 0.75954
 0 0.597286
 0 0.812496
 0 0.87239
 0 0.685422
 0 0.757622
 0 0.701152
 0 0.784536
 0 0.792696
 0 0.766704
 0 0.85821
 0 0.793238
 0 0.73856
 0 0.892158
 0 0.843616
 0 0.727072
 0 0.683582
 0 0.735854
 0 0.740238
 0 0.739736
 0 0.875104
 0 0.815936
 0 0.8947
 0 0.860198
 0 0.721002
 0 0.852556
 0 0.78742
 0 0.716112
 0 0.825562
 0 0.928642
 0 0.743712
 0 0.844378
 0 0.820036
 0 0.835124
 0 0.7016
 0 0.86909
 0 0.75437
 0 0.711858
 0 0.775152
 0 0.687554
 0 0.786362
 0 0.816236
 0 0.732242
 0 0.75634
 0 0.760022
 0 0.912986
 0 0.816412
 0 0.74889
 0 0.831072
 0 0.773666
 0 0.869056
 0 0.702994
 0 0.791258
 0 0.737252
 0 0.825124
 0 0.691402
 0 0.75773
 0 0.735592
 0 0.756614
 0 0.77716
 0 0.757714
 0 0.67507
 0 0.78174
 0 0.779874
 0 0.761828
 0 0.734034
 0 0.783814
 0 0.789558
 0 0.861478
 0 0.77475
 0 0.720684
 0 0.688342
 0 0.626126
 0 0.628454
 0 0.694214
 0 0.823434
 0 0.70477
 0 0.689144
 0 0.742554
 0 0.719378
 0 0.816508
 0 0.902456
 0 0.862352
 0 0.762946
 0 0.844738
 0 0.83868
 0 0.929502
 0 0.787742
 0 0.819482
 0 0.699916
 0 0.776354
 0 0.744758
 0 0.772842
 0 0.798774
 0 0.847266
 0 0.794776
 0 0.70116
 0 0.764682
 0 0.81191
 0 0.725842
 0 0.689714
 0 0.821464
 0 0.740668
 0 0.799802
 0 0.670594
 0 0.774216
 0 0.806304
 0 0.788984
 0 0.837372
 0 0.81013
 0 0.631716
 0 0.81506
 0 0.794008
 0 0.771484
 0 0.798762
 0 0.71046
 0 0.73655
 0 0.796232
 0 0.842132
 0 0.692308
 0 0.743164
 0 0.81322
 0 0.795268
 0 0.8332
 0 0.70655
 0 0.780274
 0 0.67094
 0 0.798984
 0 0.838704
 0 0.869812
 0 0.755596
 0 0.783638
 0 0.710592
 0 0.730702
 0 0.747914
 0 0.724224
 0 0.769502
 0 0.787164
 0 0.78327
 0 0.8
 0 0.719178
 0 0.732894
 0 0.78163
 0 0.853264
 0 0.79766
 0 0.69128
 0 0.644498
 0 0.740122
 0 0.801942
 0 0.797624
 0 0.771958
 0 0.77869
 0 0.798032
 0 0.758932
 0 0.906256
 0 0.824024
 0 0.698568
 0 0.72575
 0 0.79683
 0 0.776038
 0 0.73849
 0 0.764164
 0 0.808552
 0 0.853104
 0 0.725516
 0 0.650866
 0 0.795748
 0 0.755128
 0 0.879906
 0 0.786066
 0 0.805326
 0 0.813986
 0 0.82388
 0 0.712798
 0 0.710066
 0 0.811498
 0 0.73198
 0 0.745606
 0 0.668944
 0 0.738894
 0 0.669026
 0 0.813142
 0 0.78664
 0 0.699484
 0 0.785592
 0 0.775986
 0 0.806648
 0 0.74354
 0 0.825338
 0 0.679788
 0 0.728234
 0 0.748608
 0 0.825766
 0 0.697224
 0 0.774654
 0 0.874178
 0 0.771626
 0 0.840948
 0 0.734074
 0 0.765096
 0 0.851206
 0 0.715944
 0 0.73074
 0 0.750734
 0 0.961362
 0 0.786416
 0 0.802526
 0 0.709926
 0 0.641912
 0 0.795732
 0 0.737556
 0 0.816014
 0 0.774282
 0 0.773294
 0 0.778962
 0 0.836852
 0 0.744096
 0 0.797074
 0 0.782518
 0 0.721094
 0 0.715668
 0 0.799528
 0 0.792004
 0 0.929616
 0 0.80941
 0 0.740568
 0 0.684326
 0 0.703696
 0 0.872628
 0 0.838226
 0 0.75485
 0 0.822764
 0 0.712946
 0 0.674292
 0 0.834252
 0 0.793284
 0 0.72291
 0 0.772066
 0 0.685992
 0 0.680222
 0 0.7694
 0 0.761334
 0 0.834228
 0 0.746332
 0 0.838832
 0 0.627718
 0 0.683276
 0 0.929906
 0 0.76173
 0 0.802354
 0 0.87735
 0 0.854424
 0 0.674504
 0 0.851106
 0 0.79313
 0 0.680768
 0 0.845088
 0 0.776788
 0 0.738822
 0 0.914126
 0 0.821856
 0 0.792338
 0 0.728576
 0 0.598616
 0 0.800748
 0 0.760982
 0 0.795886
 0 0.82687
 0 0.795026
 0 0.890768
 0 0.773076
 0 0.825042
 0 0.78585
 0 0.71473
 0 0.672276
 0 0.640516
 0 0.810564
 0 0.767286
 0 0.699008
 0 0.728686
 0 0.861996
 0 0.80586
 0 0.775478
 0 0.74831
 0 0.841508
 0 0.676506
 0 0.740738
 0 0.751408
 0 0.768502
 0 0.838596
