535 1 0 0 1
 0 0.39546
 0 0.430673
 0 0.329432
 0 0.393892
 0 0.403515
 0 0.421338
 0 0.393158
 0 0.406785
 0 0.299009
 0 0.37586
 0 0.389816
 0 0.340609
 0 0.430196
 0 0.402149
 0 0.383586
 0 0.332677
 0 0.30268
 0 0.373563
 0 0.452828
 0 0.383622
 0 0.344586
 0 0.417205
 0 0.356839
 0 0.368344
 0 0.372029
 0 0.344947
 0 0.43075
 0 0.363911
 0 0.367805
 0 0.424222
 0 0.389279
 0 0.386392
 0 0.361906
 0 0.43725
 0 0.414506
 0 0.347845
 0 0.407862
 0 0.362213
 0 0.389472
 0 0.354868
 0 0.358416
 0 0.389193
 0 0.368269
 0 0.399826
 0 0.336603
 0 0.37781
 0 0.399664
 0 0.381333
 0 0.355121
 0 0.456536
 0 0.384381
 0 0.411737
 0 0.374528
 0 0.381747
 0 0.369057
 0 0.438153
 0 0.348915
 0 0.359194
 0 0.406901
 0 0.423643
 0 0.348847
 0 0.385981
 0 0.347886
 0 0.331244
 0 0.423741
 0 0.407205
 0 0.366906
 0 0.460157
 0 0.408947
 0 0.407259
 0 0.397065
 0 0.398504
 0 0.363098
 0 0.377191
 0 0.342367
 0 0.332819
 0 0.366323
 0 0.386647
 0 0.403531
 0 0.377878
 0 0.40195
 0 0.39707
 0 0.458817
 0 0.402473
 0 0.393484
 0 0.368838
 0 0.345782
 0 0.351361
 0 0.372107
 0 0.319962
 0 0.340103
 0 0.387897
 0 0.37626
 0 0.363783
 0 0.389939
 0 0.375822
 0 0.415903
 0 0.429413
 0 0.423165
 0 0.327253
 0 0.390148
 0 0.385287
 0 0.385682
 0 0.451077
 0 0.344018
 0 0.365688
 0 0.377578
 0 0.362788
 0 0.405221
 0 0.397815
 0 0.337689
 0 0.334866
 0 0.376031
 0 0.352867
 0 0.385373
 0 0.309988
 0 0.391952
 0 0.380405
 0 0.407655
 0 0.429824
 0 0.340224
 0 0.351907
 0 0.447254
 0 0.421436
 0 0.322605
 0 0.416118
 0 0.428478
 0 0.365165
 0 0.359859
 0 0.380835
 0 0.388558
 0 0.439552
 0 0.425823
 0 0.374094
 0 0.39836
 0 0.468966
 0 0.323317
 0 0.392521
 0 0.402935
 0 0.364691
 0 0.376822
 0 0.438915
 0 0.353512
 0 0.369472
 0 0.27862
 0 0.321394
 0 0.371363
 0 0.471926
 0 0.378573
 0 0.406232
 0 0.439124
 0 0.340302
 0 0.407823
 0 0.351505
 0 0.379847
 0 0.35801
 0 0.386175
 0 0.315328
 0 0.373944
 0 0.365981
 0 0.330267
 0 0.320951
 0 0.313953
 0 0.309424
 0 0.341927
 0 0.34871
 0 0.392799
 0 0.355793
 0 0.378354
 0 0.398412
 0 0.372841
 0 0.433764
 0 0.355915
 0 0.432665
 0 0.324281
 0 0.369703
 0 0.424498
 0 0.311785
 0 0.386988
 0 0.365283
 0 0.371176
 0 0.410968
 0 0.389394
 0 0.440187
 0 0.420092
 0 0.358245
 0 0.395514
 0 0.359419
 0 0.381238
 0 0.391335
 0 0.403321
 0 0.380679
 0 0.402578
 0 0.373135
 0 0.450042
 0 0.408811
 0 0.402325
 0 0.353546
 0 0.37485
 0 0.3465
 0 0.394621
 0 0.441887
 0 0.384506
 0 0.37704
 0 0.450622
 0 0.41456
 0 0.423984
 0 0.428071
 0 0.34316
 0 0.427323
 0 0.380926
 0 0.370297
 0 0.365987
 0 0.409907
 0 0.376693
 0 0.370875
 0 0.378142
 0 0.326399
 0 0.345763
 0 0.396819
 0 0.399869
 0 0.375925
 0 0.349409
 0 0.377503
 0 0.365603
 0 0.349591
 0 0.333841
 0 0.388335
 0 0.330007
 0 0.327025
 0 0.335178
 0 0.364945
 0 0.379596
 0 0.349241
 0 0.374341
 0 0.34022
 0 0.338581
 0 0.336483
 0 0.319579
 0 0.432003
 0 0.32415
 0 0.344315
 0 0.388233
 0 0.384367
 0 0.336369
 0 0.373936
 0 0.354133
 0 0.42946
 0 0.352028
 0 0.350861
 0 0.444872
 0 0.307133
 0 0.408129
 0 0.387352
 0 0.380691
 0 0.422413
 0 0.38472
 0 0.387108
 0 0.406101
 0 0.450677
 0 0.448729
 0 0.374619
 0 0.366903
 0 0.395626
 0 0.374988
 0 0.369241
 0 0.319638
 0 0.414967
 0 0.373886
 0 0.386089
 0 0.403214
 0 0.359252
 0 0.358132
 0 0.408626
 0 0.370346
 0 0.362559
 0 0.419805
 0 0.461573
 0 0.356298
 0 0.346965
 0 0.426768
 0 0.36881
 0 0.370012
 0 0.355312
 0 0.476382
 0 0.343215
 0 0.351113
 0 0.352673
 0 0.389522
 0 0.371006
 0 0.404309
 0 0.386493
 0 0.343354
 0 0.388122
 0 0.356767
 0 0.403283
 0 0.416468
 0 0.391759
 0 0.362189
 0 0.376517
 0 0.294363
 0 0.362765
 0 0.406802
 0 0.308311
 0 0.339942
 0 0.387093
 0 0.363176
 0 0.439739
 0 0.389799
 0 0.442119
 0 0.349858
 0 0.384637
 0 0.45991
 0 0.407563
 0 0.36869
 0 0.403784
 0 0.347204
 0 0.332373
 0 0.351517
 0 0.425963
 0 0.377678
 0 0.333279
 0 0.449028
 0 0.406636
 0 0.343723
 0 0.416335
 0 0.354023
 0 0.330721
 0 0.35214
 0 0.366867
 0 0.441899
 0 0.423287
 0 0.352691
 0 0.353944
 0 0.420925
 0 0.419633
 0 0.360288
 0 0.401137
 0 0.419808
 0 0.347318
 0 0.367178
 0 0.419718
 0 0.328637
 0 0.38793
 0 0.401302
 0 0.387583
 0 0.402283
 0 0.363619
 0 0.436314
 0 0.360259
 0 0.365663
 0 0.3389
 0 0.421406
 0 0.381041
 0 0.385234
 0 0.289286
 0 0.355177
 0 0.36778
 0 0.342937
 0 0.383613
 0 0.395045
 0 0.38676
 0 0.393075
 0 0.430009
 0 0.333702
 0 0.412729
 0 0.392069
 0 0.42587
 0 0.438426
 0 0.42599
 0 0.382631
 0 0.351824
 0 0.36012
 0 0.408891
 0 0.466328
 0 0.343406
 0 0.354249
 0 0.289137
 0 0.353669
 0 0.384619
 0 0.33585
 0 0.392706
 0 0.358485
 0 0.411557
 0 0.369524
 0 0.345802
 0 0.378316
 0 0.366052
 0 0.420788
 0 0.389861
 0 0.443974
 0 0.334313
 0 0.394965
 0 0.447432
 0 0.325908
 0 0.36881
 0 0.362457
 0 0.343643
 0 0.370927
 0 0.41932
 0 0.424039
 0 0.382833
 0 0.422788
 0 0.420329
 0 0.370572
 0 0.39253
 0 0.413618
 0 0.480938
 0 0.395344
 0 0.35791
 0 0.334655
 0 0.318532
 0 0.418412
 0 0.468683
 0 0.414643
 0 0.404147
 0 0.377443
 0 0.400583
 0 0.441321
 0 0.3104
 0 0.374778
 0 0.350105
 0 0.356874
 0 0.421853
 0 0.40582
 0 0.389513
 0 0.421262
 0 0.369028
 0 0.430789
 0 0.369443
 0 0.393934
 0 0.378418
 0 0.367841
 0 0.397456
 0 0.341353
 0 0.413308
 0 0.351876
 0 0.423425
 0 0.363895
 0 0.45781
 0 0.377152
 0 0.408769
 0 0.393522
 0 0.357954
 0 0.399386
 0 0.422339
 0 0.352389
 0 0.42691
 0 0.4482
 0 0.510913
 0 0.356853
 0 0.395829
 0 0.279565
 0 0.447133
 0 0.421881
 0 0.354743
 0 0.430819
 0 0.374703
 0 0.359442
 0 0.400412
 0 0.334443
 0 0.35803
 0 0.364859
 0 0.35561
 0 0.268654
 0 0.377448
 0 0.328403
 0 0.351007
 0 0.427842
 0 0.443804
 0 0.426448
 0 0.406881
 0 0.343084
 0 0.445217
 0 0.415572
 0 0.430761
 0 0.430947
 0 0.339598
 0 0.361021
 0 0.376483
 0 0.306475
 0 0.438352
 0 0.364282
 0 0.361705
 0 0.36017
 0 0.411123
 0 0.377982
 0 0.363952
 0 0.339445
 0 0.382768
 0 0.375962
 0 0.372898
 0 0.393552
 0 0.398504
 0 0.434623
 0 0.459081
 0 0.363181
 0 0.379567
 0 0.405019
 0 0.314795
 0 0.372445
 0 0.391755
 0 0.413306
 0 0.416473
 0 0.388699
 0 0.377358
 0 0.383085
 0 0.326342
 0 0.40097
 0 0.392231
 0 0.419757
 0 0.377288
 0 0.381912
 0 0.430789
 0 0.407136
 0 0.47134
 0 0.449031
 0 0.401956
 0 0.36441
 0 0.379475
 0 0.356749
 0 0.356903
 0 0.397977
 0 0.40579
 0 0.369747
 0 0.334855
 0 0.315476
 0 0.352078
 0 0.371079
 0 0.321132
 0 0.370778
 0 0.37263
 0 0.454435
 0 0.358641
 0 0.414561
