535 1 0 0 1
 0 0.308891
 0 0.346907
 0 0.331677
 0 0.310138
 0 0.360232
 0 0.337974
 0 0.353139
 0 0.365149
 0 0.350908
 0 0.329473
 0 0.333395
 0 0.363174
 0 0.37374
 0 0.394045
 0 0.3992
 0 0.333873
 0 0.29792
 0 0.316859
 0 0.394035
 0 0.341968
 0 0.331208
 0 0.341441
 0 0.3351
 0 0.31249
 0 0.320465
 0 0.326084
 0 0.316886
 0 0.344279
 0 0.332721
 0 0.325635
 0 0.349408
 0 0.36812
 0 0.388647
 0 0.353495
 0 0.376214
 0 0.331529
 0 0.382202
 0 0.360492
 0 0.342476
 0 0.338221
 0 0.346686
 0 0.321963
 0 0.335744
 0 0.353661
 0 0.395188
 0 0.357985
 0 0.32407
 0 0.317091
 0 0.312473
 0 0.425182
 0 0.357464
 0 0.328704
 0 0.357533
 0 0.364563
 0 0.35166
 0 0.324192
 0 0.316374
 0 0.310052
 0 0.322057
 0 0.291031
 0 0.319071
 0 0.33909
 0 0.327692
 0 0.331533
 0 0.288017
 0 0.346829
 0 0.320722
 0 0.375308
 0 0.376894
 0 0.324014
 0 0.354571
 0 0.373475
 0 0.372205
 0 0.359821
 0 0.351249
 0 0.339245
 0 0.312528
 0 0.308166
 0 0.351151
 0 0.39618
 0 0.350082
 0 0.365815
 0 0.331162
 0 0.361598
 0 0.376132
 0 0.339973
 0 0.376853
 0 0.338963
 0 0.326276
 0 0.334282
 0 0.333601
 0 0.362485
 0 0.333854
 0 0.355512
 0 0.326296
 0 0.372098
 0 0.351852
 0 0.338497
 0 0.383346
 0 0.333427
 0 0.336366
 0 0.347032
 0 0.354576
 0 0.321931
 0 0.353301
 0 0.355245
 0 0.314857
 0 0.320945
 0 0.35909
 0 0.375525
 0 0.361609
 0 0.347581
 0 0.32686
 0 0.317244
 0 0.307206
 0 0.326652
 0 0.337275
 0 0.318575
 0 0.345036
 0 0.373585
 0 0.33175
 0 0.338593
 0 0.405073
 0 0.368029
 0 0.316028
 0 0.331995
 0 0.357526
 0 0.3742
 0 0.375627
 0 0.364766
 0 0.365757
 0 0.381024
 0 0.359713
 0 0.331821
 0 0.317786
 0 0.339328
 0 0.339657
 0 0.354998
 0 0.358362
 0 0.332596
 0 0.371054
 0 0.318192
 0 0.323482
 0 0.371929
 0 0.315478
 0 0.314089
 0 0.324401
 0 0.349419
 0 0.355344
 0 0.360944
 0 0.356634
 0 0.294089
 0 0.309564
 0 0.344578
 0 0.358111
 0 0.309354
 0 0.327516
 0 0.329282
 0 0.350819
 0 0.341373
 0 0.361743
 0 0.311729
 0 0.365851
 0 0.325579
 0 0.383162
 0 0.337269
 0 0.345871
 0 0.32798
 0 0.35805
 0 0.326314
 0 0.33647
 0 0.375434
 0 0.33223
 0 0.376368
 0 0.323122
 0 0.32701
 0 0.329755
 0 0.306592
 0 0.352558
 0 0.313347
 0 0.335842
 0 0.365759
 0 0.330389
 0 0.337066
 0 0.374767
 0 0.365034
 0 0.399072
 0 0.32317
 0 0.364593
 0 0.364121
 0 0.368089
 0 0.358108
 0 0.398679
 0 0.348673
 0 0.348023
 0 0.394525
 0 0.378198
 0 0.38002
 0 0.356392
 0 0.374427
 0 0.371813
 0 0.33355
 0 0.291633
 0 0.359012
 0 0.356209
 0 0.332273
 0 0.335903
 0 0.354359
 0 0.323082
 0 0.38682
 0 0.340835
 0 0.325558
 0 0.328685
 0 0.384929
 0 0.306475
 0 0.336001
 0 0.303372
 0 0.338939
 0 0.331778
 0 0.332777
 0 0.342804
 0 0.368367
 0 0.307381
 0 0.380804
 0 0.342145
 0 0.362017
 0 0.297971
 0 0.336263
 0 0.324696
 0 0.344371
 0 0.332713
 0 0.337814
 0 0.338137
 0 0.342258
 0 0.358818
 0 0.354826
 0 0.284879
 0 0.355294
 0 0.350638
 0 0.348874
 0 0.34137
 0 0.318556
 0 0.363216
 0 0.334451
 0 0.326658
 0 0.362342
 0 0.336541
 0 0.354776
 0 0.36374
 0 0.355829
 0 0.369741
 0 0.318869
 0 0.356328
 0 0.354538
 0 0.362807
 0 0.357031
 0 0.336979
 0 0.34784
 0 0.398676
 0 0.361993
 0 0.37795
 0 0.342663
 0 0.339409
 0 0.340732
 0 0.328986
 0 0.351581
 0 0.339744
 0 0.367918
 0 0.38107
 0 0.293516
 0 0.360496
 0 0.35654
 0 0.34739
 0 0.370336
 0 0.376958
 0 0.326211
 0 0.390086
 0 0.33214
 0 0.363051
 0 0.36704
 0 0.386363
 0 0.37907
 0 0.362618
 0 0.303958
 0 0.320216
 0 0.31743
 0 0.323263
 0 0.340427
 0 0.276576
 0 0.317869
 0 0.329012
 0 0.379395
 0 0.333751
 0 0.333735
 0 0.332357
 0 0.377808
 0 0.382888
 0 0.354889
 0 0.359574
 0 0.332931
 0 0.323635
 0 0.331453
 0 0.351143
 0 0.301179
 0 0.317357
 0 0.357468
 0 0.351132
 0 0.379273
 0 0.354357
 0 0.349357
 0 0.37357
 0 0.361926
 0 0.353837
 0 0.349247
 0 0.302328
 0 0.346062
 0 0.297826
 0 0.31146
 0 0.278983
 0 0.368763
 0 0.352423
 0 0.286918
 0 0.326745
 0 0.333317
 0 0.356528
 0 0.373858
 0 0.361347
 0 0.336477
 0 0.313346
 0 0.357666
 0 0.375702
 0 0.367525
 0 0.339954
 0 0.344896
 0 0.377771
 0 0.372869
 0 0.355999
 0 0.368874
 0 0.346089
 0 0.318061
 0 0.313004
 0 0.361585
 0 0.330863
 0 0.337745
 0 0.359152
 0 0.345315
 0 0.32781
 0 0.320074
 0 0.407885
 0 0.349733
 0 0.377282
 0 0.337622
 0 0.358071
 0 0.369584
 0 0.327927
 0 0.313801
 0 0.337843
 0 0.364193
 0 0.331955
 0 0.325795
 0 0.31493
 0 0.338962
 0 0.37392
 0 0.358817
 0 0.288433
 0 0.338585
 0 0.336327
 0 0.369877
 0 0.365644
 0 0.343036
 0 0.339668
 0 0.335295
 0 0.355968
 0 0.344508
 0 0.361031
 0 0.316526
 0 0.317616
 0 0.298017
 0 0.302035
 0 0.337646
 0 0.324501
 0 0.334856
 0 0.335919
 0 0.330459
 0 0.384771
 0 0.361993
 0 0.359469
 0 0.382079
 0 0.376309
 0 0.372322
 0 0.343104
 0 0.309498
 0 0.338061
 0 0.376168
 0 0.373751
 0 0.367962
 0 0.338092
 0 0.330712
 0 0.39455
 0 0.420353
 0 0.365638
 0 0.354729
 0 0.330807
 0 0.35144
 0 0.330546
 0 0.320629
 0 0.363884
 0 0.390206
 0 0.360103
 0 0.333265
 0 0.29254
 0 0.310852
 0 0.330643
 0 0.362726
 0 0.391078
 0 0.388713
 0 0.370238
 0 0.352171
 0 0.357175
 0 0.343705
 0 0.336116
 0 0.344881
 0 0.31247
 0 0.298015
 0 0.36959
 0 0.292341
 0 0.382671
 0 0.315863
 0 0.381063
 0 0.36671
 0 0.344875
 0 0.338072
 0 0.320035
 0 0.36343
 0 0.378213
 0 0.372183
 0 0.340852
 0 0.298045
 0 0.370994
 0 0.351448
 0 0.342705
 0 0.362259
 0 0.329747
 0 0.311142
 0 0.353023
 0 0.335621
 0 0.324711
 0 0.363996
 0 0.321598
 0 0.378539
 0 0.349552
 0 0.329789
 0 0.331126
 0 0.380451
 0 0.374849
 0 0.306208
 0 0.388941
 0 0.363835
 0 0.366259
 0 0.376833
 0 0.361286
 0 0.370784
 0 0.370947
 0 0.339918
 0 0.371937
 0 0.358249
 0 0.389004
 0 0.375651
 0 0.385899
 0 0.368365
 0 0.365883
 0 0.347057
 0 0.342678
 0 0.366312
 0 0.379466
 0 0.365465
 0 0.329136
 0 0.352015
 0 0.356994
 0 0.301155
 0 0.317135
 0 0.344576
 0 0.386278
 0 0.341902
 0 0.359006
 0 0.314065
 0 0.349695
 0 0.363001
 0 0.35888
 0 0.318141
 0 0.351649
 0 0.29623
 0 0.350026
 0 0.305429
 0 0.362882
 0 0.366368
 0 0.311272
 0 0.318125
 0 0.357945
 0 0.291271
 0 0.325525
 0 0.332153
 0 0.326259
 0 0.347538
 0 0.337776
 0 0.316258
 0 0.350203
 0 0.30172
 0 0.346632
 0 0.330257
 0 0.374162
 0 0.336604
 0 0.312532
 0 0.327337
 0 0.33738
 0 0.361793
 0 0.372487
 0 0.377292
 0 0.350739
 0 0.340878
 0 0.300361
 0 0.346112
 0 0.360425
 0 0.335525
 0 0.338161
 0 0.311534
 0 0.314073
 0 0.364438
 0 0.324573
 0 0.411915
 0 0.347695
 0 0.313002
 0 0.346244
 0 0.361199
 0 0.359084
