535 1 0 0 1
 0 0.626864
 0 0.756902
 0 0.711614
 0 0.640432
 0 0.78544
 0 0.728304
 0 0.668292
 0 0.769864
 0 0.748236
 0 0.654782
 0 0.748504
 0 0.674016
 0 0.745518
 0 0.698012
 0 0.774386
 0 0.735154
 0 0.659646
 0 0.676338
 0 0.769528
 0 0.7503
 0 0.721206
 0 0.769
 0 0.720582
 0 0.682214
 0 0.776398
 0 0.711664
 0 0.7339
 0 0.661662
 0 0.719474
 0 0.767002
 0 0.832614
 0 0.761572
 0 0.757408
 0 0.739322
 0 0.782432
 0 0.681492
 0 0.810602
 0 0.7888
 0 0.742824
 0 0.713766
 0 0.746362
 0 0.71997
 0 0.69879
 0 0.782492
 0 0.70907
 0 0.710824
 0 0.729498
 0 0.714986
 0 0.668906
 0 0.721058
 0 0.736978
 0 0.816564
 0 0.801702
 0 0.731166
 0 0.726784
 0 0.627928
 0 0.745428
 0 0.820508
 0 0.772674
 0 0.681166
 0 0.669724
 0 0.68121
 0 0.71483
 0 0.762338
 0 0.731586
 0 0.743016
 0 0.753498
 0 0.785842
 0 0.909894
 0 0.771966
 0 0.72136
 0 0.815012
 0 0.691378
 0 0.682554
 0 0.717998
 0 0.72949
 0 0.67028
 0 0.722654
 0 0.693896
 0 0.77716
 0 0.76314
 0 0.786298
 0 0.755286
 0 0.716682
 0 0.733036
 0 0.671964
 0 0.702224
 0 0.649708
 0 0.692822
 0 0.714042
 0 0.713222
 0 0.783318
 0 0.739008
 0 0.697504
 0 0.755318
 0 0.70221
 0 0.683756
 0 0.808124
 0 0.867176
 0 0.708274
 0 0.814276
 0 0.754744
 0 0.678784
 0 0.748614
 0 0.690184
 0 0.7628
 0 0.676486
 0 0.693542
 0 0.7065
 0 0.683984
 0 0.63418
 0 0.759212
 0 0.714666
 0 0.645786
 0 0.73338
 0 0.656066
 0 0.787518
 0 0.613818
 0 0.785504
 0 0.771014
 0 0.659732
 0 0.648128
 0 0.69853
 0 0.790976
 0 0.722876
 0 0.679992
 0 0.725148
 0 0.737468
 0 0.854816
 0 0.692962
 0 0.747456
 0 0.793584
 0 0.737684
 0 0.694698
 0 0.68472
 0 0.72775
 0 0.669976
 0 0.661338
 0 0.777456
 0 0.654914
 0 0.74806
 0 0.707226
 0 0.761526
 0 0.729908
 0 0.664416
 0 0.735628
 0 0.740028
 0 0.797952
 0 0.8016
 0 0.744668
 0 0.71772
 0 0.773466
 0 0.679282
 0 0.74138
 0 0.714606
 0 0.690228
 0 0.843336
 0 0.76959
 0 0.715942
 0 0.782836
 0 0.718134
 0 0.64656
 0 0.705812
 0 0.630786
 0 0.817636
 0 0.69811
 0 0.627576
 0 0.694462
 0 0.659936
 0 0.747316
 0 0.710236
 0 0.744854
 0 0.666082
 0 0.812486
 0 0.668334
 0 0.73025
 0 0.800054
 0 0.732134
 0 0.759806
 0 0.801554
 0 0.667468
 0 0.768874
 0 0.752372
 0 0.740218
 0 0.774664
 0 0.661504
 0 0.742704
 0 0.698712
 0 0.762532
 0 0.7562
 0 0.671884
 0 0.74969
 0 0.77945
 0 0.78716
 0 0.709648
 0 0.764842
 0 0.746946
 0 0.656208
 0 0.737818
 0 0.73294
 0 0.791962
 0 0.732522
 0 0.745304
 0 0.70814
 0 0.79685
 0 0.760292
 0 0.715348
 0 0.737698
 0 0.676388
 0 0.72058
 0 0.759772
 0 0.75686
 0 0.717282
 0 0.800064
 0 0.768562
 0 0.728602
 0 0.772132
 0 0.725362
 0 0.735794
 0 0.806088
 0 0.680222
 0 0.762442
 0 0.72381
 0 0.748518
 0 0.686124
 0 0.767882
 0 0.667698
 0 0.697826
 0 0.726146
 0 0.735158
 0 0.743328
 0 0.761038
 0 0.656232
 0 0.706062
 0 0.763658
 0 0.716916
 0 0.606936
 0 0.74416
 0 0.760378
 0 0.834034
 0 0.645434
 0 0.640488
 0 0.7006
 0 0.68903
 0 0.625402
 0 0.713982
 0 0.680832
 0 0.763368
 0 0.8077
 0 0.677872
 0 0.796244
 0 0.791426
 0 0.74674
 0 0.71861
 0 0.679402
 0 0.741568
 0 0.650728
 0 0.766152
 0 0.822998
 0 0.712404
 0 0.722412
 0 0.776112
 0 0.7381
 0 0.676156
 0 0.663558
 0 0.731636
 0 0.707554
 0 0.826604
 0 0.795652
 0 0.650238
 0 0.814574
 0 0.819138
 0 0.715394
 0 0.717578
 0 0.807446
 0 0.698478
 0 0.692348
 0 0.70259
 0 0.714576
 0 0.72121
 0 0.764868
 0 0.756474
 0 0.686062
 0 0.684156
 0 0.686206
 0 0.748312
 0 0.74305
 0 0.624838
 0 0.72613
 0 0.79118
 0 0.792036
 0 0.763594
 0 0.750496
 0 0.762584
 0 0.765064
 0 0.77638
 0 0.702436
 0 0.726956
 0 0.725168
 0 0.780106
 0 0.718612
 0 0.63925
 0 0.70749
 0 0.709556
 0 0.734518
 0 0.668844
 0 0.64562
 0 0.714214
 0 0.753436
 0 0.642572
 0 0.696426
 0 0.764814
 0 0.704628
 0 0.788998
 0 0.750812
 0 0.689516
 0 0.65752
 0 0.666112
 0 0.659448
 0 0.765712
 0 0.697924
 0 0.724214
 0 0.752846
 0 0.710584
 0 0.723314
 0 0.760602
 0 0.824642
 0 0.730444
 0 0.739212
 0 0.742582
 0 0.74596
 0 0.744488
 0 0.7926
 0 0.663548
 0 0.756496
 0 0.726006
 0 0.749524
 0 0.696596
 0 0.780732
 0 0.730248
 0 0.662976
 0 0.75929
 0 0.640764
 0 0.7137
 0 0.731146
 0 0.699272
 0 0.785612
 0 0.71046
 0 0.761392
 0 0.706546
 0 0.767828
 0 0.694762
 0 0.736584
 0 0.748906
 0 0.747106
 0 0.683506
 0 0.677074
 0 0.719254
 0 0.649948
 0 0.786326
 0 0.84366
 0 0.71589
 0 0.737214
 0 0.798484
 0 0.688756
 0 0.76179
 0 0.691872
 0 0.772712
 0 0.803478
 0 0.655192
 0 0.71953
 0 0.729308
 0 0.71886
 0 0.76965
 0 0.811658
 0 0.66391
 0 0.747496
 0 0.638656
 0 0.71506
 0 0.691846
 0 0.653176
 0 0.807172
 0 0.688372
 0 0.674534
 0 0.778334
 0 0.694534
 0 0.710948
 0 0.712542
 0 0.777808
 0 0.746176
 0 0.66237
 0 0.707354
 0 0.674238
 0 0.778924
 0 0.675626
 0 0.668148
 0 0.766914
 0 0.736876
 0 0.777982
 0 0.75627
 0 0.780742
 0 0.76485
 0 0.711536
 0 0.712874
 0 0.747234
 0 0.708932
 0 0.734524
 0 0.767424
 0 0.80585
 0 0.741384
 0 0.66441
 0 0.770616
 0 0.705186
 0 0.761468
 0 0.65901
 0 0.801888
 0 0.704382
 0 0.766094
 0 0.66319
 0 0.569898
 0 0.723844
 0 0.70933
 0 0.724068
 0 0.74378
 0 0.763106
 0 0.706548
 0 0.772302
 0 0.735578
 0 0.657704
 0 0.777536
 0 0.752392
 0 0.704592
 0 0.694748
 0 0.77939
 0 0.678312
 0 0.685586
 0 0.767642
 0 0.69856
 0 0.656672
 0 0.808474
 0 0.767746
 0 0.703714
 0 0.796856
 0 0.698792
 0 0.728548
 0 0.74003
 0 0.653578
 0 0.77795
 0 0.785372
 0 0.754434
 0 0.776494
 0 0.74804
 0 0.714602
 0 0.734674
 0 0.780138
 0 0.697944
 0 0.720176
 0 0.789336
 0 0.728962
 0 0.75843
 0 0.82212
 0 0.734996
 0 0.795304
 0 0.773338
 0 0.685286
 0 0.669792
 0 0.686378
 0 0.745958
 0 0.853266
 0 0.827924
 0 0.756744
 0 0.70711
 0 0.722476
 0 0.775168
 0 0.790626
 0 0.76595
 0 0.752852
 0 0.648706
 0 0.696082
 0 0.756204
 0 0.742462
 0 0.719232
 0 0.753028
 0 0.710706
 0 0.723044
 0 0.766694
 0 0.736002
 0 0.742498
 0 0.704044
 0 0.802736
 0 0.693926
 0 0.717534
 0 0.762808
 0 0.646336
 0 0.744242
 0 0.884062
 0 0.751718
 0 0.693656
 0 0.72026
 0 0.73134
 0 0.760796
 0 0.80988
 0 0.770426
 0 0.731558
 0 0.860604
 0 0.686116
 0 0.798116
 0 0.665572
 0 0.620914
 0 0.781386
 0 0.768928
 0 0.745068
 0 0.617276
 0 0.7791
 0 0.788986
 0 0.729228
 0 0.817008
 0 0.817294
 0 0.68969
 0 0.710032
 0 0.677292
 0 0.830078
 0 0.774796
 0 0.7741
 0 0.69653
 0 0.864616
 0 0.7476
 0 0.717916
 0 0.717226
 0 0.776764
 0 0.723874
 0 0.771644
 0 0.747946
 0 0.727476
 0 0.75575
