535 1 0 0 1
 0 0.75268
 0 0.70551
 0 0.823516
 0 0.801584
 0 1.01864
 0 0.754646
 0 0.739204
 0 0.739048
 0 0.934098
 0 0.699582
 0 0.70131
 0 0.87331
 0 0.929362
 0 0.901994
 0 0.905418
 0 0.7758
 0 0.787878
 0 0.831864
 0 0.899474
 0 0.83502
 0 0.69487
 0 0.7565
 0 0.77576
 0 0.617176
 0 0.868986
 0 0.702206
 0 0.947332
 0 0.965966
 0 0.759332
 0 0.830586
 0 0.84327
 0 0.800104
 0 0.855884
 0 0.740204
 0 0.738692
 0 0.773462
 0 0.875408
 0 0.920608
 0 0.732448
 0 0.795222
 0 0.881836
 0 0.730948
 0 0.687306
 0 0.960062
 0 0.81895
 0 0.77606
 0 0.699054
 0 0.70076
 0 0.765724
 0 0.824008
 0 0.805184
 0 0.990636
 0 0.741476
 0 0.810022
 0 0.770554
 0 0.845032
 0 0.707554
 0 0.861996
 0 0.776034
 0 0.673496
 0 0.695222
 0 0.892364
 0 0.901414
 0 0.988262
 0 0.731284
 0 0.778616
 0 0.921086
 0 0.807896
 0 0.875574
 0 0.876058
 0 0.719336
 0 0.753122
 0 0.718482
 0 0.771672
 0 0.754076
 0 0.672874
 0 0.763368
 0 0.86898
 0 0.828264
 0 0.891644
 0 0.892132
 0 0.780664
 0 0.888954
 0 0.96457
 0 0.743388
 0 0.694848
 0 0.818886
 0 0.816562
 0 0.785584
 0 0.715544
 0 0.589028
 0 0.879946
 0 0.739652
 0 0.84295
 0 0.934296
 0 0.730116
 0 0.750888
 0 1.03969
 0 0.889768
 0 0.743142
 0 0.79854
 0 0.885578
 0 0.80099
 0 0.769984
 0 0.624718
 0 0.807942
 0 0.874776
 0 0.841452
 0 0.963848
 0 0.822894
 0 0.619276
 0 0.827472
 0 0.700436
 0 0.68401
 0 0.736444
 0 0.694556
 0 0.70901
 0 0.821476
 0 0.769522
 0 0.788132
 0 0.82736
 0 0.836214
 0 0.888976
 0 0.779662
 0 0.661236
 0 0.92874
 0 0.890968
 0 0.738038
 0 0.805328
 0 0.732674
 0 0.940968
 0 0.958642
 0 0.83148
 0 0.88443
 0 0.779556
 0 0.922438
 0 0.808068
 0 0.79309
 0 0.92176
 0 0.713062
 0 0.795126
 0 0.630544
 0 0.879516
 0 0.766316
 0 0.650156
 0 0.784404
 0 0.564922
 0 0.87085
 0 0.745216
 0 0.815374
 0 0.911606
 0 0.713552
 0 0.799792
 0 0.774738
 0 0.593392
 0 0.77032
 0 0.858876
 0 0.85179
 0 0.844004
 0 0.746566
 0 0.7041
 0 0.742786
 0 0.679184
 0 0.751306
 0 0.925476
 0 0.828812
 0 0.501636
 0 0.783576
 0 0.841206
 0 0.811376
 0 0.776338
 0 1.02261
 0 0.622028
 0 0.845694
 0 0.71817
 0 0.707582
 0 0.921136
 0 0.675292
 0 0.759066
 0 0.867844
 0 0.679238
 0 0.828858
 0 0.79782
 0 0.910622
 0 0.758964
 0 0.735476
 0 0.696006
 0 0.790754
 0 0.745478
 0 0.807444
 0 0.962786
 0 0.717016
 0 0.937222
 0 0.767156
 0 0.833246
 0 0.842686
 0 0.85257
 0 0.851956
 0 0.801296
 0 0.915846
 0 1.01166
 0 0.822468
 0 0.59168
 0 0.843994
 0 0.767862
 0 0.733642
 0 0.672954
 0 0.856548
 0 0.678798
 0 0.7384
 0 0.8335
 0 0.664278
 0 0.804216
 0 0.944006
 0 0.853644
 0 0.804708
 0 0.686546
 0 0.802566
 0 0.76076
 0 0.787704
 0 0.806988
 0 0.917366
 0 0.76003
 0 0.897846
 0 0.815402
 0 0.810346
 0 0.820518
 0 0.753258
 0 0.713418
 0 0.951606
 0 0.83468
 0 0.765162
 0 0.752702
 0 0.835652
 0 0.71493
 0 0.812952
 0 0.607386
 0 0.91319
 0 0.732328
 0 0.85785
 0 0.633642
 0 0.680626
 0 0.798364
 0 0.769202
 0 0.752346
 0 0.775916
 0 0.806236
 0 0.903626
 0 0.86316
 0 0.874932
 0 0.897802
 0 0.671686
 0 0.68398
 0 1.00249
 0 0.818866
 0 0.841236
 0 0.759902
 0 0.907894
 0 0.947088
 0 0.822846
 0 0.71859
 0 0.824386
 0 0.943556
 0 0.820518
 0 0.706636
 0 0.786216
 0 0.905058
 0 0.67121
 0 0.938306
 0 0.833374
 0 0.95835
 0 0.72986
 0 0.75233
 0 0.858994
 0 0.951414
 0 0.741216
 0 0.68605
 0 0.834058
 0 0.80752
 0 0.78691
 0 0.869612
 0 0.780706
 0 0.884544
 0 0.759706
 0 0.950794
 0 0.818286
 0 0.647208
 0 0.695586
 0 0.718772
 0 0.787912
 0 0.916474
 0 0.79566
 0 0.80177
 0 0.74906
 0 0.709848
 0 0.973508
 0 0.73715
 0 0.938122
 0 0.89597
 0 0.783146
 0 0.82254
 0 0.660962
 0 0.847992
 0 0.706364
 0 0.72564
 0 0.740406
 0 0.659874
 0 0.823672
 0 1.08622
 0 0.811848
 0 0.814968
 0 0.692098
 0 0.946118
 0 0.838678
 0 0.827458
 0 0.831542
 0 0.616306
 0 0.68395
 0 0.779242
 0 0.790212
 0 0.872362
 0 0.850106
 0 0.854852
 0 0.808278
 0 0.839098
 0 0.888488
 0 0.844168
 0 0.60228
 0 0.673718
 0 0.758956
 0 0.878876
 0 0.857806
 0 0.841666
 0 0.728944
 0 0.94988
 0 0.797416
 0 0.73902
 0 0.894354
 0 0.962492
 0 0.701744
 0 0.756726
 0 0.993646
 0 0.890994
 0 0.753406
 0 0.643228
 0 0.792986
 0 0.895138
 0 0.73079
 0 0.93441
 0 0.756014
 0 0.73413
 0 0.824758
 0 0.784192
 0 0.804432
 0 0.82044
 0 0.7554
 0 0.790204
 0 0.829314
 0 0.780094
 0 0.88292
 0 0.733168
 0 0.871584
 0 0.791106
 0 0.94701
 0 0.728456
 0 0.805684
 0 0.518786
 0 0.794734
 0 0.7724
 0 0.63588
 0 0.804818
 0 0.700258
 0 0.711836
 0 0.809012
 0 0.735954
 0 0.818234
 0 0.907334
 0 0.680958
 0 0.660946
 0 0.838924
 0 0.586528
 0 0.969398
 0 0.655926
 0 0.769016
 0 0.754046
 0 0.648534
 0 0.685136
 0 0.699074
 0 0.940826
 0 0.83697
 0 0.64504
 0 0.640414
 0 0.681642
 0 0.952752
 0 0.70797
 0 0.597372
 0 0.809898
 0 0.94345
 0 0.789326
 0 0.738264
 0 0.944942
 0 0.688364
 0 0.641512
 0 0.772958
 0 0.883722
 0 0.778664
 0 0.885542
 0 0.88632
 0 0.98942
 0 0.911102
 0 0.908894
 0 0.70763
 0 0.79255
 0 0.943106
 0 0.93209
 0 0.722912
 0 0.786858
 0 0.836268
 0 0.81634
 0 0.828314
 0 0.803254
 0 0.785448
 0 0.709848
 0 0.748932
 0 0.801162
 0 0.66874
 0 0.7699
 0 0.689966
 0 0.734642
 0 0.831878
 0 0.829218
 0 0.684798
 0 0.768474
 0 0.83406
 0 0.683044
 0 0.65889
 0 0.81524
 0 0.762346
 0 0.922042
 0 0.934916
 0 0.8311
 0 0.721828
 0 0.74588
 0 0.866846
 0 0.868922
 0 0.863668
 0 0.732798
 0 0.832462
 0 0.858162
 0 0.824678
 0 0.62422
 0 0.802876
 0 0.775886
 0 0.808496
 0 0.740526
 0 0.886354
 0 0.855434
 0 0.946418
 0 0.829052
 0 0.896876
 0 0.805222
 0 0.757866
 0 0.841574
 0 0.964126
 0 0.674538
 0 0.916904
 0 0.82382
 0 0.67458
 0 0.735528
 0 1.01137
 0 0.797006
 0 0.779382
 0 0.630802
 0 0.965236
 0 0.911692
 0 0.763896
 0 0.843942
 0 0.906422
 0 0.751648
 0 0.949206
 0 0.955984
 0 0.761934
 0 0.727808
 0 0.851706
 0 0.769122
 0 0.780886
 0 0.773962
 0 0.770998
 0 0.784734
 0 0.80277
 0 0.766956
 0 0.80611
 0 0.833546
 0 0.707956
 0 0.862914
 0 0.803272
 0 0.802726
 0 0.908648
 0 0.71459
 0 0.779432
 0 0.853138
 0 0.717464
 0 0.88579
 0 0.740384
 0 0.802386
 0 0.628548
 0 0.779468
 0 0.596286
 0 0.642054
 0 0.697502
 0 0.798322
 0 0.751908
 0 0.64508
 0 0.919228
 0 0.828186
 0 0.887406
 0 0.982758
 0 1.01295
 0 0.712326
 0 0.81124
 0 0.758412
 0 0.916246
 0 0.887534
 0 0.842376
 0 0.748686
 0 0.849616
 0 0.729218
 0 0.945408
 0 0.842168
 0 0.703248
 0 0.72397
 0 0.87824
 0 0.902122
 0 0.828142
 0 0.838438
