535 1 0 0 1
 0 0.347762
 0 0.360411
 0 0.352724
 0 0.339895
 0 0.403246
 0 0.333784
 0 0.369752
 0 0.364492
 0 0.343892
 0 0.38686
 0 0.334622
 0 0.380261
 0 0.382242
 0 0.410259
 0 0.337603
 0 0.394945
 0 0.340098
 0 0.362526
 0 0.348933
 0 0.392272
 0 0.322205
 0 0.374279
 0 0.343822
 0 0.385166
 0 0.363537
 0 0.351343
 0 0.331787
 0 0.406551
 0 0.382274
 0 0.362619
 0 0.401679
 0 0.36128
 0 0.320076
 0 0.426722
 0 0.358274
 0 0.354294
 0 0.4089
 0 0.374242
 0 0.380728
 0 0.404175
 0 0.375572
 0 0.346094
 0 0.34011
 0 0.381536
 0 0.377807
 0 0.3705
 0 0.323135
 0 0.345566
 0 0.322521
 0 0.396447
 0 0.402396
 0 0.382487
 0 0.362684
 0 0.35484
 0 0.367286
 0 0.341775
 0 0.352711
 0 0.386216
 0 0.36553
 0 0.364874
 0 0.347982
 0 0.35201
 0 0.388002
 0 0.405491
 0 0.342357
 0 0.327816
 0 0.405347
 0 0.365878
 0 0.418575
 0 0.407245
 0 0.356546
 0 0.429308
 0 0.348834
 0 0.385655
 0 0.334361
 0 0.384948
 0 0.341856
 0 0.329993
 0 0.394813
 0 0.400911
 0 0.33346
 0 0.351631
 0 0.381945
 0 0.400776
 0 0.402908
 0 0.376242
 0 0.37338
 0 0.374
 0 0.357963
 0 0.321305
 0 0.342934
 0 0.391038
 0 0.316936
 0 0.35273
 0 0.363271
 0 0.358049
 0 0.372411
 0 0.422132
 0 0.387657
 0 0.380732
 0 0.365985
 0 0.329667
 0 0.368287
 0 0.389946
 0 0.358247
 0 0.382109
 0 0.376374
 0 0.36428
 0 0.370343
 0 0.37548
 0 0.335746
 0 0.370691
 0 0.35807
 0 0.331497
 0 0.35091
 0 0.368617
 0 0.369706
 0 0.343374
 0 0.330445
 0 0.387789
 0 0.368755
 0 0.386659
 0 0.378262
 0 0.352591
 0 0.345549
 0 0.357313
 0 0.374978
 0 0.348593
 0 0.384366
 0 0.326504
 0 0.393862
 0 0.38331
 0 0.345711
 0 0.342088
 0 0.420551
 0 0.425472
 0 0.374129
 0 0.365629
 0 0.389034
 0 0.329056
 0 0.355996
 0 0.353284
 0 0.338295
 0 0.350676
 0 0.34245
 0 0.357906
 0 0.357353
 0 0.391466
 0 0.335901
 0 0.39313
 0 0.377618
 0 0.346086
 0 0.361869
 0 0.371261
 0 0.371868
 0 0.344745
 0 0.387701
 0 0.363616
 0 0.351567
 0 0.316593
 0 0.319876
 0 0.285535
 0 0.294219
 0 0.313194
 0 0.391108
 0 0.325603
 0 0.319227
 0 0.352139
 0 0.356974
 0 0.365698
 0 0.368812
 0 0.400336
 0 0.311358
 0 0.381332
 0 0.332002
 0 0.328734
 0 0.399623
 0 0.333737
 0 0.384047
 0 0.399039
 0 0.334924
 0 0.408993
 0 0.372932
 0 0.405942
 0 0.395838
 0 0.332227
 0 0.433234
 0 0.317226
 0 0.376818
 0 0.339646
 0 0.348394
 0 0.375641
 0 0.38565
 0 0.32374
 0 0.385765
 0 0.408165
 0 0.40063
 0 0.362022
 0 0.35399
 0 0.344682
 0 0.381491
 0 0.406142
 0 0.3809
 0 0.364036
 0 0.395095
 0 0.354907
 0 0.335512
 0 0.351488
 0 0.321845
 0 0.380637
 0 0.373636
 0 0.350352
 0 0.358862
 0 0.372984
 0 0.31308
 0 0.322695
 0 0.367079
 0 0.332942
 0 0.361104
 0 0.398714
 0 0.383784
 0 0.391562
 0 0.306876
 0 0.407385
 0 0.339197
 0 0.385108
 0 0.330051
 0 0.335693
 0 0.320624
 0 0.367616
 0 0.392023
 0 0.355145
 0 0.374069
 0 0.408139
 0 0.367065
 0 0.354247
 0 0.2908
 0 0.380522
 0 0.369279
 0 0.333772
 0 0.359883
 0 0.354426
 0 0.36842
 0 0.322825
 0 0.378894
 0 0.328953
 0 0.32261
 0 0.357684
 0 0.403327
 0 0.355228
 0 0.402997
 0 0.34945
 0 0.352821
 0 0.38346
 0 0.378811
 0 0.414979
 0 0.356459
 0 0.3798
 0 0.396843
 0 0.35074
 0 0.409981
 0 0.400132
 0 0.358952
 0 0.32159
 0 0.33953
 0 0.353129
 0 0.399891
 0 0.34227
 0 0.423142
 0 0.365109
 0 0.3923
 0 0.329214
 0 0.323978
 0 0.367832
 0 0.399923
 0 0.353343
 0 0.393641
 0 0.39121
 0 0.386087
 0 0.382365
 0 0.36925
 0 0.330576
 0 0.397286
 0 0.351053
 0 0.328263
 0 0.349189
 0 0.304918
 0 0.283163
 0 0.364885
 0 0.329974
 0 0.378868
 0 0.38498
 0 0.346318
 0 0.361717
 0 0.366943
 0 0.446182
 0 0.380812
 0 0.400657
 0 0.399517
 0 0.400638
 0 0.381965
 0 0.359706
 0 0.375273
 0 0.314537
 0 0.342948
 0 0.367619
 0 0.315331
 0 0.36726
 0 0.409059
 0 0.344332
 0 0.368163
 0 0.343178
 0 0.377864
 0 0.392457
 0 0.348301
 0 0.380509
 0 0.340294
 0 0.335632
 0 0.296351
 0 0.335871
 0 0.340929
 0 0.33206
 0 0.362456
 0 0.391543
 0 0.35002
 0 0.385275
 0 0.36614
 0 0.370216
 0 0.346289
 0 0.365581
 0 0.387884
 0 0.417803
 0 0.363229
 0 0.313412
 0 0.323467
 0 0.400289
 0 0.316281
 0 0.381228
 0 0.376599
 0 0.343577
 0 0.376934
 0 0.321871
 0 0.321595
 0 0.359323
 0 0.344668
 0 0.349127
 0 0.41967
 0 0.353263
 0 0.385143
 0 0.348348
 0 0.348167
 0 0.354151
 0 0.349115
 0 0.373274
 0 0.383456
 0 0.347246
 0 0.341793
 0 0.401144
 0 0.345249
 0 0.356288
 0 0.329487
 0 0.369006
 0 0.347792
 0 0.325069
 0 0.303962
 0 0.370791
 0 0.374711
 0 0.382215
 0 0.41148
 0 0.399999
 0 0.34856
 0 0.316285
 0 0.331983
 0 0.352489
 0 0.407676
 0 0.325211
 0 0.379638
 0 0.292003
 0 0.36643
 0 0.369172
 0 0.336782
 0 0.370882
 0 0.336917
 0 0.363809
 0 0.33969
 0 0.363208
 0 0.35288
 0 0.379176
 0 0.394086
 0 0.387427
 0 0.300248
 0 0.35359
 0 0.304216
 0 0.380383
 0 0.316148
 0 0.367146
 0 0.390913
 0 0.384021
 0 0.37665
 0 0.400982
 0 0.385626
 0 0.340058
 0 0.350246
 0 0.355589
 0 0.416521
 0 0.341415
 0 0.38545
 0 0.383509
 0 0.39202
 0 0.381874
 0 0.354713
 0 0.369636
 0 0.321397
 0 0.416024
 0 0.368109
 0 0.354517
 0 0.3857
 0 0.387741
 0 0.371197
 0 0.317667
 0 0.365151
 0 0.372355
 0 0.359981
 0 0.320489
 0 0.356623
 0 0.338759
 0 0.341849
 0 0.352971
 0 0.397037
 0 0.38843
 0 0.385042
 0 0.360276
 0 0.380228
 0 0.445562
 0 0.376341
 0 0.376955
 0 0.347111
 0 0.357269
 0 0.382903
 0 0.372564
 0 0.354666
 0 0.370535
 0 0.409423
 0 0.318155
 0 0.428047
 0 0.410805
 0 0.373548
 0 0.409669
 0 0.384831
 0 0.400579
 0 0.38768
 0 0.349337
 0 0.372988
 0 0.37764
 0 0.372104
 0 0.372608
 0 0.367788
 0 0.36708
 0 0.386198
 0 0.404873
 0 0.334795
 0 0.366328
 0 0.363613
 0 0.325919
 0 0.342995
 0 0.31688
 0 0.338085
 0 0.374865
 0 0.37199
 0 0.44428
 0 0.34582
 0 0.382376
 0 0.353148
 0 0.372899
 0 0.411775
 0 0.375508
 0 0.396311
 0 0.393848
 0 0.405671
 0 0.328812
 0 0.333414
 0 0.407782
 0 0.331458
 0 0.392624
 0 0.341123
 0 0.37327
 0 0.365222
 0 0.314737
 0 0.349533
 0 0.324285
 0 0.381871
 0 0.357756
 0 0.37925
 0 0.338151
 0 0.353246
 0 0.433257
 0 0.360263
 0 0.362397
 0 0.3627
 0 0.360301
 0 0.372793
 0 0.398197
 0 0.353811
 0 0.386875
 0 0.390611
 0 0.34679
 0 0.435473
 0 0.36281
 0 0.340762
 0 0.415538
 0 0.370674
 0 0.361338
 0 0.398265
 0 0.345752
 0 0.370224
 0 0.384065
 0 0.410197
 0 0.401229
 0 0.384883
 0 0.377958
 0 0.274354
 0 0.382561
 0 0.373962
 0 0.353526
 0 0.304891
 0 0.383474
 0 0.334605
 0 0.401457
 0 0.341871
 0 0.369288
 0 0.342284
 0 0.388427
 0 0.351329
 0 0.374735
 0 0.431041
