535 1 0 0 1
 0 0.30877
 0 0.313145
 0 0.317691
 0 0.31215
 0 0.331705
 0 0.320238
 0 0.342397
 0 0.329942
 0 0.332293
 0 0.301385
 0 0.316681
 0 0.332212
 0 0.330488
 0 0.342094
 0 0.324322
 0 0.310206
 0 0.377263
 0 0.318683
 0 0.339132
 0 0.334548
 0 0.305342
 0 0.321295
 0 0.318642
 0 0.331165
 0 0.320948
 0 0.336464
 0 0.353644
 0 0.345712
 0 0.357902
 0 0.336202
 0 0.368517
 0 0.357453
 0 0.332863
 0 0.311796
 0 0.350317
 0 0.348344
 0 0.341655
 0 0.350789
 0 0.305651
 0 0.309245
 0 0.333513
 0 0.318486
 0 0.323148
 0 0.350109
 0 0.308305
 0 0.32863
 0 0.320524
 0 0.330697
 0 0.332457
 0 0.355077
 0 0.340657
 0 0.356103
 0 0.351972
 0 0.336495
 0 0.295851
 0 0.316142
 0 0.316609
 0 0.327807
 0 0.316595
 0 0.299224
 0 0.321671
 0 0.306063
 0 0.314126
 0 0.328503
 0 0.308058
 0 0.337319
 0 0.31329
 0 0.315751
 0 0.335954
 0 0.314179
 0 0.292242
 0 0.335397
 0 0.303486
 0 0.331012
 0 0.296145
 0 0.336785
 0 0.328565
 0 0.287137
 0 0.306065
 0 0.310013
 0 0.296771
 0 0.289847
 0 0.316638
 0 0.327398
 0 0.341444
 0 0.31639
 0 0.334252
 0 0.34229
 0 0.290117
 0 0.312626
 0 0.317083
 0 0.35998
 0 0.309881
 0 0.319706
 0 0.305823
 0 0.334613
 0 0.321327
 0 0.36276
 0 0.338369
 0 0.349963
 0 0.317472
 0 0.327509
 0 0.33224
 0 0.346745
 0 0.320748
 0 0.340875
 0 0.313059
 0 0.351109
 0 0.337785
 0 0.353175
 0 0.311819
 0 0.335538
 0 0.30983
 0 0.313317
 0 0.298952
 0 0.33537
 0 0.309388
 0 0.317804
 0 0.338434
 0 0.340273
 0 0.325327
 0 0.348223
 0 0.340547
 0 0.319669
 0 0.303872
 0 0.327668
 0 0.335062
 0 0.316265
 0 0.311421
 0 0.333666
 0 0.331105
 0 0.313423
 0 0.333798
 0 0.32402
 0 0.33065
 0 0.335082
 0 0.290977
 0 0.321855
 0 0.324422
 0 0.32668
 0 0.338002
 0 0.335767
 0 0.340349
 0 0.310922
 0 0.307248
 0 0.325637
 0 0.319806
 0 0.360135
 0 0.326284
 0 0.333048
 0 0.339144
 0 0.336926
 0 0.3327
 0 0.309856
 0 0.309298
 0 0.312268
 0 0.307983
 0 0.32051
 0 0.310335
 0 0.36146
 0 0.346217
 0 0.309289
 0 0.316544
 0 0.322466
 0 0.351611
 0 0.282996
 0 0.287033
 0 0.31462
 0 0.301072
 0 0.298003
 0 0.302257
 0 0.354032
 0 0.308559
 0 0.35021
 0 0.300657
 0 0.301463
 0 0.374807
 0 0.331952
 0 0.329134
 0 0.354547
 0 0.322356
 0 0.347077
 0 0.330463
 0 0.357052
 0 0.339253
 0 0.300516
 0 0.316072
 0 0.308394
 0 0.360115
 0 0.335488
 0 0.32168
 0 0.303075
 0 0.337321
 0 0.309215
 0 0.351774
 0 0.350867
 0 0.346075
 0 0.309777
 0 0.350265
 0 0.354481
 0 0.35691
 0 0.367129
 0 0.319786
 0 0.33336
 0 0.351088
 0 0.32534
 0 0.350901
 0 0.323349
 0 0.298998
 0 0.300412
 0 0.330326
 0 0.322707
 0 0.298938
 0 0.354647
 0 0.340835
 0 0.324255
 0 0.336043
 0 0.328514
 0 0.338421
 0 0.372674
 0 0.334063
 0 0.350573
 0 0.325094
 0 0.359927
 0 0.306243
 0 0.318673
 0 0.328345
 0 0.296205
 0 0.311825
 0 0.317404
 0 0.344841
 0 0.317717
 0 0.331384
 0 0.319812
 0 0.294146
 0 0.314592
 0 0.291697
 0 0.337089
 0 0.315693
 0 0.310584
 0 0.315126
 0 0.297584
 0 0.321832
 0 0.29921
 0 0.302655
 0 0.31952
 0 0.295205
 0 0.306392
 0 0.337524
 0 0.354873
 0 0.343367
 0 0.337212
 0 0.342232
 0 0.347157
 0 0.356825
 0 0.354453
 0 0.318827
 0 0.332219
 0 0.351316
 0 0.306927
 0 0.330518
 0 0.317254
 0 0.33455
 0 0.32273
 0 0.292039
 0 0.338506
 0 0.317125
 0 0.32838
 0 0.328376
 0 0.332918
 0 0.355906
 0 0.332148
 0 0.327156
 0 0.34036
 0 0.345038
 0 0.300829
 0 0.301381
 0 0.319563
 0 0.325027
 0 0.304549
 0 0.336186
 0 0.309161
 0 0.316394
 0 0.311837
 0 0.351361
 0 0.31895
 0 0.304314
 0 0.287425
 0 0.343503
 0 0.295474
 0 0.319567
 0 0.325934
 0 0.318808
 0 0.314447
 0 0.328366
 0 0.331516
 0 0.336489
 0 0.32672
 0 0.312245
 0 0.322816
 0 0.332445
 0 0.326001
 0 0.329503
 0 0.334617
 0 0.317451
 0 0.339488
 0 0.324417
 0 0.336378
 0 0.348573
 0 0.342569
 0 0.29802
 0 0.358592
 0 0.313373
 0 0.315462
 0 0.330894
 0 0.339804
 0 0.264923
 0 0.332302
 0 0.314594
 0 0.317237
 0 0.329925
 0 0.317281
 0 0.330355
 0 0.322763
 0 0.349736
 0 0.352431
 0 0.318837
 0 0.308527
 0 0.318568
 0 0.308461
 0 0.333312
 0 0.352397
 0 0.329409
 0 0.323439
 0 0.317634
 0 0.338504
 0 0.279018
 0 0.323666
 0 0.342379
 0 0.30733
 0 0.285685
 0 0.346253
 0 0.308324
 0 0.315456
 0 0.314307
 0 0.288696
 0 0.362279
 0 0.321466
 0 0.335339
 0 0.313413
 0 0.328239
 0 0.34403
 0 0.333331
 0 0.303307
 0 0.340451
 0 0.306748
 0 0.299082
 0 0.338829
 0 0.327926
 0 0.317985
 0 0.311691
 0 0.320173
 0 0.324697
 0 0.354498
 0 0.324132
 0 0.328372
 0 0.322726
 0 0.316018
 0 0.317681
 0 0.330923
 0 0.321505
 0 0.302301
 0 0.316209
 0 0.334011
 0 0.334972
 0 0.304419
 0 0.345788
 0 0.331832
 0 0.354416
 0 0.330775
 0 0.333152
 0 0.333854
 0 0.311395
 0 0.319737
 0 0.299919
 0 0.3309
 0 0.364621
 0 0.296939
 0 0.316728
 0 0.342482
 0 0.332212
 0 0.298914
 0 0.335241
 0 0.358035
 0 0.347887
 0 0.32793
 0 0.338054
 0 0.335888
 0 0.322193
 0 0.356426
 0 0.347404
 0 0.348278
 0 0.358051
 0 0.322074
 0 0.340964
 0 0.314238
 0 0.369096
 0 0.324785
 0 0.351758
 0 0.345309
 0 0.325245
 0 0.322479
 0 0.329533
 0 0.348312
 0 0.341196
 0 0.318181
 0 0.32446
 0 0.335773
 0 0.297494
 0 0.32434
 0 0.329014
 0 0.313287
 0 0.325385
 0 0.317505
 0 0.322909
 0 0.344545
 0 0.319078
 0 0.322052
 0 0.32183
 0 0.326031
 0 0.329048
 0 0.313622
 0 0.301991
 0 0.328074
 0 0.283552
 0 0.327891
 0 0.348702
 0 0.299246
 0 0.33478
 0 0.334192
 0 0.356063
 0 0.332122
 0 0.355403
 0 0.318653
 0 0.342752
 0 0.324739
 0 0.340098
 0 0.342683
 0 0.331155
 0 0.32311
 0 0.325989
 0 0.350835
 0 0.333144
 0 0.334924
 0 0.355825
 0 0.356932
 0 0.338377
 0 0.330509
 0 0.338815
 0 0.354342
 0 0.321369
 0 0.331739
 0 0.306309
 0 0.310915
 0 0.316083
 0 0.329
 0 0.352386
 0 0.298184
 0 0.361639
 0 0.365429
 0 0.329201
 0 0.330529
 0 0.315813
 0 0.346414
 0 0.322474
 0 0.321534
 0 0.344776
 0 0.337377
 0 0.334902
 0 0.371667
 0 0.342899
 0 0.340196
 0 0.327025
 0 0.321551
 0 0.347256
 0 0.333764
 0 0.341455
 0 0.319187
 0 0.342105
 0 0.32873
 0 0.299726
 0 0.312319
 0 0.334077
 0 0.332725
 0 0.325137
 0 0.356751
 0 0.325785
 0 0.31549
 0 0.320029
 0 0.336616
 0 0.298436
 0 0.324241
 0 0.355318
 0 0.291548
 0 0.354995
 0 0.364477
 0 0.362261
 0 0.344492
 0 0.301844
 0 0.331441
 0 0.330192
 0 0.330729
 0 0.292905
 0 0.326477
 0 0.339536
 0 0.365002
 0 0.356191
 0 0.373216
 0 0.320461
 0 0.341236
 0 0.311882
 0 0.32917
 0 0.338266
 0 0.348233
 0 0.320326
 0 0.334644
 0 0.316995
 0 0.364949
 0 0.328703
 0 0.360192
 0 0.301842
 0 0.347725
 0 0.337154
 0 0.336545
 0 0.334059
