535 1 0 0 1
 0 0.617782
 0 0.693814
 0 0.663354
 0 0.620276
 0 0.720464
 0 0.675948
 0 0.706278
 0 0.730298
 0 0.701816
 0 0.658946
 0 0.66679
 0 0.726348
 0 0.74748
 0 0.78809
 0 0.7984
 0 0.667746
 0 0.59584
 0 0.633718
 0 0.78807
 0 0.683936
 0 0.662416
 0 0.682882
 0 0.6702
 0 0.62498
 0 0.64093
 0 0.652168
 0 0.633772
 0 0.688558
 0 0.665442
 0 0.65127
 0 0.698816
 0 0.73624
 0 0.777294
 0 0.70699
 0 0.752428
 0 0.663058
 0 0.764404
 0 0.720984
 0 0.684952
 0 0.676442
 0 0.693372
 0 0.643926
 0 0.671488
 0 0.707322
 0 0.790376
 0 0.71597
 0 0.64814
 0 0.634182
 0 0.624946
 0 0.850364
 0 0.714928
 0 0.657408
 0 0.715066
 0 0.729126
 0 0.70332
 0 0.648384
 0 0.632748
 0 0.620104
 0 0.644114
 0 0.582062
 0 0.638142
 0 0.67818
 0 0.655384
 0 0.663066
 0 0.576034
 0 0.693658
 0 0.641444
 0 0.750616
 0 0.753788
 0 0.648028
 0 0.709142
 0 0.74695
 0 0.74441
 0 0.719642
 0 0.702498
 0 0.67849
 0 0.625056
 0 0.616332
 0 0.702302
 0 0.79236
 0 0.700164
 0 0.73163
 0 0.662324
 0 0.723196
 0 0.752264
 0 0.679946
 0 0.753706
 0 0.677926
 0 0.652552
 0 0.668564
 0 0.667202
 0 0.72497
 0 0.667708
 0 0.711024
 0 0.652592
 0 0.744196
 0 0.703704
 0 0.676994
 0 0.766692
 0 0.666854
 0 0.672732
 0 0.694064
 0 0.709152
 0 0.643862
 0 0.706602
 0 0.71049
 0 0.629714
 0 0.64189
 0 0.71818
 0 0.75105
 0 0.723218
 0 0.695162
 0 0.65372
 0 0.634488
 0 0.614412
 0 0.653304
 0 0.67455
 0 0.63715
 0 0.690072
 0 0.74717
 0 0.6635
 0 0.677186
 0 0.810146
 0 0.736058
 0 0.632056
 0 0.66399
 0 0.715052
 0 0.7484
 0 0.751254
 0 0.729532
 0 0.731514
 0 0.762048
 0 0.719426
 0 0.663642
 0 0.635572
 0 0.678656
 0 0.679314
 0 0.709996
 0 0.716724
 0 0.665192
 0 0.742108
 0 0.636384
 0 0.646964
 0 0.743858
 0 0.630956
 0 0.628178
 0 0.648802
 0 0.698838
 0 0.710688
 0 0.721888
 0 0.713268
 0 0.588178
 0 0.619128
 0 0.689156
 0 0.716222
 0 0.618708
 0 0.655032
 0 0.658564
 0 0.701638
 0 0.682746
 0 0.723486
 0 0.623458
 0 0.731702
 0 0.651158
 0 0.766324
 0 0.674538
 0 0.691742
 0 0.65596
 0 0.7161
 0 0.652628
 0 0.67294
 0 0.750868
 0 0.66446
 0 0.752736
 0 0.646244
 0 0.65402
 0 0.65951
 0 0.613184
 0 0.705116
 0 0.626694
 0 0.671684
 0 0.731518
 0 0.660778
 0 0.674132
 0 0.749534
 0 0.730068
 0 0.798144
 0 0.64634
 0 0.729186
 0 0.728242
 0 0.736178
 0 0.716216
 0 0.797358
 0 0.697346
 0 0.696046
 0 0.78905
 0 0.756396
 0 0.76004
 0 0.712784
 0 0.748854
 0 0.743626
 0 0.6671
 0 0.583266
 0 0.718024
 0 0.712418
 0 0.664546
 0 0.671806
 0 0.708718
 0 0.646164
 0 0.77364
 0 0.68167
 0 0.651116
 0 0.65737
 0 0.769858
 0 0.61295
 0 0.672002
 0 0.606744
 0 0.677878
 0 0.663556
 0 0.665554
 0 0.685608
 0 0.736734
 0 0.614762
 0 0.761608
 0 0.68429
 0 0.724034
 0 0.595942
 0 0.672526
 0 0.649392
 0 0.688742
 0 0.665426
 0 0.675628
 0 0.676274
 0 0.684516
 0 0.717636
 0 0.709652
 0 0.569758
 0 0.710588
 0 0.701276
 0 0.697748
 0 0.68274
 0 0.637112
 0 0.726432
 0 0.668902
 0 0.653316
 0 0.724684
 0 0.673082
 0 0.709552
 0 0.72748
 0 0.711658
 0 0.739482
 0 0.637738
 0 0.712656
 0 0.709076
 0 0.725614
 0 0.714062
 0 0.673958
 0 0.69568
 0 0.797352
 0 0.723986
 0 0.7559
 0 0.685326
 0 0.678818
 0 0.681464
 0 0.657972
 0 0.703162
 0 0.679488
 0 0.735836
 0 0.76214
 0 0.587032
 0 0.720992
 0 0.71308
 0 0.69478
 0 0.740672
 0 0.753916
 0 0.652422
 0 0.780172
 0 0.66428
 0 0.726102
 0 0.73408
 0 0.772726
 0 0.75814
 0 0.725236
 0 0.607916
 0 0.640432
 0 0.63486
 0 0.646526
 0 0.680854
 0 0.553152
 0 0.635738
 0 0.658024
 0 0.75879
 0 0.667502
 0 0.66747
 0 0.664714
 0 0.755616
 0 0.765776
 0 0.709778
 0 0.719148
 0 0.665862
 0 0.64727
 0 0.662906
 0 0.702286
 0 0.602358
 0 0.634714
 0 0.714936
 0 0.702264
 0 0.758546
 0 0.708714
 0 0.698714
 0 0.74714
 0 0.723852
 0 0.707674
 0 0.698494
 0 0.604656
 0 0.692124
 0 0.595652
 0 0.62292
 0 0.557966
 0 0.737526
 0 0.704846
 0 0.573836
 0 0.65349
 0 0.666634
 0 0.713056
 0 0.747716
 0 0.722694
 0 0.672954
 0 0.626692
 0 0.715332
 0 0.751404
 0 0.73505
 0 0.679908
 0 0.689792
 0 0.755542
 0 0.745738
 0 0.711998
 0 0.737748
 0 0.692178
 0 0.636122
 0 0.626008
 0 0.72317
 0 0.661726
 0 0.67549
 0 0.718304
 0 0.69063
 0 0.65562
 0 0.640148
 0 0.81577
 0 0.699466
 0 0.754564
 0 0.675244
 0 0.716142
 0 0.739168
 0 0.655854
 0 0.627602
 0 0.675686
 0 0.728386
 0 0.66391
 0 0.65159
 0 0.62986
 0 0.677924
 0 0.74784
 0 0.717634
 0 0.576866
 0 0.67717
 0 0.672654
 0 0.739754
 0 0.731288
 0 0.686072
 0 0.679336
 0 0.67059
 0 0.711936
 0 0.689016
 0 0.722062
 0 0.633052
 0 0.635232
 0 0.596034
 0 0.60407
 0 0.675292
 0 0.649002
 0 0.669712
 0 0.671838
 0 0.660918
 0 0.769542
 0 0.723986
 0 0.718938
 0 0.764158
 0 0.752618
 0 0.744644
 0 0.686208
 0 0.618996
 0 0.676122
 0 0.752336
 0 0.747502
 0 0.735924
 0 0.676184
 0 0.661424
 0 0.7891
 0 0.840706
 0 0.731276
 0 0.709458
 0 0.661614
 0 0.70288
 0 0.661092
 0 0.641258
 0 0.727768
 0 0.780412
 0 0.720206
 0 0.66653
 0 0.58508
 0 0.621704
 0 0.661286
 0 0.725452
 0 0.782156
 0 0.777426
 0 0.740476
 0 0.704342
 0 0.71435
 0 0.68741
 0 0.672232
 0 0.689762
 0 0.62494
 0 0.59603
 0 0.73918
 0 0.584682
 0 0.765342
 0 0.631726
 0 0.762126
 0 0.73342
 0 0.68975
 0 0.676144
 0 0.64007
 0 0.72686
 0 0.756426
 0 0.744366
 0 0.681704
 0 0.59609
 0 0.741988
 0 0.702896
 0 0.68541
 0 0.724518
 0 0.659494
 0 0.622284
 0 0.706046
 0 0.671242
 0 0.649422
 0 0.727992
 0 0.643196
 0 0.757078
 0 0.699104
 0 0.659578
 0 0.662252
 0 0.760902
 0 0.749698
 0 0.612416
 0 0.777882
 0 0.72767
 0 0.732518
 0 0.753666
 0 0.722572
 0 0.741568
 0 0.741894
 0 0.679836
 0 0.743874
 0 0.716498
 0 0.778008
 0 0.751302
 0 0.771798
 0 0.73673
 0 0.731766
 0 0.694114
 0 0.685356
 0 0.732624
 0 0.758932
 0 0.73093
 0 0.658272
 0 0.70403
 0 0.713988
 0 0.60231
 0 0.63427
 0 0.689152
 0 0.772556
 0 0.683804
 0 0.718012
 0 0.62813
 0 0.69939
 0 0.726002
 0 0.71776
 0 0.636282
 0 0.703298
 0 0.59246
 0 0.700052
 0 0.610858
 0 0.725764
 0 0.732736
 0 0.622544
 0 0.63625
 0 0.71589
 0 0.582542
 0 0.65105
 0 0.664306
 0 0.652518
 0 0.695076
 0 0.675552
 0 0.632516
 0 0.700406
 0 0.60344
 0 0.693264
 0 0.660514
 0 0.748324
 0 0.673208
 0 0.625064
 0 0.654674
 0 0.67476
 0 0.723586
 0 0.744974
 0 0.754584
 0 0.701478
 0 0.681756
 0 0.600722
 0 0.692224
 0 0.72085
 0 0.67105
 0 0.676322
 0 0.623068
 0 0.628146
 0 0.728876
 0 0.649146
 0 0.82383
 0 0.69539
 0 0.626004
 0 0.692488
 0 0.722398
 0 0.718168
