535 1 0 0 1
 0 0.611812
 0 0.779822
 0 0.732512
 0 0.734652
 0 0.740084
 0 0.651544
 0 0.682958
 0 0.781724
 0 0.795756
 0 0.61859
 0 0.630324
 0 0.648856
 0 0.81717
 0 0.85321
 0 0.772354
 0 0.737838
 0 0.656934
 0 0.672794
 0 0.771522
 0 0.64421
 0 0.730906
 0 0.784102
 0 0.805678
 0 0.75386
 0 0.820998
 0 0.666804
 0 0.721028
 0 0.616998
 0 0.713682
 0 0.683438
 0 0.800132
 0 0.611874
 0 0.688222
 0 0.6481
 0 0.824094
 0 0.668234
 0 0.81594
 0 0.719886
 0 0.707612
 0 0.70272
 0 0.724438
 0 0.665682
 0 0.798962
 0 0.809802
 0 0.743068
 0 0.728232
 0 0.635504
 0 0.744748
 0 0.743276
 0 0.840374
 0 0.686674
 0 0.756314
 0 0.818284
 0 0.776228
 0 0.694506
 0 0.735268
 0 0.672476
 0 0.738988
 0 0.709906
 0 0.615836
 0 0.801554
 0 0.67088
 0 0.700996
 0 0.652122
 0 0.664832
 0 0.653062
 0 0.72614
 0 0.74539
 0 0.758572
 0 0.639132
 0 0.669104
 0 0.8929
 0 0.674624
 0 0.672282
 0 0.698724
 0 0.734554
 0 0.801282
 0 0.759528
 0 0.683372
 0 0.772516
 0 0.79539
 0 0.797372
 0 0.797254
 0 0.76498
 0 0.70437
 0 0.694402
 0 0.70398
 0 0.802824
 0 0.71087
 0 0.732426
 0 0.701018
 0 0.735008
 0 0.740292
 0 0.732448
 0 0.506368
 0 0.654262
 0 0.728016
 0 0.749234
 0 0.685536
 0 0.623924
 0 0.688586
 0 0.77013
 0 0.715048
 0 0.827744
 0 0.757372
 0 0.744092
 0 0.657892
 0 0.738102
 0 0.808802
 0 0.763628
 0 0.739578
 0 0.816772
 0 0.678908
 0 0.69378
 0 0.692002
 0 0.646132
 0 0.720886
 0 0.764054
 0 0.706062
 0 0.832516
 0 0.712922
 0 0.809252
 0 0.813236
 0 0.747078
 0 0.686328
 0 0.740324
 0 0.799088
 0 0.749748
 0 0.755292
 0 0.798354
 0 0.721552
 0 0.754176
 0 0.771312
 0 0.708026
 0 0.721354
 0 0.724628
 0 0.758084
 0 0.78375
 0 0.80121
 0 0.736844
 0 0.660954
 0 0.71597
 0 0.740792
 0 0.728844
 0 0.655176
 0 0.625584
 0 0.63281
 0 0.816766
 0 0.729234
 0 0.731506
 0 0.694894
 0 0.700626
 0 0.75687
 0 0.712986
 0 0.67288
 0 0.70959
 0 0.713748
 0 0.680922
 0 0.69518
 0 0.735692
 0 0.77287
 0 0.721608
 0 0.746666
 0 0.710734
 0 0.788852
 0 0.788122
 0 0.768364
 0 0.709182
 0 0.742926
 0 0.675922
 0 0.695312
 0 0.790702
 0 0.667468
 0 0.911822
 0 0.77751
 0 0.71529
 0 0.76401
 0 0.625726
 0 0.771438
 0 0.81649
 0 0.704816
 0 0.795504
 0 0.753422
 0 0.599272
 0 0.838968
 0 0.796622
 0 0.887052
 0 0.685384
 0 0.819416
 0 0.842988
 0 0.84871
 0 0.708108
 0 0.739812
 0 0.673704
 0 0.716098
 0 0.860834
 0 0.934668
 0 0.82319
 0 0.732806
 0 0.791014
 0 0.849368
 0 0.720232
 0 0.61836
 0 0.737282
 0 0.707858
 0 0.727204
 0 0.755682
 0 0.84279
 0 0.642088
 0 0.614506
 0 0.702542
 0 0.716584
 0 0.708204
 0 0.832076
 0 0.701584
 0 0.694616
 0 0.61945
 0 0.744552
 0 0.694072
 0 0.565998
 0 0.834178
 0 0.728986
 0 0.670076
 0 0.683898
 0 0.695332
 0 0.718606
 0 0.553804
 0 0.764998
 0 0.772158
 0 0.746914
 0 0.667732
 0 0.676084
 0 0.78993
 0 0.730476
 0 0.781676
 0 0.784834
 0 0.66931
 0 0.710448
 0 0.75924
 0 0.651848
 0 0.715856
 0 0.626694
 0 0.765724
 0 0.693902
 0 0.772072
 0 0.888956
 0 0.727856
 0 0.785132
 0 0.759526
 0 0.796688
 0 0.686304
 0 0.731342
 0 0.706788
 0 0.739812
 0 0.748482
 0 0.784402
 0 0.63996
 0 0.725752
 0 0.736038
 0 0.760734
 0 0.887392
 0 0.822704
 0 0.736702
 0 0.764432
 0 0.731464
 0 0.679802
 0 0.784388
 0 0.687894
 0 0.75287
 0 0.70993
 0 0.802372
 0 0.781386
 0 0.606746
 0 0.785954
 0 0.746614
 0 0.679194
 0 0.738042
 0 0.792888
 0 0.65875
 0 0.717148
 0 0.775758
 0 0.699496
 0 0.790744
 0 0.638276
 0 0.673572
 0 0.648116
 0 0.710596
 0 0.733054
 0 0.725396
 0 0.717242
 0 0.743554
 0 0.765196
 0 0.75167
 0 0.786148
 0 0.76036
 0 0.70543
 0 0.71714
 0 0.65483
 0 0.760352
 0 0.801382
 0 0.694486
 0 0.69315
 0 0.758128
 0 0.716808
 0 0.681496
 0 0.761504
 0 0.750914
 0 0.813632
 0 0.679306
 0 0.742104
 0 0.784122
 0 0.684326
 0 0.71369
 0 0.735424
 0 0.66017
 0 0.735724
 0 0.63542
 0 0.658954
 0 0.60738
 0 0.742064
 0 0.807902
 0 0.647938
 0 0.661796
 0 0.826452
 0 0.72439
 0 0.758186
 0 0.841214
 0 0.813652
 0 0.609992
 0 0.718384
 0 0.71554
 0 0.756618
 0 0.819032
 0 0.829616
 0 0.788414
 0 0.774316
 0 0.798378
 0 0.724294
 0 0.78359
 0 0.690458
 0 0.83015
 0 0.669652
 0 0.635586
 0 0.638438
 0 0.684716
 0 0.746204
 0 0.712848
 0 0.701116
 0 0.920152
 0 0.67455
 0 0.80002
 0 0.689286
 0 0.798062
 0 0.813598
 0 0.565312
 0 0.738342
 0 0.719614
 0 0.818832
 0 0.694246
 0 0.707448
 0 0.564902
 0 0.77564
 0 0.780818
 0 0.729068
 0 0.741666
 0 0.734104
 0 0.708788
 0 0.713448
 0 0.801132
 0 0.698328
 0 0.629056
 0 0.686278
 0 0.742868
 0 0.709316
 0 0.77177
 0 0.733032
 0 0.812346
 0 0.74402
 0 0.6635
 0 0.810136
 0 0.635434
 0 0.682312
 0 0.634118
 0 0.695146
 0 0.814368
 0 0.764054
 0 0.74043
 0 0.772002
 0 0.722828
 0 0.731576
 0 0.74965
 0 0.670414
 0 0.845946
 0 0.798012
 0 0.772916
 0 0.74405
 0 0.72273
 0 0.712564
 0 0.741552
 0 0.839186
 0 0.730302
 0 0.752704
 0 0.826654
 0 0.714354
 0 0.725028
 0 0.695044
 0 0.67375
 0 0.793756
 0 0.767622
 0 0.582858
 0 0.660366
 0 0.768154
 0 0.79033
 0 0.70199
 0 0.782016
 0 0.750016
 0 0.715194
 0 0.738502
 0 0.840292
 0 0.793364
 0 0.680964
 0 0.659336
 0 0.717674
 0 0.62167
 0 0.754592
 0 0.808468
 0 0.77099
 0 0.67992
 0 0.79403
 0 0.69797
 0 0.805448
 0 0.658298
 0 0.739846
 0 0.652822
 0 0.652428
 0 0.742184
 0 0.646092
 0 0.707262
 0 0.821774
 0 0.738344
 0 0.677886
 0 0.748504
 0 0.742082
 0 0.694348
 0 0.767134
 0 0.761494
 0 0.697094
 0 0.779208
 0 0.741396
 0 0.795864
 0 0.642654
 0 0.722896
 0 0.6601
 0 0.71185
 0 0.72962
 0 0.656532
 0 0.786048
 0 0.723764
 0 0.802422
 0 0.80692
 0 0.787372
 0 0.777528
 0 0.798594
 0 0.729372
 0 0.72089
 0 0.814132
 0 0.907464
 0 0.715042
 0 0.832798
 0 0.708428
 0 0.770988
 0 0.769796
 0 0.695074
 0 0.797828
 0 0.822946
 0 0.710332
 0 0.824554
 0 0.777198
 0 0.770796
 0 0.67711
 0 0.702484
 0 0.790338
 0 0.78764
 0 0.639968
 0 0.75313
 0 0.727344
 0 0.705054
 0 0.680866
 0 0.754424
 0 0.708644
 0 0.65204
 0 0.742212
 0 0.698842
 0 0.647114
 0 0.747568
 0 0.792372
 0 0.705958
 0 0.775876
 0 0.769572
 0 0.631836
 0 0.697196
 0 0.692128
 0 0.675524
 0 0.77353
 0 0.735918
 0 0.64364
 0 0.609902
 0 0.681266
 0 0.719006
 0 0.70229
 0 0.828728
 0 0.808602
 0 0.693462
 0 0.708936
 0 0.691822
 0 0.791348
 0 0.761356
 0 0.735222
 0 0.775546
 0 0.703278
 0 0.648444
 0 0.746868
 0 0.757928
 0 0.731778
 0 0.802022
 0 0.725312
 0 0.81808
 0 0.718574
 0 0.733894
 0 0.826938
 0 0.742078
 0 0.873366
 0 0.741044
 0 0.714396
 0 0.660404
