535 1 0 0 1
 0 0.816244
 0 0.76424
 0 0.79551
 0 0.72323
 0 0.846476
 0 0.707834
 0 0.807318
 0 0.7877
 0 0.82873
 0 0.753894
 0 0.81633
 0 0.810338
 0 0.948134
 0 0.982452
 0 0.83034
 0 0.673612
 0 0.610118
 0 0.80826
 0 0.949618
 0 0.89389
 0 0.79841
 0 0.887394
 0 0.89145
 0 0.819602
 0 0.87947
 0 0.846904
 0 0.843978
 0 0.743976
 0 0.719376
 0 0.752952
 0 0.741616
 0 0.870466
 0 0.879824
 0 0.791348
 0 0.875936
 0 0.774252
 0 0.829714
 0 0.801186
 0 0.770166
 0 0.790866
 0 0.814062
 0 0.695398
 0 0.679184
 0 0.848072
 0 0.864326
 0 0.846962
 0 0.723444
 0 0.785282
 0 0.75395
 0 0.859232
 0 0.904292
 0 0.733452
 0 0.802226
 0 0.921622
 0 0.753304
 0 0.796826
 0 0.81776
 0 0.766988
 0 0.747624
 0 0.813414
 0 0.745818
 0 0.665916
 0 0.809982
 0 0.707878
 0 0.802018
 0 0.676204
 0 0.827736
 0 0.848734
 0 0.89307
 0 0.745744
 0 0.761782
 0 0.809098
 0 0.85992
 0 0.831334
 0 0.7529
 0 0.795548
 0 0.75795
 0 0.779596
 0 0.910192
 0 0.818358
 0 0.70782
 0 0.81876
 0 0.85974
 0 0.848824
 0 0.884722
 0 0.725202
 0 0.990858
 0 0.836808
 0 0.798544
 0 0.820488
 0 0.81831
 0 0.871634
 0 0.690614
 0 0.771892
 0 0.79288
 0 0.737116
 0 0.749206
 0 0.870626
 0 0.852506
 0 0.784878
 0 0.789864
 0 0.777318
 0 0.893572
 0 0.804504
 0 0.763286
 0 0.76394
 0 0.78379
 0 0.758266
 0 0.773224
 0 0.769578
 0 0.735546
 0 0.738198
 0 0.78007
 0 0.702646
 0 0.727982
 0 0.760862
 0 0.792988
 0 0.85533
 0 0.855864
 0 0.821078
 0 0.718348
 0 0.875678
 0 0.898954
 0 0.696626
 0 0.743062
 0 0.772962
 0 1.02838
 0 0.844616
 0 0.754932
 0 0.831142
 0 0.842086
 0 0.92295
 0 0.814164
 0 0.949826
 0 0.759282
 0 0.821904
 0 0.695708
 0 0.892872
 0 0.855866
 0 0.686022
 0 0.801018
 0 0.8401
 0 0.789554
 0 0.812916
 0 0.706984
 0 0.79321
 0 0.845544
 0 0.878542
 0 0.849632
 0 0.75272
 0 0.837762
 0 0.660808
 0 0.758202
 0 0.77423
 0 0.678994
 0 0.826496
 0 0.741278
 0 0.782964
 0 0.7352
 0 0.795874
 0 0.89979
 0 0.74182
 0 0.776888
 0 0.837648
 0 0.905698
 0 0.843902
 0 0.752236
 0 0.642202
 0 0.85965
 0 0.79221
 0 0.763472
 0 0.850526
 0 0.841818
 0 0.961064
 0 0.69857
 0 0.838564
 0 0.815798
 0 0.749132
 0 0.761146
 0 0.641186
 0 0.765536
 0 0.83127
 0 0.827994
 0 0.855246
 0 0.84217
 0 0.885626
 0 0.736792
 0 0.70363
 0 0.789982
 0 0.780458
 0 0.907122
 0 0.800168
 0 0.96018
 0 0.794044
 0 0.759864
 0 0.819884
 0 0.787456
 0 0.816406
 0 0.870534
 0 0.830368
 0 0.882934
 0 0.789218
 0 0.696918
 0 0.851178
 0 0.943026
 0 0.69421
 0 0.857764
 0 0.849012
 0 0.861262
 0 0.907612
 0 0.760336
 0 0.790222
 0 0.802624
 0 0.75115
 0 0.76423
 0 0.81564
 0 0.75807
 0 0.804536
 0 0.914902
 0 0.757862
 0 0.865104
 0 0.861082
 0 0.782782
 0 0.773802
 0 0.785206
 0 0.76957
 0 0.87045
 0 0.727222
 0 0.728678
 0 0.769088
 0 0.826554
 0 0.744642
 0 0.713266
 0 0.924332
 0 0.87358
 0 0.672944
 0 0.749538
 0 0.849462
 0 0.852546
 0 0.857708
 0 0.88623
 0 0.73306
 0 0.828116
 0 0.602188
 0 0.840472
 0 0.850066
 0 0.769672
 0 0.734442
 0 0.865698
 0 0.780156
 0 0.882554
 0 0.827158
 0 0.79461
 0 0.842282
 0 0.824854
 0 0.73422
 0 0.763052
 0 0.750768
 0 0.829468
 0 0.843342
 0 0.861904
 0 0.850896
 0 0.779612
 0 0.74881
 0 0.819552
 0 0.849392
 0 0.856672
 0 0.8514
 0 0.940198
 0 0.799062
 0 0.845736
 0 0.795026
 0 0.756786
 0 0.96121
 0 0.819744
 0 0.77817
 0 0.992834
 0 0.727786
 0 0.857674
 0 0.782796
 0 0.7465
 0 0.796704
 0 0.856004
 0 0.712708
 0 0.83442
 0 0.743044
 0 0.767054
 0 0.725742
 0 0.572084
 0 0.760386
 0 0.878016
 0 0.852264
 0 0.79056
 0 0.720432
 0 0.712812
 0 0.902246
 0 0.868962
 0 0.745384
 0 0.84532
 0 0.781612
 0 0.772114
 0 0.947006
 0 0.800156
 0 0.788646
 0 0.678804
 0 0.788292
 0 0.763842
 0 0.946196
 0 0.873702
 0 0.729068
 0 0.853028
 0 0.85571
 0 0.838228
 0 0.781348
 0 0.755574
 0 0.717874
 0 0.702558
 0 0.723458
 0 0.620582
 0 0.821396
 0 0.887772
 0 0.785224
 0 0.709078
 0 0.762752
 0 0.87008
 0 0.835274
 0 0.685406
 0 0.842156
 0 0.59806
 0 0.8675
 0 0.871168
 0 0.857982
 0 0.783382
 0 0.879628
 0 0.88096
 0 0.873976
 0 0.697032
 0 0.828698
 0 0.897832
 0 0.625442
 0 0.822436
 0 0.888268
 0 0.675388
 0 0.815226
 0 0.865666
 0 0.688376
 0 0.71605
 0 0.813026
 0 0.820116
 0 0.7167
 0 0.926704
 0 0.772002
 0 0.743564
 0 0.836042
 0 0.80698
 0 0.538376
 0 0.849764
 0 0.90098
 0 0.6814
 0 0.852746
 0 0.75434
 0 0.882498
 0 0.869378
 0 0.901242
 0 0.673632
 0 0.823898
 0 0.767704
 0 0.788482
 0 0.808674
 0 0.728076
 0 0.876102
 0 0.773404
 0 0.870288
 0 0.80185
 0 0.795394
 0 0.884162
 0 0.749986
 0 0.70496
 0 0.720418
 0 0.811888
 0 0.781606
 0 0.843046
 0 0.786086
 0 0.815568
 0 0.835712
 0 0.892128
 0 0.752978
 0 0.856004
 0 0.816008
 0 0.881028
 0 0.894758
 0 0.618112
 0 0.631634
 0 0.823042
 0 0.763118
 0 0.869332
 0 0.837668
 0 0.816758
 0 0.83584
 0 0.83255
 0 0.835634
 0 0.728822
 0 0.767534
 0 0.899094
 0 0.848076
 0 0.801138
 0 0.860578
 0 1.00469
 0 0.88303
 0 0.803722
 0 0.748992
 0 0.730904
 0 0.897032
 0 0.9679
 0 0.798832
 0 0.856184
 0 0.86515
 0 0.759936
 0 0.796054
 0 0.843748
 0 0.752982
 0 0.769938
 0 0.749136
 0 0.74118
 0 0.936878
 0 0.705556
 0 0.824912
 0 0.691694
 0 0.929252
 0 0.848768
 0 0.828924
 0 0.80756
 0 0.773302
 0 0.795404
 0 0.917526
 0 0.786882
 0 0.590184
 0 0.83173
 0 0.713898
 0 0.779858
 0 0.81241
 0 0.87097
 0 0.803266
 0 0.728334
 0 0.735492
 0 0.762154
 0 0.765364
 0 0.807266
 0 0.84483
 0 0.910686
 0 0.793174
 0 0.81347
 0 0.737006
 0 0.875772
 0 0.778904
 0 0.780876
 0 0.888756
 0 0.859196
 0 0.899732
 0 0.780858
 0 0.71283
 0 0.853066
 0 0.868346
 0 0.76885
 0 0.814522
 0 0.865108
 0 0.763804
 0 0.910386
 0 0.922338
 0 0.85221
 0 0.862744
 0 0.823432
 0 0.756636
 0 0.794182
 0 0.973068
 0 0.825894
 0 0.733418
 0 0.752148
 0 0.770766
 0 0.694656
 0 0.7952
 0 0.743728
 0 0.917176
 0 0.810776
 0 0.801232
 0 0.78708
 0 0.730606
 0 0.775156
 0 0.72952
 0 0.75798
 0 0.757598
 0 0.680606
 0 0.736418
 0 0.678922
 0 0.816628
 0 0.817132
 0 0.711454
 0 0.77842
 0 0.871614
 0 0.694344
 0 0.816904
 0 0.746132
 0 0.855112
 0 0.747432
 0 0.797334
 0 0.761952
 0 0.72936
 0 0.739768
 0 0.861782
 0 0.807574
 0 0.836596
 0 0.676118
 0 0.743062
 0 0.761504
 0 0.768318
 0 0.801502
 0 0.8813
 0 0.752564
 0 0.831816
 0 0.781188
 0 0.702316
 0 0.795024
 0 0.893484
 0 0.853974
 0 0.835174
 0 0.735192
 0 0.685248
 0 0.780188
 0 0.76824
 0 0.833044
 0 0.757968
 0 0.72124
 0 0.929704
 0 0.789414
 0 0.959672
