535 1 0 0 1
 0 0.37634
 0 0.352755
 0 0.411758
 0 0.400792
 0 0.509322
 0 0.377323
 0 0.369602
 0 0.369524
 0 0.467049
 0 0.349791
 0 0.350655
 0 0.436655
 0 0.464681
 0 0.450997
 0 0.452709
 0 0.3879
 0 0.393939
 0 0.415932
 0 0.449737
 0 0.41751
 0 0.347435
 0 0.37825
 0 0.38788
 0 0.308588
 0 0.434493
 0 0.351103
 0 0.473666
 0 0.482983
 0 0.379666
 0 0.415293
 0 0.421635
 0 0.400052
 0 0.427942
 0 0.370102
 0 0.369346
 0 0.386731
 0 0.437704
 0 0.460304
 0 0.366224
 0 0.397611
 0 0.440918
 0 0.365474
 0 0.343653
 0 0.480031
 0 0.409475
 0 0.38803
 0 0.349527
 0 0.35038
 0 0.382862
 0 0.412004
 0 0.402592
 0 0.495318
 0 0.370738
 0 0.405011
 0 0.385277
 0 0.422516
 0 0.353777
 0 0.430998
 0 0.388017
 0 0.336748
 0 0.347611
 0 0.446182
 0 0.450707
 0 0.494131
 0 0.365642
 0 0.389308
 0 0.460543
 0 0.403948
 0 0.437787
 0 0.438029
 0 0.359668
 0 0.376561
 0 0.359241
 0 0.385836
 0 0.377038
 0 0.336437
 0 0.381684
 0 0.43449
 0 0.414132
 0 0.445822
 0 0.446066
 0 0.390332
 0 0.444477
 0 0.482285
 0 0.371694
 0 0.347424
 0 0.409443
 0 0.408281
 0 0.392792
 0 0.357772
 0 0.294514
 0 0.439973
 0 0.369826
 0 0.421475
 0 0.467148
 0 0.365058
 0 0.375444
 0 0.519844
 0 0.444884
 0 0.371571
 0 0.39927
 0 0.442789
 0 0.400495
 0 0.384992
 0 0.312359
 0 0.403971
 0 0.437388
 0 0.420726
 0 0.481924
 0 0.411447
 0 0.309638
 0 0.413736
 0 0.350218
 0 0.342005
 0 0.368222
 0 0.347278
 0 0.354505
 0 0.410738
 0 0.384761
 0 0.394066
 0 0.41368
 0 0.418107
 0 0.444488
 0 0.389831
 0 0.330618
 0 0.46437
 0 0.445484
 0 0.369019
 0 0.402664
 0 0.366337
 0 0.470484
 0 0.479321
 0 0.41574
 0 0.442215
 0 0.389778
 0 0.461219
 0 0.404034
 0 0.396545
 0 0.46088
 0 0.356531
 0 0.397563
 0 0.315272
 0 0.439758
 0 0.383158
 0 0.325078
 0 0.392202
 0 0.282461
 0 0.435425
 0 0.372608
 0 0.407687
 0 0.455803
 0 0.356776
 0 0.399896
 0 0.387369
 0 0.296696
 0 0.38516
 0 0.429438
 0 0.425895
 0 0.422002
 0 0.373283
 0 0.35205
 0 0.371393
 0 0.339592
 0 0.375653
 0 0.462738
 0 0.414406
 0 0.250818
 0 0.391788
 0 0.420603
 0 0.405688
 0 0.388169
 0 0.511304
 0 0.311014
 0 0.422847
 0 0.359085
 0 0.353791
 0 0.460568
 0 0.337646
 0 0.379533
 0 0.433922
 0 0.339619
 0 0.414429
 0 0.39891
 0 0.455311
 0 0.379482
 0 0.367738
 0 0.348003
 0 0.395377
 0 0.372739
 0 0.403722
 0 0.481393
 0 0.358508
 0 0.468611
 0 0.383578
 0 0.416623
 0 0.421343
 0 0.426285
 0 0.425978
 0 0.400648
 0 0.457923
 0 0.505832
 0 0.411234
 0 0.29584
 0 0.421997
 0 0.383931
 0 0.366821
 0 0.336477
 0 0.428274
 0 0.339399
 0 0.3692
 0 0.41675
 0 0.332139
 0 0.402108
 0 0.472003
 0 0.426822
 0 0.402354
 0 0.343273
 0 0.401283
 0 0.38038
 0 0.393852
 0 0.403494
 0 0.458683
 0 0.380015
 0 0.448923
 0 0.407701
 0 0.405173
 0 0.410259
 0 0.376629
 0 0.356709
 0 0.475803
 0 0.41734
 0 0.382581
 0 0.376351
 0 0.417826
 0 0.357465
 0 0.406476
 0 0.303693
 0 0.456595
 0 0.366164
 0 0.428925
 0 0.316821
 0 0.340313
 0 0.399182
 0 0.384601
 0 0.376173
 0 0.387958
 0 0.403118
 0 0.451813
 0 0.43158
 0 0.437466
 0 0.448901
 0 0.335843
 0 0.34199
 0 0.501244
 0 0.409433
 0 0.420618
 0 0.379951
 0 0.453947
 0 0.473544
 0 0.411423
 0 0.359295
 0 0.412193
 0 0.471778
 0 0.410259
 0 0.353318
 0 0.393108
 0 0.452529
 0 0.335605
 0 0.469153
 0 0.416687
 0 0.479175
 0 0.36493
 0 0.376165
 0 0.429497
 0 0.475707
 0 0.370608
 0 0.343025
 0 0.417029
 0 0.40376
 0 0.393455
 0 0.434806
 0 0.390353
 0 0.442272
 0 0.379853
 0 0.475397
 0 0.409143
 0 0.323604
 0 0.347793
 0 0.359386
 0 0.393956
 0 0.458237
 0 0.39783
 0 0.400885
 0 0.37453
 0 0.354924
 0 0.486754
 0 0.368575
 0 0.469061
 0 0.447985
 0 0.391573
 0 0.41127
 0 0.330481
 0 0.423996
 0 0.353182
 0 0.36282
 0 0.370203
 0 0.329937
 0 0.411836
 0 0.543108
 0 0.405924
 0 0.407484
 0 0.346049
 0 0.473059
 0 0.419339
 0 0.413729
 0 0.415771
 0 0.308153
 0 0.341975
 0 0.389621
 0 0.395106
 0 0.436181
 0 0.425053
 0 0.427426
 0 0.404139
 0 0.419549
 0 0.444244
 0 0.422084
 0 0.30114
 0 0.336859
 0 0.379478
 0 0.439438
 0 0.428903
 0 0.420833
 0 0.364472
 0 0.47494
 0 0.398708
 0 0.36951
 0 0.447177
 0 0.481246
 0 0.350872
 0 0.378363
 0 0.496823
 0 0.445497
 0 0.376703
 0 0.321614
 0 0.396493
 0 0.447569
 0 0.365395
 0 0.467205
 0 0.378007
 0 0.367065
 0 0.412379
 0 0.392096
 0 0.402216
 0 0.41022
 0 0.3777
 0 0.395102
 0 0.414657
 0 0.390047
 0 0.44146
 0 0.366584
 0 0.435792
 0 0.395553
 0 0.473505
 0 0.364228
 0 0.402842
 0 0.259393
 0 0.397367
 0 0.3862
 0 0.31794
 0 0.402409
 0 0.350129
 0 0.355918
 0 0.404506
 0 0.367977
 0 0.409117
 0 0.453667
 0 0.340479
 0 0.330473
 0 0.419462
 0 0.293264
 0 0.484699
 0 0.327963
 0 0.384508
 0 0.377023
 0 0.324267
 0 0.342568
 0 0.349537
 0 0.470413
 0 0.418485
 0 0.32252
 0 0.320207
 0 0.340821
 0 0.476376
 0 0.353985
 0 0.298686
 0 0.404949
 0 0.471725
 0 0.394663
 0 0.369132
 0 0.472471
 0 0.344182
 0 0.320756
 0 0.386479
 0 0.441861
 0 0.389332
 0 0.442771
 0 0.44316
 0 0.49471
 0 0.455551
 0 0.454447
 0 0.353815
 0 0.396275
 0 0.471553
 0 0.466045
 0 0.361456
 0 0.393429
 0 0.418134
 0 0.40817
 0 0.414157
 0 0.401627
 0 0.392724
 0 0.354924
 0 0.374466
 0 0.400581
 0 0.33437
 0 0.38495
 0 0.344983
 0 0.367321
 0 0.415939
 0 0.414609
 0 0.342399
 0 0.384237
 0 0.41703
 0 0.341522
 0 0.329445
 0 0.40762
 0 0.381173
 0 0.461021
 0 0.467458
 0 0.41555
 0 0.360914
 0 0.37294
 0 0.433423
 0 0.434461
 0 0.431834
 0 0.366399
 0 0.416231
 0 0.429081
 0 0.412339
 0 0.31211
 0 0.401438
 0 0.387943
 0 0.404248
 0 0.370263
 0 0.443177
 0 0.427717
 0 0.473209
 0 0.414526
 0 0.448438
 0 0.402611
 0 0.378933
 0 0.420787
 0 0.482063
 0 0.337269
 0 0.458452
 0 0.41191
 0 0.33729
 0 0.367764
 0 0.505687
 0 0.398503
 0 0.389691
 0 0.315401
 0 0.482618
 0 0.455846
 0 0.381948
 0 0.421971
 0 0.453211
 0 0.375824
 0 0.474603
 0 0.477992
 0 0.380967
 0 0.363904
 0 0.425853
 0 0.384561
 0 0.390443
 0 0.386981
 0 0.385499
 0 0.392367
 0 0.401385
 0 0.383478
 0 0.403055
 0 0.416773
 0 0.353978
 0 0.431457
 0 0.401636
 0 0.401363
 0 0.454324
 0 0.357295
 0 0.389716
 0 0.426569
 0 0.358732
 0 0.442895
 0 0.370192
 0 0.401193
 0 0.314274
 0 0.389734
 0 0.298143
 0 0.321027
 0 0.348751
 0 0.399161
 0 0.375954
 0 0.32254
 0 0.459614
 0 0.414093
 0 0.443703
 0 0.491379
 0 0.506476
 0 0.356163
 0 0.40562
 0 0.379206
 0 0.458123
 0 0.443767
 0 0.421188
 0 0.374343
 0 0.424808
 0 0.364609
 0 0.472704
 0 0.421084
 0 0.351624
 0 0.361985
 0 0.43912
 0 0.451061
 0 0.414071
 0 0.419219
