535 1 0 0 1
 0 0.305906
 0 0.389911
 0 0.366256
 0 0.367326
 0 0.370042
 0 0.325772
 0 0.341479
 0 0.390862
 0 0.397878
 0 0.309295
 0 0.315162
 0 0.324428
 0 0.408585
 0 0.426605
 0 0.386177
 0 0.368919
 0 0.328467
 0 0.336397
 0 0.385761
 0 0.322105
 0 0.365453
 0 0.392051
 0 0.402839
 0 0.37693
 0 0.410499
 0 0.333402
 0 0.360514
 0 0.308499
 0 0.356841
 0 0.341719
 0 0.400066
 0 0.305937
 0 0.344111
 0 0.32405
 0 0.412047
 0 0.334117
 0 0.40797
 0 0.359943
 0 0.353806
 0 0.35136
 0 0.362219
 0 0.332841
 0 0.399481
 0 0.404901
 0 0.371534
 0 0.364116
 0 0.317752
 0 0.372374
 0 0.371638
 0 0.420187
 0 0.343337
 0 0.378157
 0 0.409142
 0 0.388114
 0 0.347253
 0 0.367634
 0 0.336238
 0 0.369494
 0 0.354953
 0 0.307918
 0 0.400777
 0 0.33544
 0 0.350498
 0 0.326061
 0 0.332416
 0 0.326531
 0 0.36307
 0 0.372695
 0 0.379286
 0 0.319566
 0 0.334552
 0 0.44645
 0 0.337312
 0 0.336141
 0 0.349362
 0 0.367277
 0 0.400641
 0 0.379764
 0 0.341686
 0 0.386258
 0 0.397695
 0 0.398686
 0 0.398627
 0 0.38249
 0 0.352185
 0 0.347201
 0 0.35199
 0 0.401412
 0 0.355435
 0 0.366213
 0 0.350509
 0 0.367504
 0 0.370146
 0 0.366224
 0 0.253184
 0 0.327131
 0 0.364008
 0 0.374617
 0 0.342768
 0 0.311962
 0 0.344293
 0 0.385065
 0 0.357524
 0 0.413872
 0 0.378686
 0 0.372046
 0 0.328946
 0 0.369051
 0 0.404401
 0 0.381814
 0 0.369789
 0 0.408386
 0 0.339454
 0 0.34689
 0 0.346001
 0 0.323066
 0 0.360443
 0 0.382027
 0 0.353031
 0 0.416258
 0 0.356461
 0 0.404626
 0 0.406618
 0 0.373539
 0 0.343164
 0 0.370162
 0 0.399544
 0 0.374874
 0 0.377646
 0 0.399177
 0 0.360776
 0 0.377088
 0 0.385656
 0 0.354013
 0 0.360677
 0 0.362314
 0 0.379042
 0 0.391875
 0 0.400605
 0 0.368422
 0 0.330477
 0 0.357985
 0 0.370396
 0 0.364422
 0 0.327588
 0 0.312792
 0 0.316405
 0 0.408383
 0 0.364617
 0 0.365753
 0 0.347447
 0 0.350313
 0 0.378435
 0 0.356493
 0 0.33644
 0 0.354795
 0 0.356874
 0 0.340461
 0 0.34759
 0 0.367846
 0 0.386435
 0 0.360804
 0 0.373333
 0 0.355367
 0 0.394426
 0 0.394061
 0 0.384182
 0 0.354591
 0 0.371463
 0 0.337961
 0 0.347656
 0 0.395351
 0 0.333734
 0 0.455911
 0 0.388755
 0 0.357645
 0 0.382005
 0 0.312863
 0 0.385719
 0 0.408245
 0 0.352408
 0 0.397752
 0 0.376711
 0 0.299636
 0 0.419484
 0 0.398311
 0 0.443526
 0 0.342692
 0 0.409708
 0 0.421494
 0 0.424355
 0 0.354054
 0 0.369906
 0 0.336852
 0 0.358049
 0 0.430417
 0 0.467334
 0 0.411595
 0 0.366403
 0 0.395507
 0 0.424684
 0 0.360116
 0 0.30918
 0 0.368641
 0 0.353929
 0 0.363602
 0 0.377841
 0 0.421395
 0 0.321044
 0 0.307253
 0 0.351271
 0 0.358292
 0 0.354102
 0 0.416038
 0 0.350792
 0 0.347308
 0 0.309725
 0 0.372276
 0 0.347036
 0 0.282999
 0 0.417089
 0 0.364493
 0 0.335038
 0 0.341949
 0 0.347666
 0 0.359303
 0 0.276902
 0 0.382499
 0 0.386079
 0 0.373457
 0 0.333866
 0 0.338042
 0 0.394965
 0 0.365238
 0 0.390838
 0 0.392417
 0 0.334655
 0 0.355224
 0 0.37962
 0 0.325924
 0 0.357928
 0 0.313347
 0 0.382862
 0 0.346951
 0 0.386036
 0 0.444478
 0 0.363928
 0 0.392566
 0 0.379763
 0 0.398344
 0 0.343152
 0 0.365671
 0 0.353394
 0 0.369906
 0 0.374241
 0 0.392201
 0 0.31998
 0 0.362876
 0 0.368019
 0 0.380367
 0 0.443696
 0 0.411352
 0 0.368351
 0 0.382216
 0 0.365732
 0 0.339901
 0 0.392194
 0 0.343947
 0 0.376435
 0 0.354965
 0 0.401186
 0 0.390693
 0 0.303373
 0 0.392977
 0 0.373307
 0 0.339597
 0 0.369021
 0 0.396444
 0 0.329375
 0 0.358574
 0 0.387879
 0 0.349748
 0 0.395372
 0 0.319138
 0 0.336786
 0 0.324058
 0 0.355298
 0 0.366527
 0 0.362698
 0 0.358621
 0 0.371777
 0 0.382598
 0 0.375835
 0 0.393074
 0 0.38018
 0 0.352715
 0 0.35857
 0 0.327415
 0 0.380176
 0 0.400691
 0 0.347243
 0 0.346575
 0 0.379064
 0 0.358404
 0 0.340748
 0 0.380752
 0 0.375457
 0 0.406816
 0 0.339653
 0 0.371052
 0 0.392061
 0 0.342163
 0 0.356845
 0 0.367712
 0 0.330085
 0 0.367862
 0 0.31771
 0 0.329477
 0 0.30369
 0 0.371032
 0 0.403951
 0 0.323969
 0 0.330898
 0 0.413226
 0 0.362195
 0 0.379093
 0 0.420607
 0 0.406826
 0 0.304996
 0 0.359192
 0 0.35777
 0 0.378309
 0 0.409516
 0 0.414808
 0 0.394207
 0 0.387158
 0 0.399189
 0 0.362147
 0 0.391795
 0 0.345229
 0 0.415075
 0 0.334826
 0 0.317793
 0 0.319219
 0 0.342358
 0 0.373102
 0 0.356424
 0 0.350558
 0 0.460076
 0 0.337275
 0 0.40001
 0 0.344643
 0 0.399031
 0 0.406799
 0 0.282656
 0 0.369171
 0 0.359807
 0 0.409416
 0 0.347123
 0 0.353724
 0 0.282451
 0 0.38782
 0 0.390409
 0 0.364534
 0 0.370833
 0 0.367052
 0 0.354394
 0 0.356724
 0 0.400566
 0 0.349164
 0 0.314528
 0 0.343139
 0 0.371434
 0 0.354658
 0 0.385885
 0 0.366516
 0 0.406173
 0 0.37201
 0 0.33175
 0 0.405068
 0 0.317717
 0 0.341156
 0 0.317059
 0 0.347573
 0 0.407184
 0 0.382027
 0 0.370215
 0 0.386001
 0 0.361414
 0 0.365788
 0 0.374825
 0 0.335207
 0 0.422973
 0 0.399006
 0 0.386458
 0 0.372025
 0 0.361365
 0 0.356282
 0 0.370776
 0 0.419593
 0 0.365151
 0 0.376352
 0 0.413327
 0 0.357177
 0 0.362514
 0 0.347522
 0 0.336875
 0 0.396878
 0 0.383811
 0 0.291429
 0 0.330183
 0 0.384077
 0 0.395165
 0 0.350995
 0 0.391008
 0 0.375008
 0 0.357597
 0 0.369251
 0 0.420146
 0 0.396682
 0 0.340482
 0 0.329668
 0 0.358837
 0 0.310835
 0 0.377296
 0 0.404234
 0 0.385495
 0 0.33996
 0 0.397015
 0 0.348985
 0 0.402724
 0 0.329149
 0 0.369923
 0 0.326411
 0 0.326214
 0 0.371092
 0 0.323046
 0 0.353631
 0 0.410887
 0 0.369172
 0 0.338943
 0 0.374252
 0 0.371041
 0 0.347174
 0 0.383567
 0 0.380747
 0 0.348547
 0 0.389604
 0 0.370698
 0 0.397932
 0 0.321327
 0 0.361448
 0 0.33005
 0 0.355925
 0 0.36481
 0 0.328266
 0 0.393024
 0 0.361882
 0 0.401211
 0 0.40346
 0 0.393686
 0 0.388764
 0 0.399297
 0 0.364686
 0 0.360445
 0 0.407066
 0 0.453732
 0 0.357521
 0 0.416399
 0 0.354214
 0 0.385494
 0 0.384898
 0 0.347537
 0 0.398914
 0 0.411473
 0 0.355166
 0 0.412277
 0 0.388599
 0 0.385398
 0 0.338555
 0 0.351242
 0 0.395169
 0 0.39382
 0 0.319984
 0 0.376565
 0 0.363672
 0 0.352527
 0 0.340433
 0 0.377212
 0 0.354322
 0 0.32602
 0 0.371106
 0 0.349421
 0 0.323557
 0 0.373784
 0 0.396186
 0 0.352979
 0 0.387938
 0 0.384786
 0 0.315918
 0 0.348598
 0 0.346064
 0 0.337762
 0 0.386765
 0 0.367959
 0 0.32182
 0 0.304951
 0 0.340633
 0 0.359503
 0 0.351145
 0 0.414364
 0 0.404301
 0 0.346731
 0 0.354468
 0 0.345911
 0 0.395674
 0 0.380678
 0 0.367611
 0 0.387773
 0 0.351639
 0 0.324222
 0 0.373434
 0 0.378964
 0 0.365889
 0 0.401011
 0 0.362656
 0 0.40904
 0 0.359287
 0 0.366947
 0 0.413469
 0 0.371039
 0 0.436683
 0 0.370522
 0 0.357198
 0 0.330202
