535 1 0 0 1
 0 0.79092
 0 0.861346
 0 0.658864
 0 0.787784
 0 0.80703
 0 0.842676
 0 0.786316
 0 0.81357
 0 0.598018
 0 0.75172
 0 0.779632
 0 0.681218
 0 0.860392
 0 0.804298
 0 0.767172
 0 0.665354
 0 0.60536
 0 0.747126
 0 0.905656
 0 0.767244
 0 0.689172
 0 0.83441
 0 0.713678
 0 0.736688
 0 0.744058
 0 0.689894
 0 0.8615
 0 0.727822
 0 0.73561
 0 0.848444
 0 0.778558
 0 0.772784
 0 0.723812
 0 0.8745
 0 0.829012
 0 0.69569
 0 0.815724
 0 0.724426
 0 0.778944
 0 0.709736
 0 0.716832
 0 0.778386
 0 0.736538
 0 0.799652
 0 0.673206
 0 0.75562
 0 0.799328
 0 0.762666
 0 0.710242
 0 0.913072
 0 0.768762
 0 0.823474
 0 0.749056
 0 0.763494
 0 0.738114
 0 0.876306
 0 0.69783
 0 0.718388
 0 0.813802
 0 0.847286
 0 0.697694
 0 0.771962
 0 0.695772
 0 0.662488
 0 0.847482
 0 0.81441
 0 0.733812
 0 0.920314
 0 0.817894
 0 0.814518
 0 0.79413
 0 0.797008
 0 0.726196
 0 0.754382
 0 0.684734
 0 0.665638
 0 0.732646
 0 0.773294
 0 0.807062
 0 0.755756
 0 0.8039
 0 0.79414
 0 0.917634
 0 0.804946
 0 0.786968
 0 0.737676
 0 0.691564
 0 0.702722
 0 0.744214
 0 0.639924
 0 0.680206
 0 0.775794
 0 0.75252
 0 0.727566
 0 0.779878
 0 0.751644
 0 0.831806
 0 0.858826
 0 0.84633
 0 0.654506
 0 0.780296
 0 0.770574
 0 0.771364
 0 0.902154
 0 0.688036
 0 0.731376
 0 0.755156
 0 0.725576
 0 0.810442
 0 0.79563
 0 0.675378
 0 0.669732
 0 0.752062
 0 0.705734
 0 0.770746
 0 0.619976
 0 0.783904
 0 0.76081
 0 0.81531
 0 0.859648
 0 0.680448
 0 0.703814
 0 0.894508
 0 0.842872
 0 0.64521
 0 0.832236
 0 0.856956
 0 0.73033
 0 0.719718
 0 0.76167
 0 0.777116
 0 0.879104
 0 0.851646
 0 0.748188
 0 0.79672
 0 0.937932
 0 0.646634
 0 0.785042
 0 0.80587
 0 0.729382
 0 0.753644
 0 0.87783
 0 0.707024
 0 0.738944
 0 0.55724
 0 0.642788
 0 0.742726
 0 0.943852
 0 0.757146
 0 0.812464
 0 0.878248
 0 0.680604
 0 0.815646
 0 0.70301
 0 0.759694
 0 0.71602
 0 0.77235
 0 0.630656
 0 0.747888
 0 0.731962
 0 0.660534
 0 0.641902
 0 0.627906
 0 0.618848
 0 0.683854
 0 0.69742
 0 0.785598
 0 0.711586
 0 0.756708
 0 0.796824
 0 0.745682
 0 0.867528
 0 0.71183
 0 0.86533
 0 0.648562
 0 0.739406
 0 0.848996
 0 0.62357
 0 0.773976
 0 0.730566
 0 0.742352
 0 0.821936
 0 0.778788
 0 0.880374
 0 0.840184
 0 0.71649
 0 0.791028
 0 0.718838
 0 0.762476
 0 0.78267
 0 0.806642
 0 0.761358
 0 0.805156
 0 0.74627
 0 0.900084
 0 0.817622
 0 0.80465
 0 0.707092
 0 0.7497
 0 0.693
 0 0.789242
 0 0.883774
 0 0.769012
 0 0.75408
 0 0.901244
 0 0.82912
 0 0.847968
 0 0.856142
 0 0.68632
 0 0.854646
 0 0.761852
 0 0.740594
 0 0.731974
 0 0.819814
 0 0.753386
 0 0.74175
 0 0.756284
 0 0.652798
 0 0.691526
 0 0.793638
 0 0.799738
 0 0.75185
 0 0.698818
 0 0.755006
 0 0.731206
 0 0.699182
 0 0.667682
 0 0.77667
 0 0.660014
 0 0.65405
 0 0.670356
 0 0.72989
 0 0.759192
 0 0.698482
 0 0.748682
 0 0.68044
 0 0.677162
 0 0.672966
 0 0.639158
 0 0.864006
 0 0.6483
 0 0.68863
 0 0.776466
 0 0.768734
 0 0.672738
 0 0.747872
 0 0.708266
 0 0.85892
 0 0.704056
 0 0.701722
 0 0.889744
 0 0.614266
 0 0.816258
 0 0.774704
 0 0.761382
 0 0.844826
 0 0.76944
 0 0.774216
 0 0.812202
 0 0.901354
 0 0.897458
 0 0.749238
 0 0.733806
 0 0.791252
 0 0.749976
 0 0.738482
 0 0.639276
 0 0.829934
 0 0.747772
 0 0.772178
 0 0.806428
 0 0.718504
 0 0.716264
 0 0.817252
 0 0.740692
 0 0.725118
 0 0.83961
 0 0.923146
 0 0.712596
 0 0.69393
 0 0.853536
 0 0.73762
 0 0.740024
 0 0.710624
 0 0.952764
 0 0.68643
 0 0.702226
 0 0.705346
 0 0.779044
 0 0.742012
 0 0.808618
 0 0.772986
 0 0.686708
 0 0.776244
 0 0.713534
 0 0.806566
 0 0.832936
 0 0.783518
 0 0.724378
 0 0.753034
 0 0.588726
 0 0.72553
 0 0.813604
 0 0.616622
 0 0.679884
 0 0.774186
 0 0.726352
 0 0.879478
 0 0.779598
 0 0.884238
 0 0.699716
 0 0.769274
 0 0.91982
 0 0.815126
 0 0.73738
 0 0.807568
 0 0.694408
 0 0.664746
 0 0.703034
 0 0.851926
 0 0.755356
 0 0.666558
 0 0.898056
 0 0.813272
 0 0.687446
 0 0.83267
 0 0.708046
 0 0.661442
 0 0.70428
 0 0.733734
 0 0.883798
 0 0.846574
 0 0.705382
 0 0.707888
 0 0.84185
 0 0.839266
 0 0.720576
 0 0.802274
 0 0.839616
 0 0.694636
 0 0.734356
 0 0.839436
 0 0.657274
 0 0.77586
 0 0.802604
 0 0.775166
 0 0.804566
 0 0.727238
 0 0.872628
 0 0.720518
 0 0.731326
 0 0.6778
 0 0.842812
 0 0.762082
 0 0.770468
 0 0.578572
 0 0.710354
 0 0.73556
 0 0.685874
 0 0.767226
 0 0.79009
 0 0.77352
 0 0.78615
 0 0.860018
 0 0.667404
 0 0.825458
 0 0.784138
 0 0.85174
 0 0.876852
 0 0.85198
 0 0.765262
 0 0.703648
 0 0.72024
 0 0.817782
 0 0.932656
 0 0.686812
 0 0.708498
 0 0.578274
 0 0.707338
 0 0.769238
 0 0.6717
 0 0.785412
 0 0.71697
 0 0.823114
 0 0.739048
 0 0.691604
 0 0.756632
 0 0.732104
 0 0.841576
 0 0.779722
 0 0.887948
 0 0.668626
 0 0.78993
 0 0.894864
 0 0.651816
 0 0.73762
 0 0.724914
 0 0.687286
 0 0.741854
 0 0.83864
 0 0.848078
 0 0.765666
 0 0.845576
 0 0.840658
 0 0.741144
 0 0.78506
 0 0.827236
 0 0.961876
 0 0.790688
 0 0.71582
 0 0.66931
 0 0.637064
 0 0.836824
 0 0.937366
 0 0.829286
 0 0.808294
 0 0.754886
 0 0.801166
 0 0.882642
 0 0.6208
 0 0.749556
 0 0.70021
 0 0.713748
 0 0.843706
 0 0.81164
 0 0.779026
 0 0.842524
 0 0.738056
 0 0.861578
 0 0.738886
 0 0.787868
 0 0.756836
 0 0.735682
 0 0.794912
 0 0.682706
 0 0.826616
 0 0.703752
 0 0.84685
 0 0.72779
 0 0.91562
 0 0.754304
 0 0.817538
 0 0.787044
 0 0.715908
 0 0.798772
 0 0.844678
 0 0.704778
 0 0.85382
 0 0.8964
 0 1.02183
 0 0.713706
 0 0.791658
 0 0.55913
 0 0.894266
 0 0.843762
 0 0.709486
 0 0.861638
 0 0.749406
 0 0.718884
 0 0.800824
 0 0.668886
 0 0.71606
 0 0.729718
 0 0.71122
 0 0.537308
 0 0.754896
 0 0.656806
 0 0.702014
 0 0.855684
 0 0.887608
 0 0.852896
 0 0.813762
 0 0.686168
 0 0.890434
 0 0.831144
 0 0.861522
 0 0.861894
 0 0.679196
 0 0.722042
 0 0.752966
 0 0.61295
 0 0.876704
 0 0.728564
 0 0.72341
 0 0.72034
 0 0.822246
 0 0.755964
 0 0.727904
 0 0.67889
 0 0.765536
 0 0.751924
 0 0.745796
 0 0.787104
 0 0.797008
 0 0.869246
 0 0.918162
 0 0.726362
 0 0.759134
 0 0.810038
 0 0.62959
 0 0.74489
 0 0.78351
 0 0.826612
 0 0.832946
 0 0.777398
 0 0.754716
 0 0.76617
 0 0.652684
 0 0.80194
 0 0.784462
 0 0.839514
 0 0.754576
 0 0.763824
 0 0.861578
 0 0.814272
 0 0.94268
 0 0.898062
 0 0.803912
 0 0.72882
 0 0.75895
 0 0.713498
 0 0.713806
 0 0.795954
 0 0.81158
 0 0.739494
 0 0.66971
 0 0.630952
 0 0.704156
 0 0.742158
 0 0.642264
 0 0.741556
 0 0.74526
 0 0.90887
 0 0.717282
 0 0.829122
