535 1 0 0 1
 0 0.408122
 0 0.38212
 0 0.397755
 0 0.361615
 0 0.423238
 0 0.353917
 0 0.403659
 0 0.39385
 0 0.414365
 0 0.376947
 0 0.408165
 0 0.405169
 0 0.474067
 0 0.491226
 0 0.41517
 0 0.336806
 0 0.305059
 0 0.40413
 0 0.474809
 0 0.446945
 0 0.399205
 0 0.443697
 0 0.445725
 0 0.409801
 0 0.439735
 0 0.423452
 0 0.421989
 0 0.371988
 0 0.359688
 0 0.376476
 0 0.370808
 0 0.435233
 0 0.439912
 0 0.395674
 0 0.437968
 0 0.387126
 0 0.414857
 0 0.400593
 0 0.385083
 0 0.395433
 0 0.407031
 0 0.347699
 0 0.339592
 0 0.424036
 0 0.432163
 0 0.423481
 0 0.361722
 0 0.392641
 0 0.376975
 0 0.429616
 0 0.452146
 0 0.366726
 0 0.401113
 0 0.460811
 0 0.376652
 0 0.398413
 0 0.40888
 0 0.383494
 0 0.373812
 0 0.406707
 0 0.372909
 0 0.332958
 0 0.404991
 0 0.353939
 0 0.401009
 0 0.338102
 0 0.413868
 0 0.424367
 0 0.446535
 0 0.372872
 0 0.380891
 0 0.404549
 0 0.42996
 0 0.415667
 0 0.37645
 0 0.397774
 0 0.378975
 0 0.389798
 0 0.455096
 0 0.409179
 0 0.35391
 0 0.40938
 0 0.42987
 0 0.424412
 0 0.442361
 0 0.362601
 0 0.495429
 0 0.418404
 0 0.399272
 0 0.410244
 0 0.409155
 0 0.435817
 0 0.345307
 0 0.385946
 0 0.39644
 0 0.368558
 0 0.374603
 0 0.435313
 0 0.426253
 0 0.392439
 0 0.394932
 0 0.388659
 0 0.446786
 0 0.402252
 0 0.381643
 0 0.38197
 0 0.391895
 0 0.379133
 0 0.386612
 0 0.384789
 0 0.367773
 0 0.369099
 0 0.390035
 0 0.351323
 0 0.363991
 0 0.380431
 0 0.396494
 0 0.427665
 0 0.427932
 0 0.410539
 0 0.359174
 0 0.437839
 0 0.449477
 0 0.348313
 0 0.371531
 0 0.386481
 0 0.51419
 0 0.422308
 0 0.377466
 0 0.415571
 0 0.421043
 0 0.461475
 0 0.407082
 0 0.474913
 0 0.379641
 0 0.410952
 0 0.347854
 0 0.446436
 0 0.427933
 0 0.343011
 0 0.400509
 0 0.42005
 0 0.394777
 0 0.406458
 0 0.353492
 0 0.396605
 0 0.422772
 0 0.439271
 0 0.424816
 0 0.37636
 0 0.418881
 0 0.330404
 0 0.379101
 0 0.387115
 0 0.339497
 0 0.413248
 0 0.370639
 0 0.391482
 0 0.3676
 0 0.397937
 0 0.449895
 0 0.37091
 0 0.388444
 0 0.418824
 0 0.452849
 0 0.421951
 0 0.376118
 0 0.321101
 0 0.429825
 0 0.396105
 0 0.381736
 0 0.425263
 0 0.420909
 0 0.480532
 0 0.349285
 0 0.419282
 0 0.407899
 0 0.374566
 0 0.380573
 0 0.320593
 0 0.382768
 0 0.415635
 0 0.413997
 0 0.427623
 0 0.421085
 0 0.442813
 0 0.368396
 0 0.351815
 0 0.394991
 0 0.390229
 0 0.453561
 0 0.400084
 0 0.48009
 0 0.397022
 0 0.379932
 0 0.409942
 0 0.393728
 0 0.408203
 0 0.435267
 0 0.415184
 0 0.441467
 0 0.394609
 0 0.348459
 0 0.425589
 0 0.471513
 0 0.347105
 0 0.428882
 0 0.424506
 0 0.430631
 0 0.453806
 0 0.380168
 0 0.395111
 0 0.401312
 0 0.375575
 0 0.382115
 0 0.40782
 0 0.379035
 0 0.402268
 0 0.457451
 0 0.378931
 0 0.432552
 0 0.430541
 0 0.391391
 0 0.386901
 0 0.392603
 0 0.384785
 0 0.435225
 0 0.363611
 0 0.364339
 0 0.384544
 0 0.413277
 0 0.372321
 0 0.356633
 0 0.462166
 0 0.43679
 0 0.336472
 0 0.374769
 0 0.424731
 0 0.426273
 0 0.428854
 0 0.443115
 0 0.36653
 0 0.414058
 0 0.301094
 0 0.420236
 0 0.425033
 0 0.384836
 0 0.367221
 0 0.432849
 0 0.390078
 0 0.441277
 0 0.413579
 0 0.397305
 0 0.421141
 0 0.412427
 0 0.36711
 0 0.381526
 0 0.375384
 0 0.414734
 0 0.421671
 0 0.430952
 0 0.425448
 0 0.389806
 0 0.374405
 0 0.409776
 0 0.424696
 0 0.428336
 0 0.4257
 0 0.470099
 0 0.399531
 0 0.422868
 0 0.397513
 0 0.378393
 0 0.480605
 0 0.409872
 0 0.389085
 0 0.496417
 0 0.363893
 0 0.428837
 0 0.391398
 0 0.37325
 0 0.398352
 0 0.428002
 0 0.356354
 0 0.41721
 0 0.371522
 0 0.383527
 0 0.362871
 0 0.286042
 0 0.380193
 0 0.439008
 0 0.426132
 0 0.39528
 0 0.360216
 0 0.356406
 0 0.451123
 0 0.434481
 0 0.372692
 0 0.42266
 0 0.390806
 0 0.386057
 0 0.473503
 0 0.400078
 0 0.394323
 0 0.339402
 0 0.394146
 0 0.381921
 0 0.473098
 0 0.436851
 0 0.364534
 0 0.426514
 0 0.427855
 0 0.419114
 0 0.390674
 0 0.377787
 0 0.358937
 0 0.351279
 0 0.361729
 0 0.310291
 0 0.410698
 0 0.443886
 0 0.392612
 0 0.354539
 0 0.381376
 0 0.43504
 0 0.417637
 0 0.342703
 0 0.421078
 0 0.29903
 0 0.43375
 0 0.435584
 0 0.428991
 0 0.391691
 0 0.439814
 0 0.44048
 0 0.436988
 0 0.348516
 0 0.414349
 0 0.448916
 0 0.312721
 0 0.411218
 0 0.444134
 0 0.337694
 0 0.407613
 0 0.432833
 0 0.344188
 0 0.358025
 0 0.406513
 0 0.410058
 0 0.35835
 0 0.463352
 0 0.386001
 0 0.371782
 0 0.418021
 0 0.40349
 0 0.269188
 0 0.424882
 0 0.45049
 0 0.3407
 0 0.426373
 0 0.37717
 0 0.441249
 0 0.434689
 0 0.450621
 0 0.336816
 0 0.411949
 0 0.383852
 0 0.394241
 0 0.404337
 0 0.364038
 0 0.438051
 0 0.386702
 0 0.435144
 0 0.400925
 0 0.397697
 0 0.442081
 0 0.374993
 0 0.35248
 0 0.360209
 0 0.405944
 0 0.390803
 0 0.421523
 0 0.393043
 0 0.407784
 0 0.417856
 0 0.446064
 0 0.376489
 0 0.428002
 0 0.408004
 0 0.440514
 0 0.447379
 0 0.309056
 0 0.315817
 0 0.411521
 0 0.381559
 0 0.434666
 0 0.418834
 0 0.408379
 0 0.41792
 0 0.416275
 0 0.417817
 0 0.364411
 0 0.383767
 0 0.449547
 0 0.424038
 0 0.400569
 0 0.430289
 0 0.502347
 0 0.441515
 0 0.401861
 0 0.374496
 0 0.365452
 0 0.448516
 0 0.48395
 0 0.399416
 0 0.428092
 0 0.432575
 0 0.379968
 0 0.398027
 0 0.421874
 0 0.376491
 0 0.384969
 0 0.374568
 0 0.37059
 0 0.468439
 0 0.352778
 0 0.412456
 0 0.345847
 0 0.464626
 0 0.424384
 0 0.414462
 0 0.40378
 0 0.386651
 0 0.397702
 0 0.458763
 0 0.393441
 0 0.295092
 0 0.415865
 0 0.356949
 0 0.389929
 0 0.406205
 0 0.435485
 0 0.401633
 0 0.364167
 0 0.367746
 0 0.381077
 0 0.382682
 0 0.403633
 0 0.422415
 0 0.455343
 0 0.396587
 0 0.406735
 0 0.368503
 0 0.437886
 0 0.389452
 0 0.390438
 0 0.444378
 0 0.429598
 0 0.449866
 0 0.390429
 0 0.356415
 0 0.426533
 0 0.434173
 0 0.384425
 0 0.407261
 0 0.432554
 0 0.381902
 0 0.455193
 0 0.461169
 0 0.426105
 0 0.431372
 0 0.411716
 0 0.378318
 0 0.397091
 0 0.486534
 0 0.412947
 0 0.366709
 0 0.376074
 0 0.385383
 0 0.347328
 0 0.3976
 0 0.371864
 0 0.458588
 0 0.405388
 0 0.400616
 0 0.39354
 0 0.365303
 0 0.387578
 0 0.36476
 0 0.37899
 0 0.378799
 0 0.340303
 0 0.368209
 0 0.339461
 0 0.408314
 0 0.408566
 0 0.355727
 0 0.38921
 0 0.435807
 0 0.347172
 0 0.408452
 0 0.373066
 0 0.427556
 0 0.373716
 0 0.398667
 0 0.380976
 0 0.36468
 0 0.369884
 0 0.430891
 0 0.403787
 0 0.418298
 0 0.338059
 0 0.371531
 0 0.380752
 0 0.384159
 0 0.400751
 0 0.44065
 0 0.376282
 0 0.415908
 0 0.390594
 0 0.351158
 0 0.397512
 0 0.446742
 0 0.426987
 0 0.417587
 0 0.367596
 0 0.342624
 0 0.390094
 0 0.38412
 0 0.416522
 0 0.378984
 0 0.36062
 0 0.464852
 0 0.394707
 0 0.479836
