535 1 0 0 1
 0 0.617788
 0 0.59976
 0 0.672994
 0 0.695374
 0 0.750302
 0 0.682038
 0 0.704438
 0 0.690676
 0 0.716884
 0 0.644628
 0 0.58838
 0 0.709754
 0 0.801028
 0 0.695926
 0 0.692364
 0 0.728502
 0 0.693914
 0 0.677366
 0 0.76181
 0 0.72916
 0 0.703026
 0 0.736344
 0 0.685744
 0 0.693782
 0 0.760626
 0 0.631462
 0 0.68529
 0 0.701742
 0 0.7082
 0 0.760364
 0 0.824014
 0 0.635072
 0 0.723748
 0 0.75743
 0 0.683864
 0 0.69446
 0 0.68741
 0 0.77854
 0 0.642622
 0 0.78957
 0 0.706912
 0 0.6711
 0 0.637502
 0 0.726468
 0 0.604786
 0 0.737828
 0 0.700648
 0 0.677752
 0 0.625824
 0 0.722182
 0 0.697748
 0 0.668894
 0 0.639992
 0 0.745952
 0 0.691164
 0 0.657984
 0 0.69372
 0 0.683446
 0 0.708788
 0 0.68274
 0 0.63413
 0 0.697556
 0 0.723414
 0 0.720988
 0 0.640928
 0 0.719698
 0 0.657846
 0 0.699762
 0 0.760172
 0 0.73607
 0 0.678334
 0 0.775012
 0 0.677332
 0 0.682948
 0 0.69162
 0 0.779556
 0 0.659576
 0 0.671762
 0 0.753988
 0 0.742894
 0 0.674836
 0 0.669606
 0 0.669252
 0 0.63821
 0 0.743422
 0 0.596862
 0 0.662916
 0 0.649408
 0 0.699642
 0 0.65579
 0 0.653384
 0 0.785282
 0 0.70033
 0 0.66983
 0 0.69999
 0 0.6866
 0 0.724318
 0 0.750234
 0 0.80715
 0 0.775936
 0 0.672344
 0 0.678366
 0 0.690226
 0 0.69381
 0 0.71498
 0 0.644132
 0 0.698634
 0 0.69929
 0 0.681672
 0 0.720138
 0 0.671512
 0 0.767028
 0 0.662686
 0 0.638198
 0 0.664586
 0 0.681662
 0 0.708486
 0 0.631448
 0 0.722278
 0 0.712262
 0 0.737044
 0 0.765992
 0 0.709048
 0 0.655446
 0 0.684194
 0 0.658528
 0 0.75354
 0 0.661452
 0 0.761426
 0 0.711142
 0 0.681392
 0 0.755342
 0 0.67251
 0 0.680658
 0 0.714024
 0 0.760462
 0 0.674638
 0 0.651784
 0 0.694932
 0 0.591266
 0 0.678306
 0 0.735828
 0 0.677018
 0 0.69401
 0 0.615238
 0 0.719822
 0 0.712462
 0 0.740462
 0 0.694636
 0 0.696588
 0 0.733214
 0 0.652598
 0 0.737476
 0 0.656336
 0 0.711738
 0 0.6465
 0 0.728122
 0 0.714802
 0 0.665812
 0 0.643118
 0 0.660756
 0 0.684836
 0 0.675888
 0 0.654624
 0 0.775734
 0 0.614166
 0 0.553644
 0 0.644
 0 0.675364
 0 0.679018
 0 0.621106
 0 0.735072
 0 0.622664
 0 0.772458
 0 0.754056
 0 0.636834
 0 0.791256
 0 0.644486
 0 0.66638
 0 0.749102
 0 0.665618
 0 0.7819
 0 0.694134
 0 0.735352
 0 0.708948
 0 0.647042
 0 0.735666
 0 0.683292
 0 0.722964
 0 0.740546
 0 0.661256
 0 0.695316
 0 0.636728
 0 0.714542
 0 0.743298
 0 0.747506
 0 0.765934
 0 0.67508
 0 0.76658
 0 0.730214
 0 0.740816
 0 0.718542
 0 0.743104
 0 0.70703
 0 0.647896
 0 0.640976
 0 0.653562
 0 0.653928
 0 0.658886
 0 0.613338
 0 0.772846
 0 0.657234
 0 0.648894
 0 0.80611
 0 0.691144
 0 0.693948
 0 0.690958
 0 0.625028
 0 0.720472
 0 0.805812
 0 0.61526
 0 0.688008
 0 0.687256
 0 0.722206
 0 0.708464
 0 0.769686
 0 0.692378
 0 0.640784
 0 0.693714
 0 0.674264
 0 0.734298
 0 0.731036
 0 0.682262
 0 0.679498
 0 0.667308
 0 0.7123
 0 0.604712
 0 0.715848
 0 0.637994
 0 0.723216
 0 0.628452
 0 0.655022
 0 0.680244
 0 0.625984
 0 0.63028
 0 0.680038
 0 0.60969
 0 0.651652
 0 0.762618
 0 0.693722
 0 0.70107
 0 0.69838
 0 0.719324
 0 0.75045
 0 0.70764
 0 0.768458
 0 0.721126
 0 0.66466
 0 0.76362
 0 0.66311
 0 0.685464
 0 0.675684
 0 0.654072
 0 0.637778
 0 0.599756
 0 0.688402
 0 0.71514
 0 0.765964
 0 0.720128
 0 0.658184
 0 0.734498
 0 0.677388
 0 0.686764
 0 0.718438
 0 0.743936
 0 0.667244
 0 0.649024
 0 0.670632
 0 0.738282
 0 0.705968
 0 0.68332
 0 0.69553
 0 0.71014
 0 0.648204
 0 0.707276
 0 0.675512
 0 0.661614
 0 0.571064
 0 0.66716
 0 0.737464
 0 0.697648
 0 0.698486
 0 0.655438
 0 0.64685
 0 0.705624
 0 0.706324
 0 0.633598
 0 0.68104
 0 0.705886
 0 0.72149
 0 0.68561
 0 0.619424
 0 0.729868
 0 0.624338
 0 0.668986
 0 0.691226
 0 0.594728
 0 0.749658
 0 0.775534
 0 0.65892
 0 0.650168
 0 0.687762
 0 0.672062
 0 0.760148
 0 0.72149
 0 0.721292
 0 0.630376
 0 0.608116
 0 0.730292
 0 0.690478
 0 0.682464
 0 0.75081
 0 0.71435
 0 0.673278
 0 0.77446
 0 0.704742
 0 0.71026
 0 0.686656
 0 0.579846
 0 0.712866
 0 0.650632
 0 0.703388
 0 0.646212
 0 0.618932
 0 0.65317
 0 0.735962
 0 0.658544
 0 0.611
 0 0.719936
 0 0.633968
 0 0.647044
 0 0.740982
 0 0.708412
 0 0.724008
 0 0.733632
 0 0.660458
 0 0.736052
 0 0.66775
 0 0.6973
 0 0.630814
 0 0.73549
 0 0.662622
 0 0.710086
 0 0.703756
 0 0.706358
 0 0.650992
 0 0.621848
 0 0.770728
 0 0.635514
 0 0.71168
 0 0.64632
 0 0.72383
 0 0.68231
 0 0.708156
 0 0.645984
 0 0.687584
 0 0.690172
 0 0.699648
 0 0.724184
 0 0.674678
 0 0.657094
 0 0.57616
 0 0.722948
 0 0.686242
 0 0.726834
 0 0.60799
 0 0.680508
 0 0.728312
 0 0.730146
 0 0.725708
 0 0.575258
 0 0.729546
 0 0.659054
 0 0.688526
 0 0.678212
 0 0.68019
 0 0.706322
 0 0.665098
 0 0.73029
 0 0.75704
 0 0.620434
 0 0.653978
 0 0.632464
 0 0.726424
 0 0.665292
 0 0.720482
 0 0.70125
 0 0.736386
 0 0.74895
 0 0.651924
 0 0.6779
 0 0.74476
 0 0.700522
 0 0.737232
 0 0.751506
 0 0.692354
 0 0.766318
 0 0.713282
 0 0.759988
 0 0.696218
 0 0.66465
 0 0.677986
 0 0.611012
 0 0.687766
 0 0.725746
 0 0.704588
 0 0.70635
 0 0.662848
 0 0.653918
 0 0.654652
 0 0.642648
 0 0.686246
 0 0.647676
 0 0.67948
 0 0.659294
 0 0.628182
 0 0.72247
 0 0.672754
 0 0.646256
 0 0.686404
 0 0.804864
 0 0.660594
 0 0.662434
 0 0.746608
 0 0.64854
 0 0.664678
 0 0.619748
 0 0.71612
 0 0.687938
 0 0.720942
 0 0.743132
 0 0.686998
 0 0.719198
 0 0.671824
 0 0.726652
 0 0.745476
 0 0.62453
 0 0.717922
 0 0.698398
 0 0.720064
 0 0.71048
 0 0.77721
 0 0.679296
 0 0.716642
 0 0.716098
 0 0.669118
 0 0.729594
 0 0.76711
 0 0.701376
 0 0.695934
 0 0.77321
 0 0.739204
 0 0.695436
 0 0.70622
 0 0.67972
 0 0.642976
 0 0.649052
 0 0.615364
 0 0.73244
 0 0.746606
 0 0.678718
 0 0.631392
 0 0.621784
 0 0.673282
 0 0.713578
 0 0.629278
 0 0.674456
 0 0.67808
 0 0.730872
 0 0.73441
 0 0.717562
 0 0.701294
 0 0.69602
 0 0.660292
 0 0.7324
 0 0.712358
 0 0.708336
 0 0.650184
 0 0.707102
 0 0.691084
 0 0.62789
 0 0.648856
 0 0.669498
 0 0.680236
 0 0.674778
 0 0.69488
 0 0.681792
 0 0.698932
 0 0.697292
 0 0.691068
 0 0.731766
 0 0.734708
 0 0.611192
 0 0.696532
 0 0.717568
 0 0.71622
 0 0.705176
 0 0.654624
 0 0.592846
 0 0.69522
 0 0.686828
 0 0.672706
 0 0.620852
 0 0.74921
 0 0.669112
 0 0.758544
 0 0.804552
 0 0.787372
 0 0.754534
 0 0.74635
 0 0.605068
 0 0.749638
 0 0.693046
 0 0.72257
 0 0.705046
 0 0.71418
 0 0.640764
 0 0.803174
 0 0.65834
 0 0.762644
 0 0.64733
 0 0.796546
 0 0.727942
 0 0.651318
 0 0.73776
