535 1 0 0 1
 0 0.308894
 0 0.29988
 0 0.336497
 0 0.347687
 0 0.375151
 0 0.341019
 0 0.352219
 0 0.345338
 0 0.358442
 0 0.322314
 0 0.29419
 0 0.354877
 0 0.400514
 0 0.347963
 0 0.346182
 0 0.364251
 0 0.346957
 0 0.338683
 0 0.380905
 0 0.36458
 0 0.351513
 0 0.368172
 0 0.342872
 0 0.346891
 0 0.380313
 0 0.315731
 0 0.342645
 0 0.350871
 0 0.3541
 0 0.380182
 0 0.412007
 0 0.317536
 0 0.361874
 0 0.378715
 0 0.341932
 0 0.34723
 0 0.343705
 0 0.38927
 0 0.321311
 0 0.394785
 0 0.353456
 0 0.33555
 0 0.318751
 0 0.363234
 0 0.302393
 0 0.368914
 0 0.350324
 0 0.338876
 0 0.312912
 0 0.361091
 0 0.348874
 0 0.334447
 0 0.319996
 0 0.372976
 0 0.345582
 0 0.328992
 0 0.34686
 0 0.341723
 0 0.354394
 0 0.34137
 0 0.317065
 0 0.348778
 0 0.361707
 0 0.360494
 0 0.320464
 0 0.359849
 0 0.328923
 0 0.349881
 0 0.380086
 0 0.368035
 0 0.339167
 0 0.387506
 0 0.338666
 0 0.341474
 0 0.34581
 0 0.389778
 0 0.329788
 0 0.335881
 0 0.376994
 0 0.371447
 0 0.337418
 0 0.334803
 0 0.334626
 0 0.319105
 0 0.371711
 0 0.298431
 0 0.331458
 0 0.324704
 0 0.349821
 0 0.327895
 0 0.326692
 0 0.392641
 0 0.350165
 0 0.334915
 0 0.349995
 0 0.3433
 0 0.362159
 0 0.375117
 0 0.403575
 0 0.387968
 0 0.336172
 0 0.339183
 0 0.345113
 0 0.346905
 0 0.35749
 0 0.322066
 0 0.349317
 0 0.349645
 0 0.340836
 0 0.360069
 0 0.335756
 0 0.383514
 0 0.331343
 0 0.319099
 0 0.332293
 0 0.340831
 0 0.354243
 0 0.315724
 0 0.361139
 0 0.356131
 0 0.368522
 0 0.382996
 0 0.354524
 0 0.327723
 0 0.342097
 0 0.329264
 0 0.37677
 0 0.330726
 0 0.380713
 0 0.355571
 0 0.340696
 0 0.377671
 0 0.336255
 0 0.340329
 0 0.357012
 0 0.380231
 0 0.337319
 0 0.325892
 0 0.347466
 0 0.295633
 0 0.339153
 0 0.367914
 0 0.338509
 0 0.347005
 0 0.307619
 0 0.359911
 0 0.356231
 0 0.370231
 0 0.347318
 0 0.348294
 0 0.366607
 0 0.326299
 0 0.368738
 0 0.328168
 0 0.355869
 0 0.32325
 0 0.364061
 0 0.357401
 0 0.332906
 0 0.321559
 0 0.330378
 0 0.342418
 0 0.337944
 0 0.327312
 0 0.387867
 0 0.307083
 0 0.276822
 0 0.322
 0 0.337682
 0 0.339509
 0 0.310553
 0 0.367536
 0 0.311332
 0 0.386229
 0 0.377028
 0 0.318417
 0 0.395628
 0 0.322243
 0 0.33319
 0 0.374551
 0 0.332809
 0 0.39095
 0 0.347067
 0 0.367676
 0 0.354474
 0 0.323521
 0 0.367833
 0 0.341646
 0 0.361482
 0 0.370273
 0 0.330628
 0 0.347658
 0 0.318364
 0 0.357271
 0 0.371649
 0 0.373753
 0 0.382967
 0 0.33754
 0 0.38329
 0 0.365107
 0 0.370408
 0 0.359271
 0 0.371552
 0 0.353515
 0 0.323948
 0 0.320488
 0 0.326781
 0 0.326964
 0 0.329443
 0 0.306669
 0 0.386423
 0 0.328617
 0 0.324447
 0 0.403055
 0 0.345572
 0 0.346974
 0 0.345479
 0 0.312514
 0 0.360236
 0 0.402906
 0 0.30763
 0 0.344004
 0 0.343628
 0 0.361103
 0 0.354232
 0 0.384843
 0 0.346189
 0 0.320392
 0 0.346857
 0 0.337132
 0 0.367149
 0 0.365518
 0 0.341131
 0 0.339749
 0 0.333654
 0 0.35615
 0 0.302356
 0 0.357924
 0 0.318997
 0 0.361608
 0 0.314226
 0 0.327511
 0 0.340122
 0 0.312992
 0 0.31514
 0 0.340019
 0 0.304845
 0 0.325826
 0 0.381309
 0 0.346861
 0 0.350535
 0 0.34919
 0 0.359662
 0 0.375225
 0 0.35382
 0 0.384229
 0 0.360563
 0 0.33233
 0 0.38181
 0 0.331555
 0 0.342732
 0 0.337842
 0 0.327036
 0 0.318889
 0 0.299878
 0 0.344201
 0 0.35757
 0 0.382982
 0 0.360064
 0 0.329092
 0 0.367249
 0 0.338694
 0 0.343382
 0 0.359219
 0 0.371968
 0 0.333622
 0 0.324512
 0 0.335316
 0 0.369141
 0 0.352984
 0 0.34166
 0 0.347765
 0 0.35507
 0 0.324102
 0 0.353638
 0 0.337756
 0 0.330807
 0 0.285532
 0 0.33358
 0 0.368732
 0 0.348824
 0 0.349243
 0 0.327719
 0 0.323425
 0 0.352812
 0 0.353162
 0 0.316799
 0 0.34052
 0 0.352943
 0 0.360745
 0 0.342805
 0 0.309712
 0 0.364934
 0 0.312169
 0 0.334493
 0 0.345613
 0 0.297364
 0 0.374829
 0 0.387767
 0 0.32946
 0 0.325084
 0 0.343881
 0 0.336031
 0 0.380074
 0 0.360745
 0 0.360646
 0 0.315188
 0 0.304058
 0 0.365146
 0 0.345239
 0 0.341232
 0 0.375405
 0 0.357175
 0 0.336639
 0 0.38723
 0 0.352371
 0 0.35513
 0 0.343328
 0 0.289923
 0 0.356433
 0 0.325316
 0 0.351694
 0 0.323106
 0 0.309466
 0 0.326585
 0 0.367981
 0 0.329272
 0 0.3055
 0 0.359968
 0 0.316984
 0 0.323522
 0 0.370491
 0 0.354206
 0 0.362004
 0 0.366816
 0 0.330229
 0 0.368026
 0 0.333875
 0 0.34865
 0 0.315407
 0 0.367745
 0 0.331311
 0 0.355043
 0 0.351878
 0 0.353179
 0 0.325496
 0 0.310924
 0 0.385364
 0 0.317757
 0 0.35584
 0 0.32316
 0 0.361915
 0 0.341155
 0 0.354078
 0 0.322992
 0 0.343792
 0 0.345086
 0 0.349824
 0 0.362092
 0 0.337339
 0 0.328547
 0 0.28808
 0 0.361474
 0 0.343121
 0 0.363417
 0 0.303995
 0 0.340254
 0 0.364156
 0 0.365073
 0 0.362854
 0 0.287629
 0 0.364773
 0 0.329527
 0 0.344263
 0 0.339106
 0 0.340095
 0 0.353161
 0 0.332549
 0 0.365145
 0 0.37852
 0 0.310217
 0 0.326989
 0 0.316232
 0 0.363212
 0 0.332646
 0 0.360241
 0 0.350625
 0 0.368193
 0 0.374475
 0 0.325962
 0 0.33895
 0 0.37238
 0 0.350261
 0 0.368616
 0 0.375753
 0 0.346177
 0 0.383159
 0 0.356641
 0 0.379994
 0 0.348109
 0 0.332325
 0 0.338993
 0 0.305506
 0 0.343883
 0 0.362873
 0 0.352294
 0 0.353175
 0 0.331424
 0 0.326959
 0 0.327326
 0 0.321324
 0 0.343123
 0 0.323838
 0 0.33974
 0 0.329647
 0 0.314091
 0 0.361235
 0 0.336377
 0 0.323128
 0 0.343202
 0 0.402432
 0 0.330297
 0 0.331217
 0 0.373304
 0 0.32427
 0 0.332339
 0 0.309874
 0 0.35806
 0 0.343969
 0 0.360471
 0 0.371566
 0 0.343499
 0 0.359599
 0 0.335912
 0 0.363326
 0 0.372738
 0 0.312265
 0 0.358961
 0 0.349199
 0 0.360032
 0 0.35524
 0 0.388605
 0 0.339648
 0 0.358321
 0 0.358049
 0 0.334559
 0 0.364797
 0 0.383555
 0 0.350688
 0 0.347967
 0 0.386605
 0 0.369602
 0 0.347718
 0 0.35311
 0 0.33986
 0 0.321488
 0 0.324526
 0 0.307682
 0 0.36622
 0 0.373303
 0 0.339359
 0 0.315696
 0 0.310892
 0 0.336641
 0 0.356789
 0 0.314639
 0 0.337228
 0 0.33904
 0 0.365436
 0 0.367205
 0 0.358781
 0 0.350647
 0 0.34801
 0 0.330146
 0 0.3662
 0 0.356179
 0 0.354168
 0 0.325092
 0 0.353551
 0 0.345542
 0 0.313945
 0 0.324428
 0 0.334749
 0 0.340118
 0 0.337389
 0 0.34744
 0 0.340896
 0 0.349466
 0 0.348646
 0 0.345534
 0 0.365883
 0 0.367354
 0 0.305596
 0 0.348266
 0 0.358784
 0 0.35811
 0 0.352588
 0 0.327312
 0 0.296423
 0 0.34761
 0 0.343414
 0 0.336353
 0 0.310426
 0 0.374605
 0 0.334556
 0 0.379272
 0 0.402276
 0 0.393686
 0 0.377267
 0 0.373175
 0 0.302534
 0 0.374819
 0 0.346523
 0 0.361285
 0 0.352523
 0 0.35709
 0 0.320382
 0 0.401587
 0 0.32917
 0 0.381322
 0 0.323665
 0 0.398273
 0 0.363971
 0 0.325659
 0 0.36888
