535 1 0 0 1
 0 0.668306
 0 0.50295
 0 0.593956
 0 0.62063
 0 0.593602
 0 0.552708
 0 0.66271
 0 0.566788
 0 0.489074
 0 0.521764
 0 0.627118
 0 0.535592
 0 0.598686
 0 0.597724
 0 0.625428
 0 0.592826
 0 0.635642
 0 0.621998
 0 0.705364
 0 0.56175
 0 0.602794
 0 0.617214
 0 0.573846
 0 0.526524
 0 0.566106
 0 0.61187
 0 0.666892
 0 0.711372
 0 0.64349
 0 0.637118
 0 0.604932
 0 0.55864
 0 0.612852
 0 0.507238
 0 0.563968
 0 0.681256
 0 0.629292
 0 0.617172
 0 0.571082
 0 0.594
 0 0.499416
 0 0.568486
 0 0.587502
 0 0.621662
 0 0.702338
 0 0.49027
 0 0.714898
 0 0.612536
 0 0.585442
 0 0.70942
 0 0.556434
 0 0.598668
 0 0.594226
 0 0.668074
 0 0.559696
 0 0.53697
 0 0.541326
 0 0.488862
 0 0.534748
 0 0.537758
 0 0.59439
 0 0.517428
 0 0.618948
 0 0.655394
 0 0.498296
 0 0.561776
 0 0.542772
 0 0.593222
 0 0.625158
 0 0.567036
 0 0.588992
 0 0.594292
 0 0.595564
 0 0.523016
 0 0.487374
 0 0.569722
 0 0.564196
 0 0.54471
 0 0.52939
 0 0.485164
 0 0.569696
 0 0.492986
 0 0.536978
 0 0.557378
 0 0.640764
 0 0.528236
 0 0.599384
 0 0.540782
 0 0.56384
 0 0.594574
 0 0.568468
 0 0.543004
 0 0.694884
 0 0.593634
 0 0.642842
 0 0.54238
 0 0.552026
 0 0.706854
 0 0.708106
 0 0.590476
 0 0.512224
 0 0.605942
 0 0.617556
 0 0.629596
 0 0.62157
 0 0.606276
 0 0.577778
 0 0.57111
 0 0.611788
 0 0.553372
 0 0.53249
 0 0.685016
 0 0.638248
 0 0.5727
 0 0.535228
 0 0.62953
 0 0.536364
 0 0.594642
 0 0.628606
 0 0.610644
 0 0.522352
 0 0.617248
 0 0.62532
 0 0.59606
 0 0.564296
 0 0.56751
 0 0.514276
 0 0.597552
 0 0.622678
 0 0.707264
 0 0.70749
 0 0.582304
 0 0.627092
 0 0.63839
 0 0.513204
 0 0.666616
 0 0.57099
 0 0.519098
 0 0.542352
 0 0.583352
 0 0.575348
 0 0.564288
 0 0.516286
 0 0.599562
 0 0.571716
 0 0.575124
 0 0.500728
 0 0.588988
 0 0.583192
 0 0.640544
 0 0.567942
 0 0.636634
 0 0.598236
 0 0.632618
 0 0.613502
 0 0.661932
 0 0.565134
 0 0.62594
 0 0.579884
 0 0.630156
 0 0.580428
 0 0.495436
 0 0.538882
 0 0.559288
 0 0.606838
 0 0.493504
 0 0.432998
 0 0.564786
 0 0.539774
 0 0.637838
 0 0.58214
 0 0.58163
 0 0.495966
 0 0.643458
 0 0.626136
 0 0.645628
 0 0.600598
 0 0.556924
 0 0.612126
 0 0.580456
 0 0.583304
 0 0.558808
 0 0.600034
 0 0.590014
 0 0.598624
 0 0.55825
 0 0.66328
 0 0.544528
 0 0.641602
 0 0.595698
 0 0.600014
 0 0.440564
 0 0.588882
 0 0.456678
 0 0.632554
 0 0.616342
 0 0.577152
 0 0.582868
 0 0.648434
 0 0.601232
 0 0.642732
 0 0.526348
 0 0.65307
 0 0.607654
 0 0.674056
 0 0.529282
 0 0.62758
 0 0.59829
 0 0.546072
 0 0.612068
 0 0.52722
 0 0.623878
 0 0.638566
 0 0.562834
 0 0.526412
 0 0.598554
 0 0.583896
 0 0.63371
 0 0.715026
 0 0.56577
 0 0.670438
 0 0.632274
 0 0.585552
 0 0.632346
 0 0.44025
 0 0.489628
 0 0.584686
 0 0.614928
 0 0.573576
 0 0.528638
 0 0.526938
 0 0.53174
 0 0.683808
 0 0.522982
 0 0.586488
 0 0.548324
 0 0.51233
 0 0.636518
 0 0.595038
 0 0.59416
 0 0.613272
 0 0.618002
 0 0.619488
 0 0.633666
 0 0.563368
 0 0.669978
 0 0.600762
 0 0.6275
 0 0.60756
 0 0.640608
 0 0.576348
 0 0.635006
 0 0.604668
 0 0.563796
 0 0.658536
 0 0.646922
 0 0.579426
 0 0.593238
 0 0.512242
 0 0.532744
 0 0.614988
 0 0.578648
 0 0.597964
 0 0.598594
 0 0.52646
 0 0.613624
 0 0.613902
 0 0.635688
 0 0.567592
 0 0.59096
 0 0.551468
 0 0.607788
 0 0.581436
 0 0.603564
 0 0.64548
 0 0.5524
 0 0.567346
 0 0.573538
 0 0.665494
 0 0.637904
 0 0.638828
 0 0.59127
 0 0.549774
 0 0.617164
 0 0.610254
 0 0.567884
 0 0.552944
 0 0.53256
 0 0.569044
 0 0.52543
 0 0.584324
 0 0.760674
 0 0.587382
 0 0.614302
 0 0.58171
 0 0.615496
 0 0.573956
 0 0.709678
 0 0.59534
 0 0.62826
 0 0.56017
 0 0.615692
 0 0.541752
 0 0.624638
 0 0.592194
 0 0.487724
 0 0.650734
 0 0.610248
 0 0.59996
 0 0.608986
 0 0.49865
 0 0.545454
 0 0.595354
 0 0.683114
 0 0.625258
 0 0.580888
 0 0.578492
 0 0.61317
 0 0.546308
 0 0.6689
 0 0.60179
 0 0.5202
 0 0.649122
 0 0.640694
 0 0.61335
 0 0.660556
 0 0.566
 0 0.670052
 0 0.6629
 0 0.578596
 0 0.592172
 0 0.657018
 0 0.541202
 0 0.687312
 0 0.566548
 0 0.585678
 0 0.544902
 0 0.628556
 0 0.526106
 0 0.558044
 0 0.5732
 0 0.641076
 0 0.567718
 0 0.675306
 0 0.626502
 0 0.590772
 0 0.613566
 0 0.505896
 0 0.521484
 0 0.579518
 0 0.48556
 0 0.633612
 0 0.680688
 0 0.530096
 0 0.6004
 0 0.595518
 0 0.490644
 0 0.608564
 0 0.675408
 0 0.541892
 0 0.534456
 0 0.60795
 0 0.642092
 0 0.61183
 0 0.583752
 0 0.66272
 0 0.629544
 0 0.580572
 0 0.552528
 0 0.615128
 0 0.61369
 0 0.567284
 0 0.580142
 0 0.663704
 0 0.56709
 0 0.516918
 0 0.626362
 0 0.608746
 0 0.584264
 0 0.59774
 0 0.620942
 0 0.613376
 0 0.576546
 0 0.557918
 0 0.571092
 0 0.589592
 0 0.61863
 0 0.619464
 0 0.548656
 0 0.50677
 0 0.57151
 0 0.54864
 0 0.59612
 0 0.571456
 0 0.624394
 0 0.593982
 0 0.5797
 0 0.591514
 0 0.562278
 0 0.607002
 0 0.600376
 0 0.590642
 0 0.641918
 0 0.610694
 0 0.644968
 0 0.585582
 0 0.552568
 0 0.61395
 0 0.630276
 0 0.570244
 0 0.574314
 0 0.457634
 0 0.597872
 0 0.70013
 0 0.60844
 0 0.590364
 0 0.506762
 0 0.612836
 0 0.57779
 0 0.680008
 0 0.593704
 0 0.590464
 0 0.5734
 0 0.630444
 0 0.630868
 0 0.632056
 0 0.534962
 0 0.540468
 0 0.563838
 0 0.583196
 0 0.56676
 0 0.482904
 0 0.597364
 0 0.661058
 0 0.604412
 0 0.582522
 0 0.669374
 0 0.595136
 0 0.562228
 0 0.559026
 0 0.617802
 0 0.626132
 0 0.594162
 0 0.602724
 0 0.578698
 0 0.593936
 0 0.57515
 0 0.521694
 0 0.576448
 0 0.633658
 0 0.679374
 0 0.66812
 0 0.751372
 0 0.605102
 0 0.735552
 0 0.670766
 0 0.63907
 0 0.609052
 0 0.515954
 0 0.63867
 0 0.558012
 0 0.648254
 0 0.491338
 0 0.526116
 0 0.54976
 0 0.656336
 0 0.627322
 0 0.60107
 0 0.648934
 0 0.568938
 0 0.681158
 0 0.629402
 0 0.557512
 0 0.66476
 0 0.554328
 0 0.650496
 0 0.549186
 0 0.55618
 0 0.58389
 0 0.544138
 0 0.672106
 0 0.600012
 0 0.688706
 0 0.535266
 0 0.67263
 0 0.621242
 0 0.679896
 0 0.648154
 0 0.600796
 0 0.643782
 0 0.565866
 0 0.617538
 0 0.552732
 0 0.525466
 0 0.593652
 0 0.664812
 0 0.543884
 0 0.573728
 0 0.533006
 0 0.484314
 0 0.43809
 0 0.597308
 0 0.568128
 0 0.584158
 0 0.629906
 0 0.65046
 0 0.60288
 0 0.575846
 0 0.536834
 0 0.56159
 0 0.637428
 0 0.555174
 0 0.61735
 0 0.586524
 0 0.652338
 0 0.685432
 0 0.607266
 0 0.634212
 0 0.63792
 0 0.572684
 0 0.550406
 0 0.605536
 0 0.609654
 0 0.671804
 0 0.560378
 0 0.698594
 0 0.627902
 0 0.588452
 0 0.628976
 0 0.5999
 0 0.590514
 0 0.617066
 0 0.54204
 0 0.649392
 0 0.541388
