535 1 0 0 1
 0 0.62151
 0 0.653882
 0 0.666184
 0 0.742628
 0 0.599426
 0 0.61489
 0 0.711126
 0 0.623744
 0 0.632442
 0 0.627828
 0 0.660956
 0 0.624188
 0 0.745382
 0 0.727372
 0 0.651672
 0 0.617818
 0 0.652542
 0 0.643556
 0 0.742342
 0 0.65574
 0 0.726234
 0 0.666988
 0 0.725984
 0 0.61158
 0 0.622978
 0 0.707594
 0 0.648776
 0 0.766264
 0 0.787802
 0 0.71463
 0 0.777056
 0 0.671212
 0 0.662958
 0 0.67112
 0 0.677612
 0 0.684458
 0 0.633686
 0 0.699044
 0 0.62177
 0 0.782714
 0 0.697388
 0 0.637938
 0 0.625658
 0 0.627034
 0 0.69384
 0 0.67537
 0 0.690222
 0 0.658074
 0 0.61312
 0 0.667808
 0 0.71198
 0 0.681022
 0 0.68678
 0 0.69183
 0 0.661616
 0 0.663048
 0 0.64239
 0 0.645254
 0 0.61052
 0 0.56963
 0 0.690214
 0 0.63761
 0 0.63414
 0 0.693136
 0 0.64477
 0 0.696238
 0 0.596646
 0 0.594438
 0 0.68581
 0 0.743418
 0 0.700762
 0 0.777388
 0 0.675354
 0 0.609178
 0 0.62871
 0 0.643548
 0 0.68827
 0 0.679122
 0 0.706076
 0 0.657082
 0 0.748774
 0 0.693028
 0 0.612758
 0 0.644426
 0 0.739184
 0 0.64877
 0 0.734256
 0 0.650194
 0 0.667348
 0 0.650576
 0 0.648458
 0 0.654536
 0 0.706416
 0 0.629022
 0 0.711554
 0 0.655212
 0 0.683918
 0 0.707836
 0 0.721802
 0 0.593668
 0 0.761544
 0 0.713744
 0 0.667226
 0 0.736002
 0 0.649388
 0 0.64843
 0 0.717478
 0 0.631558
 0 0.681258
 0 0.679378
 0 0.659244
 0 0.71154
 0 0.637534
 0 0.686588
 0 0.625766
 0 0.60551
 0 0.61255
 0 0.60711
 0 0.71397
 0 0.700328
 0 0.665094
 0 0.676348
 0 0.655582
 0 0.719114
 0 0.632158
 0 0.682678
 0 0.612298
 0 0.680324
 0 0.693308
 0 0.761676
 0 0.729272
 0 0.68257
 0 0.659508
 0 0.729366
 0 0.713746
 0 0.72504
 0 0.73101
 0 0.624492
 0 0.60544
 0 0.68315
 0 0.651774
 0 0.70336
 0 0.649252
 0 0.763906
 0 0.68008
 0 0.683316
 0 0.665648
 0 0.633282
 0 0.713902
 0 0.670156
 0 0.65105
 0 0.70721
 0 0.785184
 0 0.60511
 0 0.642198
 0 0.651504
 0 0.708732
 0 0.695412
 0 0.620502
 0 0.632498
 0 0.645986
 0 0.622792
 0 0.624258
 0 0.723926
 0 0.69864
 0 0.655012
 0 0.639798
 0 0.61432
 0 0.603514
 0 0.73395
 0 0.659714
 0 0.718674
 0 0.647936
 0 0.724004
 0 0.671262
 0 0.70847
 0 0.772734
 0 0.660376
 0 0.66258
 0 0.683312
 0 0.577524
 0 0.722318
 0 0.669856
 0 0.722852
 0 0.648506
 0 0.68905
 0 0.678426
 0 0.672528
 0 0.710578
 0 0.674152
 0 0.645034
 0 0.566166
 0 0.684296
 0 0.609628
 0 0.683006
 0 0.70976
 0 0.690616
 0 0.675786
 0 0.751056
 0 0.698384
 0 0.739606
 0 0.6886
 0 0.71904
 0 0.672582
 0 0.678386
 0 0.657344
 0 0.757902
 0 0.713144
 0 0.649648
 0 0.651362
 0 0.6651
 0 0.572214
 0 0.637428
 0 0.648418
 0 0.647976
 0 0.684228
 0 0.694188
 0 0.726826
 0 0.752244
 0 0.748792
 0 0.721936
 0 0.671382
 0 0.748216
 0 0.69637
 0 0.577292
 0 0.632264
 0 0.599426
 0 0.655248
 0 0.674168
 0 0.665704
 0 0.678456
 0 0.7003
 0 0.729956
 0 0.67845
 0 0.647734
 0 0.571178
 0 0.57443
 0 0.733834
 0 0.628718
 0 0.651934
 0 0.69024
 0 0.662544
 0 0.658618
 0 0.657168
 0 0.700046
 0 0.702272
 0 0.631794
 0 0.664108
 0 0.711926
 0 0.659414
 0 0.638838
 0 0.680736
 0 0.68937
 0 0.606344
 0 0.75081
 0 0.750404
 0 0.655376
 0 0.689122
 0 0.740556
 0 0.674496
 0 0.730942
 0 0.618332
 0 0.614976
 0 0.604824
 0 0.646832
 0 0.667114
 0 0.618376
 0 0.640878
 0 0.605416
 0 0.68065
 0 0.693734
 0 0.667406
 0 0.584548
 0 0.663392
 0 0.623692
 0 0.672962
 0 0.599228
 0 0.687938
 0 0.679038
 0 0.701026
 0 0.714404
 0 0.696354
 0 0.607896
 0 0.622446
 0 0.676046
 0 0.638738
 0 0.600882
 0 0.655582
 0 0.63785
 0 0.680102
 0 0.69469
 0 0.71372
 0 0.640098
 0 0.67089
 0 0.716178
 0 0.71437
 0 0.612682
 0 0.73753
 0 0.709892
 0 0.680052
 0 0.704876
 0 0.676164
 0 0.672974
 0 0.700294
 0 0.71661
 0 0.695856
 0 0.697922
 0 0.6984
 0 0.635242
 0 0.690708
 0 0.659328
 0 0.728404
 0 0.661714
 0 0.786442
 0 0.739232
 0 0.714828
 0 0.663056
 0 0.737814
 0 0.645922
 0 0.664804
 0 0.67262
 0 0.717748
 0 0.736662
 0 0.684626
 0 0.720544
 0 0.655456
 0 0.65336
 0 0.709498
 0 0.765114
 0 0.660554
 0 0.726536
 0 0.659794
 0 0.715354
 0 0.73672
 0 0.636592
 0 0.670578
 0 0.593636
 0 0.707486
 0 0.62648
 0 0.633422
 0 0.676012
 0 0.74223
 0 0.72049
 0 0.709144
 0 0.655082
 0 0.665488
 0 0.640842
 0 0.589164
 0 0.59026
 0 0.592112
 0 0.59435
 0 0.744998
 0 0.744844
 0 0.64018
 0 0.65869
 0 0.618732
 0 0.654416
 0 0.738156
 0 0.714468
 0 0.700762
 0 0.627108
 0 0.667684
 0 0.712106
 0 0.70744
 0 0.657024
 0 0.70856
 0 0.685796
 0 0.636116
 0 0.709526
 0 0.783796
 0 0.725126
 0 0.667124
 0 0.644914
 0 0.742396
 0 0.693196
 0 0.60135
 0 0.629868
 0 0.681042
 0 0.66311
 0 0.627008
 0 0.709294
 0 0.65037
 0 0.667122
 0 0.69285
 0 0.668096
 0 0.680916
 0 0.778694
 0 0.698044
 0 0.658684
 0 0.58631
 0 0.735738
 0 0.631004
 0 0.610088
 0 0.6229
 0 0.667844
 0 0.707584
 0 0.73653
 0 0.745296
 0 0.714242
 0 0.756976
 0 0.647278
 0 0.707964
 0 0.708818
 0 0.727572
 0 0.755904
 0 0.7257
 0 0.68194
 0 0.650528
 0 0.72639
 0 0.629128
 0 0.677984
 0 0.64919
 0 0.725708
 0 0.765928
 0 0.66178
 0 0.717646
 0 0.567038
 0 0.690354
 0 0.713348
 0 0.696972
 0 0.723318
 0 0.675172
 0 0.59619
 0 0.575618
 0 0.740558
 0 0.704416
 0 0.612446
 0 0.599606
 0 0.687868
 0 0.690194
 0 0.68444
 0 0.67559
 0 0.623044
 0 0.714406
 0 0.606544
 0 0.595976
 0 0.676658
 0 0.617952
 0 0.772558
 0 0.712498
 0 0.761122
 0 0.71597
 0 0.666012
 0 0.645222
 0 0.6691
 0 0.736372
 0 0.71665
 0 0.669594
 0 0.66238
 0 0.703834
 0 0.73174
 0 0.749194
 0 0.809982
 0 0.69679
 0 0.756944
 0 0.699834
 0 0.593866
 0 0.595952
 0 0.602776
 0 0.718756
 0 0.634208
 0 0.667806
 0 0.637874
 0 0.627154
 0 0.699718
 0 0.70785
 0 0.678844
 0 0.65438
 0 0.671656
 0 0.617898
 0 0.76305
 0 0.788908
 0 0.617432
 0 0.736204
 0 0.617538
 0 0.667622
 0 0.692324
 0 0.709076
 0 0.599736
 0 0.611482
 0 0.732882
 0 0.713636
 0 0.763994
 0 0.64401
 0 0.65305
 0 0.700392
 0 0.730986
 0 0.726452
 0 0.685944
 0 0.643884
 0 0.599016
 0 0.719428
 0 0.646026
 0 0.59769
 0 0.670516
 0 0.791302
 0 0.619406
 0 0.604298
 0 0.63705
 0 0.653626
 0 0.629518
 0 0.70551
 0 0.708736
 0 0.617524
 0 0.64062
 0 0.675458
 0 0.668606
 0 0.646046
 0 0.67609
 0 0.72433
 0 0.75603
 0 0.68801
 0 0.694958
 0 0.728396
 0 0.684326
 0 0.75809
 0 0.69174
 0 0.695316
 0 0.698144
 0 0.747162
 0 0.614728
 0 0.6413
 0 0.672694
 0 0.722762
 0 0.592604
 0 0.798552
 0 0.5843
 0 0.705178
 0 0.612098
 0 0.717522
 0 0.659362
 0 0.636764
 0 0.683958
 0 0.698228
 0 0.681204
