535 1 0 0 1
 0 0.626434
 0 0.755494
 0 0.757906
 0 0.717124
 0 0.81652
 0 0.763428
 0 0.72241
 0 0.658586
 0 0.724686
 0 0.616672
 0 0.723418
 0 0.56956
 0 0.747262
 0 0.819614
 0 0.78287
 0 0.652812
 0 0.99199
 0 0.646306
 0 0.616252
 0 0.69658
 0 0.726072
 0 0.713486
 0 0.747716
 0 0.633336
 0 0.794622
 0 0.76096
 0 0.716568
 0 0.811192
 0 0.82635
 0 0.68651
 0 0.855758
 0 0.74251
 0 0.718668
 0 0.716386
 0 0.716072
 0 0.70474
 0 0.816054
 0 0.831322
 0 0.517594
 0 0.8991
 0 0.769482
 0 0.688242
 0 0.609334
 0 0.694808
 0 0.831332
 0 0.750362
 0 0.787434
 0 0.78197
 0 0.761984
 0 0.691106
 0 0.816078
 0 0.737128
 0 0.642492
 0 0.905134
 0 0.71423
 0 0.681792
 0 0.72913
 0 0.749322
 0 0.779142
 0 0.629306
 0 0.554186
 0 0.588266
 0 0.769456
 0 0.632778
 0 0.850114
 0 0.640288
 0 0.730682
 0 1.03813
 0 0.845216
 0 0.79324
 0 0.738068
 0 0.710598
 0 0.842346
 0 0.688242
 0 0.536148
 0 0.533956
 0 0.68824
 0 0.701164
 0 0.628908
 0 0.946742
 0 0.778904
 0 0.71206
 0 0.630752
 0 0.693424
 0 0.740746
 0 0.578554
 0 0.904618
 0 0.73452
 0 0.65023
 0 0.642562
 0 0.557592
 0 0.915648
 0 0.658082
 0 0.606792
 0 0.855208
 0 0.695132
 0 0.745568
 0 0.831312
 0 0.881534
 0 0.555876
 0 0.78166
 0 0.906724
 0 0.86009
 0 0.91145
 0 0.75748
 0 0.794862
 0 0.718168
 0 0.83481
 0 0.642862
 0 0.668488
 0 0.794942
 0 0.858776
 0 0.86477
 0 0.620194
 0 0.59578
 0 0.590044
 0 0.776214
 0 0.772546
 0 0.937054
 0 0.716894
 0 0.704556
 0 0.762056
 0 0.784192
 0 0.827544
 0 0.745816
 0 0.674772
 0 0.78902
 0 0.551934
 0 0.753782
 0 0.723816
 0 0.838988
 0 0.716006
 0 0.783002
 0 0.982442
 0 0.730668
 0 0.80511
 0 0.805788
 0 0.737676
 0 1.03744
 0 0.511936
 0 0.839732
 0 0.6836
 0 0.854684
 0 0.68445
 0 0.83712
 0 0.756138
 0 0.647242
 0 0.775628
 0 0.85324
 0 0.679528
 0 0.870466
 0 0.785124
 0 0.789942
 0 0.886704
 0 0.655374
 0 0.68338
 0 0.766692
 0 0.653814
 0 0.671136
 0 0.706576
 0 0.730214
 0 0.63409
 0 0.836224
 0 0.81835
 0 0.732468
 0 0.613088
 0 0.68333
 0 0.512862
 0 0.844328
 0 0.662336
 0 0.69814
 0 0.72534
 0 0.79202
 0 0.8448
 0 0.54342
 0 0.655222
 0 0.740076
 0 0.587936
 0 0.67525
 0 0.703782
 0 0.596176
 0 0.87108
 0 0.676862
 0 0.823114
 0 0.68551
 0 0.784422
 0 0.808296
 0 0.784588
 0 0.617416
 0 0.749026
 0 0.91628
 0 0.805394
 0 0.791368
 0 0.843706
 0 0.962178
 0 0.752946
 0 0.779094
 0 0.767156
 0 0.916268
 0 0.679292
 0 0.733448
 0 0.610314
 0 0.574368
 0 0.633186
 0 0.83755
 0 0.609424
 0 0.77358
 0 0.643304
 0 0.618074
 0 0.544964
 0 0.721674
 0 0.702888
 0 0.718146
 0 0.623958
 0 0.78382
 0 0.735714
 0 0.77425
 0 0.872918
 0 0.812438
 0 0.991616
 0 0.871298
 0 0.809796
 0 0.840104
 0 0.83754
 0 0.836034
 0 0.474018
 0 0.659904
 0 0.7372
 0 0.720296
 0 0.790742
 0 0.522872
 0 0.560976
 0 0.721526
 0 0.713064
 0 0.69359
 0 0.637986
 0 0.591016
 0 0.796054
 0 0.615522
 0 0.798182
 0 0.731288
 0 0.44931
 0 0.621732
 0 0.655968
 0 0.603712
 0 0.602056
 0 0.830218
 0 0.839278
 0 0.763414
 0 0.606446
 0 0.726548
 0 0.659632
 0 0.684912
 0 0.730182
 0 0.928128
 0 0.797858
 0 0.741658
 0 0.723076
 0 0.66238
 0 0.921554
 0 0.834428
 0 0.917386
 0 0.722598
 0 0.761938
 0 0.883992
 0 0.834474
 0 0.670544
 0 0.63295
 0 0.824734
 0 0.61219
 0 1.02743
 0 0.529478
 0 0.819402
 0 0.776688
 0 0.905334
 0 0.471246
 0 0.920204
 0 0.686066
 0 0.79646
 0 0.847034
 0 0.88242
 0 0.764318
 0 0.7145
 0 0.620624
 0 0.787252
 0 0.825812
 0 0.56327
 0 0.706288
 0 0.579934
 0 0.650608
 0 0.925168
 0 0.786434
 0 0.633374
 0 0.872172
 0 0.847082
 0 0.887626
 0 0.478658
 0 0.835048
 0 0.840028
 0 0.849588
 0 0.633578
 0 0.688714
 0 0.623262
 0 0.630774
 0 0.965672
 0 0.715842
 0 0.74904
 0 0.866718
 0 0.749154
 0 0.74219
 0 0.819584
 0 0.7588
 0 0.650106
 0 0.793016
 0 0.660832
 0 0.93885
 0 0.646602
 0 0.689604
 0 0.592314
 0 0.904416
 0 0.9711
 0 0.855214
 0 0.81492
 0 0.636334
 0 0.773362
 0 0.781822
 0 0.885804
 0 0.801886
 0 0.745954
 0 0.698084
 0 0.800904
 0 0.862004
 0 0.6849
 0 0.845996
 0 0.803664
 0 0.692176
 0 0.60214
 0 0.775338
 0 0.861108
 0 0.621128
 0 0.615982
 0 0.71518
 0 0.777718
 0 0.879886
 0 0.702034
 0 0.662812
 0 0.808776
 0 0.723296
 0 0.65255
 0 0.4886
 0 0.640352
 0 0.785148
 0 0.804916
 0 1.07078
 0 0.819986
 0 0.69106
 0 0.719072
 0 0.8982
 0 0.904866
 0 0.874992
 0 0.682244
 0 0.792032
 0 0.778364
 0 0.732894
 0 0.596754
 0 0.710582
 0 0.520766
 0 0.725324
 0 0.84454
 0 0.769182
 0 0.741264
 0 0.7855
 0 0.926152
 0 0.794444
 0 0.795358
 0 0.590576
 0 0.608718
 0 0.720728
 0 0.61727
 0 0.706104
 0 0.809188
 0 0.443666
 0 0.714582
 0 0.6337
 0 0.768616
 0 0.694672
 0 0.760228
 0 0.880788
 0 0.909078
 0 0.75808
 0 0.694344
 0 0.857116
 0 0.664606
 0 0.596276
 0 0.531518
 0 0.80541
 0 0.787022
 0 0.743058
 0 0.6331
 0 0.752386
 0 0.899666
 0 0.809954
 0 0.608494
 0 0.83971
 0 0.898572
 0 0.757338
 0 0.701038
 0 0.850106
 0 0.791756
 0 0.794386
 0 0.677096
 0 0.61131
 0 0.779976
 0 0.611208
 0 0.706134
 0 0.834492
 0 0.806284
 0 0.585226
 0 0.6694
 0 0.87945
 0 0.731256
 0 0.647252
 0 0.613346
 0 0.670184
 0 0.76245
 0 0.520438
 0 0.634586
 0 0.476552
 0 0.880238
 0 0.686538
 0 0.821326
 0 0.667762
 0 0.547836
 0 0.807502
 0 0.771584
 0 0.724328
 0 0.57974
 0 0.90984
 0 0.890952
 0 0.965712
 0 0.689464
 0 0.75702
 0 0.808142
 0 0.614078
 0 0.819662
 0 0.65805
 0 0.78045
 0 0.845848
 0 0.743794
 0 0.887564
 0 0.545674
 0 0.773346
 0 0.658172
 0 0.759654
 0 0.703618
 0 0.686184
 0 0.6901
 0 0.77245
 0 0.670994
 0 0.754634
 0 0.57399
 0 0.774448
 0 0.825602
 0 0.661706
 0 0.89034
 0 0.755098
 0 0.994926
 0 0.705334
 0 0.677028
 0 0.74108
 0 0.760416
 0 0.91399
 0 0.549464
 0 0.97985
 0 0.816286
 0 0.661832
 0 0.767348
 0 0.783312
 0 0.603826
 0 0.62993
 0 0.76334
 0 0.900526
 0 0.90862
 0 0.65534
 0 0.590736
 0 0.778442
 0 0.621022
 0 0.85731
 0 0.679166
 0 0.84292
 0 0.744322
 0 0.813356
 0 0.978964
 0 0.717136
 0 0.800924
 0 0.656416
 0 0.80266
 0 0.736092
 0 0.574014
 0 0.540356
 0 0.784308
 0 0.796058
 0 0.718266
 0 0.945218
 0 0.623944
 0 0.651152
 0 0.78309
 0 0.544644
 0 0.710662
 0 0.736936
 0 1.04701
 0 0.690718
 0 0.672104
 0 0.800424
 0 0.76493
 0 0.66241
 0 0.789052
 0 0.8823
 0 0.74996
 0 0.707864
 0 0.727386
 0 0.78186
 0 0.731696
 0 0.848054
 0 0.73327
 0 0.842724
 0 0.672954
 0 0.839712
 0 0.648438
 0 0.73674
 0 0.644628
 0 0.573524
 0 0.756166
 0 0.518466
 0 0.765896
