535 1 0 0 1
 0 0.869486
 0 0.649376
 0 0.733996
 0 0.78968
 0 0.98687
 0 0.731892
 0 0.755018
 0 0.74314
 0 0.641992
 0 0.546452
 0 0.605098
 0 0.772128
 0 0.77152
 0 0.625486
 0 0.836606
 0 0.64906
 0 0.727778
 0 0.645594
 0 0.856548
 0 0.62537
 0 0.641322
 0 0.671466
 0 0.635302
 0 0.664296
 0 0.541592
 0 0.797586
 0 0.674628
 0 0.685242
 0 0.910508
 0 0.774558
 0 0.803658
 0 0.600882
 0 0.771792
 0 0.944078
 0 0.670124
 0 0.582042
 0 0.807164
 0 0.7789
 0 0.679836
 0 0.744462
 0 0.677944
 0 0.677724
 0 0.693804
 0 0.699222
 0 0.539072
 0 0.845612
 0 0.695878
 0 0.718702
 0 0.707728
 0 0.709174
 0 0.69251
 0 0.774308
 0 0.72428
 0 0.845942
 0 0.679124
 0 0.5356
 0 0.804034
 0 0.70769
 0 0.631136
 0 0.62915
 0 0.695266
 0 0.641406
 0 0.59555
 0 0.752824
 0 0.69264
 0 0.699006
 0 0.674792
 0 0.586378
 0 0.63823
 0 0.784006
 0 0.697424
 0 0.793274
 0 0.689534
 0 0.612364
 0 0.683138
 0 0.886338
 0 0.906638
 0 0.857044
 0 0.692456
 0 0.66991
 0 0.531872
 0 0.779832
 0 0.747866
 0 0.613902
 0 0.720856
 0 0.702492
 0 0.842186
 0 0.737932
 0 0.68586
 0 0.659064
 0 0.617552
 0 0.801378
 0 0.612102
 0 0.598134
 0 0.609642
 0 0.79618
 0 0.71188
 0 0.746316
 0 0.686114
 0 0.718134
 0 0.861698
 0 0.690482
 0 0.714422
 0 0.908766
 0 0.76329
 0 0.722814
 0 0.841736
 0 0.645654
 0 0.542898
 0 0.797212
 0 0.58038
 0 0.52006
 0 0.859542
 0 0.686002
 0 0.631246
 0 0.646044
 0 0.611062
 0 0.781508
 0 0.635744
 0 0.664478
 0 0.839082
 0 0.880588
 0 0.53983
 0 0.869474
 0 0.77463
 0 0.67881
 0 0.699494
 0 0.834614
 0 0.856302
 0 0.714278
 0 0.984294
 0 0.804218
 0 0.838602
 0 0.79169
 0 0.920198
 0 0.802728
 0 0.685646
 0 0.65033
 0 0.612106
 0 0.563382
 0 0.643574
 0 0.65759
 0 0.648942
 0 0.572106
 0 0.696032
 0 0.778186
 0 0.695838
 0 0.689978
 0 0.625802
 0 0.919272
 0 0.730202
 0 0.688144
 0 0.66706
 0 0.672116
 0 0.783508
 0 0.714578
 0 0.786124
 0 0.752862
 0 0.771838
 0 0.829868
 0 0.81321
 0 0.5985
 0 0.70858
 0 0.836966
 0 0.718134
 0 0.685466
 0 0.580026
 0 0.679678
 0 0.818274
 0 0.763004
 0 0.779546
 0 0.704974
 0 0.54549
 0 0.797758
 0 0.762016
 0 0.739368
 0 0.673202
 0 0.64176
 0 0.62961
 0 0.77028
 0 0.580872
 0 0.810308
 0 0.799662
 0 0.75982
 0 0.791338
 0 0.748516
 0 0.577676
 0 0.654266
 0 0.628588
 0 0.731736
 0 0.919866
 0 0.773694
 0 0.841302
 0 0.646426
 0 0.679364
 0 0.691884
 0 0.749482
 0 0.817434
 0 0.633276
 0 0.78953
 0 0.684704
 0 0.737792
 0 0.681736
 0 0.662214
 0 0.481056
 0 0.602718
 0 0.74366
 0 0.763956
 0 0.654888
 0 0.657612
 0 0.61911
 0 0.769514
 0 0.608532
 0 0.703918
 0 0.933872
 0 0.744566
 0 0.805502
 0 0.751926
 0 0.70759
 0 0.91263
 0 0.8085
 0 0.800202
 0 0.741054
 0 0.69121
 0 0.71941
 0 0.663728
 0 0.657582
 0 0.804886
 0 0.59152
 0 0.782556
 0 0.693042
 0 0.669012
 0 0.62524
 0 0.708978
 0 0.63586
 0 0.590552
 0 0.670458
 0 0.71991
 0 0.524952
 0 0.66659
 0 0.568252
 0 0.727722
 0 0.753062
 0 0.550178
 0 0.649846
 0 0.706292
 0 0.580064
 0 0.637982
 0 0.78899
 0 0.717076
 0 0.716566
 0 0.753402
 0 0.727612
 0 0.745806
 0 0.733842
 0 0.819938
 0 0.669728
 0 0.76728
 0 0.825958
 0 0.515806
 0 0.661296
 0 0.670014
 0 0.627342
 0 0.635244
 0 0.512256
 0 0.737836
 0 0.801606
 0 0.644002
 0 0.629922
 0 0.7601
 0 0.836264
 0 0.668114
 0 0.604524
 0 0.741282
 0 0.653652
 0 0.84918
 0 0.723308
 0 0.6238
 0 0.685002
 0 0.766406
 0 0.93754
 0 0.69849
 0 0.68801
 0 0.662082
 0 0.79733
 0 0.699594
 0 0.599688
 0 0.799354
 0 0.657936
 0 0.877012
 0 0.739736
 0 0.81169
 0 0.76062
 0 0.652252
 0 0.855106
 0 0.61586
 0 0.758826
 0 0.74988
 0 0.718732
 0 0.778908
 0 0.728652
 0 0.603764
 0 0.717376
 0 0.59688
 0 0.701502
 0 0.790636
 0 0.620468
 0 0.794446
 0 0.697702
 0 0.710988
 0 0.7558
 0 0.616628
 0 0.680894
 0 0.64176
 0 0.852892
 0 0.858436
 0 0.72782
 0 0.693722
 0 0.862276
 0 0.520668
 0 0.744988
 0 0.772348
 0 0.712312
 0 0.717934
 0 0.47548
 0 0.804884
 0 0.773326
 0 0.80761
 0 0.631216
 0 0.735764
 0 0.81797
 0 0.617748
 0 0.678592
 0 0.684632
 0 0.775742
 0 0.665242
 0 0.797628
 0 0.780296
 0 0.885492
 0 0.632002
 0 0.857062
 0 0.812046
 0 0.794744
 0 0.742162
 0 0.599096
 0 0.562044
 0 0.672332
 0 0.844826
 0 0.539318
 0 0.641328
 0 0.539096
 0 0.615526
 0 0.596362
 0 0.761522
 0 0.711704
 0 0.7376
 0 0.759776
 0 0.605734
 0 0.631758
 0 0.56809
 0 0.740112
 0 0.657722
 0 0.785542
 0 0.748636
 0 0.849672
 0 0.58084
 0 0.969546
 0 0.907078
 0 0.73992
 0 0.82564
 0 0.665606
 0 0.707394
 0 0.83304
 0 0.651642
 0 0.79419
 0 0.590002
 0 0.702104
 0 0.795694
 0 0.749124
 0 0.761274
 0 0.55584
 0 0.65155
 0 0.624788
 0 0.705006
 0 0.503792
 0 0.66292
 0 0.655008
 0 0.775654
 0 0.795516
 0 0.752518
 0 0.734534
 0 0.619944
 0 0.640372
 0 0.777368
 0 0.725526
 0 0.572682
 0 0.65253
 0 0.751732
 0 0.727422
 0 0.6029
 0 0.675176
 0 0.772088
 0 0.66011
 0 0.781942
 0 0.717328
 0 0.556266
 0 0.697832
 0 0.883934
 0 0.830702
 0 0.720636
 0 0.74676
 0 0.628926
 0 0.707864
 0 0.585924
 0 0.859212
 0 0.764516
 0 0.782672
 0 0.853566
 0 0.565034
 0 0.629144
 0 0.758356
 0 0.661706
 0 0.474748
 0 0.555808
 0 0.772946
 0 0.644132
 0 0.615898
 0 0.537068
 0 0.733478
 0 0.719846
 0 0.781822
 0 0.576038
 0 0.57249
 0 0.880372
 0 0.617494
 0 0.754314
 0 0.710032
 0 0.64328
 0 0.744246
 0 0.671898
 0 0.911906
 0 0.668042
 0 0.767372
 0 0.668774
 0 0.659656
 0 0.672098
 0 0.749362
 0 0.857086
 0 0.660884
 0 0.8571
 0 0.857854
 0 0.835528
 0 0.908026
 0 0.693764
 0 0.958978
 0 0.788322
 0 0.765456
 0 0.620018
 0 0.607648
 0 0.680452
 0 0.654782
 0 0.804254
 0 0.731898
 0 0.693158
 0 0.803286
 0 0.809712
 0 0.792752
 0 0.825886
 0 0.714348
 0 0.711998
 0 0.729366
 0 0.864988
 0 0.716578
 0 0.820584
 0 0.735134
 0 0.851538
 0 0.73023
 0 0.679788
 0 0.624148
 0 0.630944
 0 0.700046
 0 0.818392
 0 0.66686
 0 0.657878
 0 0.750672
 0 0.87022
 0 0.927836
 0 0.735312
 0 0.71968
 0 0.614746
 0 0.689824
 0 0.548654
 0 0.806958
 0 0.709438
 0 0.864826
 0 0.741924
 0 0.703026
 0 0.71369
 0 0.772374
 0 0.702086
 0 0.616542
 0 0.725658
 0 0.778802
 0 0.771584
 0 0.72124
 0 0.735236
 0 0.744706
 0 0.849526
 0 0.876012
 0 0.765606
 0 0.72173
 0 0.612936
 0 0.66076
 0 0.70819
 0 0.604428
 0 0.746704
 0 0.75642
 0 0.783896
 0 0.697126
 0 0.675484
 0 0.634052
 0 0.611754
 0 0.715402
 0 0.783718
 0 0.628482
 0 0.786802
 0 0.632528
 0 0.766106
 0 0.856744
 0 0.827032
 0 0.688068
 0 0.745838
 0 0.785472
 0 0.691
 0 0.630846
