535 1 0 0 1
 0 0.434743
 0 0.324688
 0 0.366998
 0 0.39484
 0 0.493435
 0 0.365946
 0 0.377509
 0 0.37157
 0 0.320996
 0 0.273226
 0 0.302549
 0 0.386064
 0 0.38576
 0 0.312743
 0 0.418303
 0 0.32453
 0 0.363889
 0 0.322797
 0 0.428274
 0 0.312685
 0 0.320661
 0 0.335733
 0 0.317651
 0 0.332148
 0 0.270796
 0 0.398793
 0 0.337314
 0 0.342621
 0 0.455254
 0 0.387279
 0 0.401829
 0 0.300441
 0 0.385896
 0 0.472039
 0 0.335062
 0 0.291021
 0 0.403582
 0 0.38945
 0 0.339918
 0 0.372231
 0 0.338972
 0 0.338862
 0 0.346902
 0 0.349611
 0 0.269536
 0 0.422806
 0 0.347939
 0 0.359351
 0 0.353864
 0 0.354587
 0 0.346255
 0 0.387154
 0 0.36214
 0 0.422971
 0 0.339562
 0 0.2678
 0 0.402017
 0 0.353845
 0 0.315568
 0 0.314575
 0 0.347633
 0 0.320703
 0 0.297775
 0 0.376412
 0 0.34632
 0 0.349503
 0 0.337396
 0 0.293189
 0 0.319115
 0 0.392003
 0 0.348712
 0 0.396637
 0 0.344767
 0 0.306182
 0 0.341569
 0 0.443169
 0 0.453319
 0 0.428522
 0 0.346228
 0 0.334955
 0 0.265936
 0 0.389916
 0 0.373933
 0 0.306951
 0 0.360428
 0 0.351246
 0 0.421093
 0 0.368966
 0 0.34293
 0 0.329532
 0 0.308776
 0 0.400689
 0 0.306051
 0 0.299067
 0 0.304821
 0 0.39809
 0 0.35594
 0 0.373158
 0 0.343057
 0 0.359067
 0 0.430849
 0 0.345241
 0 0.357211
 0 0.454383
 0 0.381645
 0 0.361407
 0 0.420868
 0 0.322827
 0 0.271449
 0 0.398606
 0 0.29019
 0 0.26003
 0 0.429771
 0 0.343001
 0 0.315623
 0 0.323022
 0 0.305531
 0 0.390754
 0 0.317872
 0 0.332239
 0 0.419541
 0 0.440294
 0 0.269915
 0 0.434737
 0 0.387315
 0 0.339405
 0 0.349747
 0 0.417307
 0 0.428151
 0 0.357139
 0 0.492147
 0 0.402109
 0 0.419301
 0 0.395845
 0 0.460099
 0 0.401364
 0 0.342823
 0 0.325165
 0 0.306053
 0 0.281691
 0 0.321787
 0 0.328795
 0 0.324471
 0 0.286053
 0 0.348016
 0 0.389093
 0 0.347919
 0 0.344989
 0 0.312901
 0 0.459636
 0 0.365101
 0 0.344072
 0 0.33353
 0 0.336058
 0 0.391754
 0 0.357289
 0 0.393062
 0 0.376431
 0 0.385919
 0 0.414934
 0 0.406605
 0 0.29925
 0 0.35429
 0 0.418483
 0 0.359067
 0 0.342733
 0 0.290013
 0 0.339839
 0 0.409137
 0 0.381502
 0 0.389773
 0 0.352487
 0 0.272745
 0 0.398879
 0 0.381008
 0 0.369684
 0 0.336601
 0 0.32088
 0 0.314805
 0 0.38514
 0 0.290436
 0 0.405154
 0 0.399831
 0 0.37991
 0 0.395669
 0 0.374258
 0 0.288838
 0 0.327133
 0 0.314294
 0 0.365868
 0 0.459933
 0 0.386847
 0 0.420651
 0 0.323213
 0 0.339682
 0 0.345942
 0 0.374741
 0 0.408717
 0 0.316638
 0 0.394765
 0 0.342352
 0 0.368896
 0 0.340868
 0 0.331107
 0 0.240528
 0 0.301359
 0 0.37183
 0 0.381978
 0 0.327444
 0 0.328806
 0 0.309555
 0 0.384757
 0 0.304266
 0 0.351959
 0 0.466936
 0 0.372283
 0 0.402751
 0 0.375963
 0 0.353795
 0 0.456315
 0 0.40425
 0 0.400101
 0 0.370527
 0 0.345605
 0 0.359705
 0 0.331864
 0 0.328791
 0 0.402443
 0 0.29576
 0 0.391278
 0 0.346521
 0 0.334506
 0 0.31262
 0 0.354489
 0 0.31793
 0 0.295276
 0 0.335229
 0 0.359955
 0 0.262476
 0 0.333295
 0 0.284126
 0 0.363861
 0 0.376531
 0 0.275089
 0 0.324923
 0 0.353146
 0 0.290032
 0 0.318991
 0 0.394495
 0 0.358538
 0 0.358283
 0 0.376701
 0 0.363806
 0 0.372903
 0 0.366921
 0 0.409969
 0 0.334864
 0 0.38364
 0 0.412979
 0 0.257903
 0 0.330648
 0 0.335007
 0 0.313671
 0 0.317622
 0 0.256128
 0 0.368918
 0 0.400803
 0 0.322001
 0 0.314961
 0 0.38005
 0 0.418132
 0 0.334057
 0 0.302262
 0 0.370641
 0 0.326826
 0 0.42459
 0 0.361654
 0 0.3119
 0 0.342501
 0 0.383203
 0 0.46877
 0 0.349245
 0 0.344005
 0 0.331041
 0 0.398665
 0 0.349797
 0 0.299844
 0 0.399677
 0 0.328968
 0 0.438506
 0 0.369868
 0 0.405845
 0 0.38031
 0 0.326126
 0 0.427553
 0 0.30793
 0 0.379413
 0 0.37494
 0 0.359366
 0 0.389454
 0 0.364326
 0 0.301882
 0 0.358688
 0 0.29844
 0 0.350751
 0 0.395318
 0 0.310234
 0 0.397223
 0 0.348851
 0 0.355494
 0 0.3779
 0 0.308314
 0 0.340447
 0 0.32088
 0 0.426446
 0 0.429218
 0 0.36391
 0 0.346861
 0 0.431138
 0 0.260334
 0 0.372494
 0 0.386174
 0 0.356156
 0 0.358967
 0 0.23774
 0 0.402442
 0 0.386663
 0 0.403805
 0 0.315608
 0 0.367882
 0 0.408985
 0 0.308874
 0 0.339296
 0 0.342316
 0 0.387871
 0 0.332621
 0 0.398814
 0 0.390148
 0 0.442746
 0 0.316001
 0 0.428531
 0 0.406023
 0 0.397372
 0 0.371081
 0 0.299548
 0 0.281022
 0 0.336166
 0 0.422413
 0 0.269659
 0 0.320664
 0 0.269548
 0 0.307763
 0 0.298181
 0 0.380761
 0 0.355852
 0 0.3688
 0 0.379888
 0 0.302867
 0 0.315879
 0 0.284045
 0 0.370056
 0 0.328861
 0 0.392771
 0 0.374318
 0 0.424836
 0 0.29042
 0 0.484773
 0 0.453539
 0 0.36996
 0 0.41282
 0 0.332803
 0 0.353697
 0 0.41652
 0 0.325821
 0 0.397095
 0 0.295001
 0 0.351052
 0 0.397847
 0 0.374562
 0 0.380637
 0 0.27792
 0 0.325775
 0 0.312394
 0 0.352503
 0 0.251896
 0 0.33146
 0 0.327504
 0 0.387827
 0 0.397758
 0 0.376259
 0 0.367267
 0 0.309972
 0 0.320186
 0 0.388684
 0 0.362763
 0 0.286341
 0 0.326265
 0 0.375866
 0 0.363711
 0 0.30145
 0 0.337588
 0 0.386044
 0 0.330055
 0 0.390971
 0 0.358664
 0 0.278133
 0 0.348916
 0 0.441967
 0 0.415351
 0 0.360318
 0 0.37338
 0 0.314463
 0 0.353932
 0 0.292962
 0 0.429606
 0 0.382258
 0 0.391336
 0 0.426783
 0 0.282517
 0 0.314572
 0 0.379178
 0 0.330853
 0 0.237374
 0 0.277904
 0 0.386473
 0 0.322066
 0 0.307949
 0 0.268534
 0 0.366739
 0 0.359923
 0 0.390911
 0 0.288019
 0 0.286245
 0 0.440186
 0 0.308747
 0 0.377157
 0 0.355016
 0 0.32164
 0 0.372123
 0 0.335949
 0 0.455953
 0 0.334021
 0 0.383686
 0 0.334387
 0 0.329828
 0 0.336049
 0 0.374681
 0 0.428543
 0 0.330442
 0 0.42855
 0 0.428927
 0 0.417764
 0 0.454013
 0 0.346882
 0 0.479489
 0 0.394161
 0 0.382728
 0 0.310009
 0 0.303824
 0 0.340226
 0 0.327391
 0 0.402127
 0 0.365949
 0 0.346579
 0 0.401643
 0 0.404856
 0 0.396376
 0 0.412943
 0 0.357174
 0 0.355999
 0 0.364683
 0 0.432494
 0 0.358289
 0 0.410292
 0 0.367567
 0 0.425769
 0 0.365115
 0 0.339894
 0 0.312074
 0 0.315472
 0 0.350023
 0 0.409196
 0 0.33343
 0 0.328939
 0 0.375336
 0 0.43511
 0 0.463918
 0 0.367656
 0 0.35984
 0 0.307373
 0 0.344912
 0 0.274327
 0 0.403479
 0 0.354719
 0 0.432413
 0 0.370962
 0 0.351513
 0 0.356845
 0 0.386187
 0 0.351043
 0 0.308271
 0 0.362829
 0 0.389401
 0 0.385792
 0 0.36062
 0 0.367618
 0 0.372353
 0 0.424763
 0 0.438006
 0 0.382803
 0 0.360865
 0 0.306468
 0 0.33038
 0 0.354095
 0 0.302214
 0 0.373352
 0 0.37821
 0 0.391948
 0 0.348563
 0 0.337742
 0 0.317026
 0 0.305877
 0 0.357701
 0 0.391859
 0 0.314241
 0 0.393401
 0 0.316264
 0 0.383053
 0 0.428372
 0 0.413516
 0 0.344034
 0 0.372919
 0 0.392736
 0 0.3455
 0 0.315423
