535 1 0 0 1
 0 0.313217
 0 0.377747
 0 0.378953
 0 0.358562
 0 0.40826
 0 0.381714
 0 0.361205
 0 0.329293
 0 0.362343
 0 0.308336
 0 0.361709
 0 0.28478
 0 0.373631
 0 0.409807
 0 0.391435
 0 0.326406
 0 0.495995
 0 0.323153
 0 0.308126
 0 0.34829
 0 0.363036
 0 0.356743
 0 0.373858
 0 0.316668
 0 0.397311
 0 0.38048
 0 0.358284
 0 0.405596
 0 0.413175
 0 0.343255
 0 0.427879
 0 0.371255
 0 0.359334
 0 0.358193
 0 0.358036
 0 0.35237
 0 0.408027
 0 0.415661
 0 0.258797
 0 0.44955
 0 0.384741
 0 0.344121
 0 0.304667
 0 0.347404
 0 0.415666
 0 0.375181
 0 0.393717
 0 0.390985
 0 0.380992
 0 0.345553
 0 0.408039
 0 0.368564
 0 0.321246
 0 0.452567
 0 0.357115
 0 0.340896
 0 0.364565
 0 0.374661
 0 0.389571
 0 0.314653
 0 0.277093
 0 0.294133
 0 0.384728
 0 0.316389
 0 0.425057
 0 0.320144
 0 0.365341
 0 0.519067
 0 0.422608
 0 0.39662
 0 0.369034
 0 0.355299
 0 0.421173
 0 0.344121
 0 0.268074
 0 0.266978
 0 0.34412
 0 0.350582
 0 0.314454
 0 0.473371
 0 0.389452
 0 0.35603
 0 0.315376
 0 0.346712
 0 0.370373
 0 0.289277
 0 0.452309
 0 0.36726
 0 0.325115
 0 0.321281
 0 0.278796
 0 0.457824
 0 0.329041
 0 0.303396
 0 0.427604
 0 0.347566
 0 0.372784
 0 0.415656
 0 0.440767
 0 0.277938
 0 0.39083
 0 0.453362
 0 0.430045
 0 0.455725
 0 0.37874
 0 0.397431
 0 0.359084
 0 0.417405
 0 0.321431
 0 0.334244
 0 0.397471
 0 0.429388
 0 0.432385
 0 0.310097
 0 0.29789
 0 0.295022
 0 0.388107
 0 0.386273
 0 0.468527
 0 0.358447
 0 0.352278
 0 0.381028
 0 0.392096
 0 0.413772
 0 0.372908
 0 0.337386
 0 0.39451
 0 0.275967
 0 0.376891
 0 0.361908
 0 0.419494
 0 0.358003
 0 0.391501
 0 0.491221
 0 0.365334
 0 0.402555
 0 0.402894
 0 0.368838
 0 0.518718
 0 0.255968
 0 0.419866
 0 0.3418
 0 0.427342
 0 0.342225
 0 0.41856
 0 0.378069
 0 0.323621
 0 0.387814
 0 0.42662
 0 0.339764
 0 0.435233
 0 0.392562
 0 0.394971
 0 0.443352
 0 0.327687
 0 0.34169
 0 0.383346
 0 0.326907
 0 0.335568
 0 0.353288
 0 0.365107
 0 0.317045
 0 0.418112
 0 0.409175
 0 0.366234
 0 0.306544
 0 0.341665
 0 0.256431
 0 0.422164
 0 0.331168
 0 0.34907
 0 0.36267
 0 0.39601
 0 0.4224
 0 0.27171
 0 0.327611
 0 0.370038
 0 0.293968
 0 0.337625
 0 0.351891
 0 0.298088
 0 0.43554
 0 0.338431
 0 0.411557
 0 0.342755
 0 0.392211
 0 0.404148
 0 0.392294
 0 0.308708
 0 0.374513
 0 0.45814
 0 0.402697
 0 0.395684
 0 0.421853
 0 0.481089
 0 0.376473
 0 0.389547
 0 0.383578
 0 0.458134
 0 0.339646
 0 0.366724
 0 0.305157
 0 0.287184
 0 0.316593
 0 0.418775
 0 0.304712
 0 0.38679
 0 0.321652
 0 0.309037
 0 0.272482
 0 0.360837
 0 0.351444
 0 0.359073
 0 0.311979
 0 0.39191
 0 0.367857
 0 0.387125
 0 0.436459
 0 0.406219
 0 0.495808
 0 0.435649
 0 0.404898
 0 0.420052
 0 0.41877
 0 0.418017
 0 0.237009
 0 0.329952
 0 0.3686
 0 0.360148
 0 0.395371
 0 0.261436
 0 0.280488
 0 0.360763
 0 0.356532
 0 0.346795
 0 0.318993
 0 0.295508
 0 0.398027
 0 0.307761
 0 0.399091
 0 0.365644
 0 0.224655
 0 0.310866
 0 0.327984
 0 0.301856
 0 0.301028
 0 0.415109
 0 0.419639
 0 0.381707
 0 0.303223
 0 0.363274
 0 0.329816
 0 0.342456
 0 0.365091
 0 0.464064
 0 0.398929
 0 0.370829
 0 0.361538
 0 0.33119
 0 0.460777
 0 0.417214
 0 0.458693
 0 0.361299
 0 0.380969
 0 0.441996
 0 0.417237
 0 0.335272
 0 0.316475
 0 0.412367
 0 0.306095
 0 0.513714
 0 0.264739
 0 0.409701
 0 0.388344
 0 0.452667
 0 0.235623
 0 0.460102
 0 0.343033
 0 0.39823
 0 0.423517
 0 0.44121
 0 0.382159
 0 0.35725
 0 0.310312
 0 0.393626
 0 0.412906
 0 0.281635
 0 0.353144
 0 0.289967
 0 0.325304
 0 0.462584
 0 0.393217
 0 0.316687
 0 0.436086
 0 0.423541
 0 0.443813
 0 0.239329
 0 0.417524
 0 0.420014
 0 0.424794
 0 0.316789
 0 0.344357
 0 0.311631
 0 0.315387
 0 0.482836
 0 0.357921
 0 0.37452
 0 0.433359
 0 0.374577
 0 0.371095
 0 0.409792
 0 0.3794
 0 0.325053
 0 0.396508
 0 0.330416
 0 0.469425
 0 0.323301
 0 0.344802
 0 0.296157
 0 0.452208
 0 0.48555
 0 0.427607
 0 0.40746
 0 0.318167
 0 0.386681
 0 0.390911
 0 0.442902
 0 0.400943
 0 0.372977
 0 0.349042
 0 0.400452
 0 0.431002
 0 0.34245
 0 0.422998
 0 0.401832
 0 0.346088
 0 0.30107
 0 0.387669
 0 0.430554
 0 0.310564
 0 0.307991
 0 0.35759
 0 0.388859
 0 0.439943
 0 0.351017
 0 0.331406
 0 0.404388
 0 0.361648
 0 0.326275
 0 0.2443
 0 0.320176
 0 0.392574
 0 0.402458
 0 0.535388
 0 0.409993
 0 0.34553
 0 0.359536
 0 0.4491
 0 0.452433
 0 0.437496
 0 0.341122
 0 0.396016
 0 0.389182
 0 0.366447
 0 0.298377
 0 0.355291
 0 0.260383
 0 0.362662
 0 0.42227
 0 0.384591
 0 0.370632
 0 0.39275
 0 0.463076
 0 0.397222
 0 0.397679
 0 0.295288
 0 0.304359
 0 0.360364
 0 0.308635
 0 0.353052
 0 0.404594
 0 0.221833
 0 0.357291
 0 0.31685
 0 0.384308
 0 0.347336
 0 0.380114
 0 0.440394
 0 0.454539
 0 0.37904
 0 0.347172
 0 0.428558
 0 0.332303
 0 0.298138
 0 0.265759
 0 0.402705
 0 0.393511
 0 0.371529
 0 0.31655
 0 0.376193
 0 0.449833
 0 0.404977
 0 0.304247
 0 0.419855
 0 0.449286
 0 0.378669
 0 0.350519
 0 0.425053
 0 0.395878
 0 0.397193
 0 0.338548
 0 0.305655
 0 0.389988
 0 0.305604
 0 0.353067
 0 0.417246
 0 0.403142
 0 0.292613
 0 0.3347
 0 0.439725
 0 0.365628
 0 0.323626
 0 0.306673
 0 0.335092
 0 0.381225
 0 0.260219
 0 0.317293
 0 0.238276
 0 0.440119
 0 0.343269
 0 0.410663
 0 0.333881
 0 0.273918
 0 0.403751
 0 0.385792
 0 0.362164
 0 0.28987
 0 0.45492
 0 0.445476
 0 0.482856
 0 0.344732
 0 0.37851
 0 0.404071
 0 0.307039
 0 0.409831
 0 0.329025
 0 0.390225
 0 0.422924
 0 0.371897
 0 0.443782
 0 0.272837
 0 0.386673
 0 0.329086
 0 0.379827
 0 0.351809
 0 0.343092
 0 0.34505
 0 0.386225
 0 0.335497
 0 0.377317
 0 0.286995
 0 0.387224
 0 0.412801
 0 0.330853
 0 0.44517
 0 0.377549
 0 0.497463
 0 0.352667
 0 0.338514
 0 0.37054
 0 0.380208
 0 0.456995
 0 0.274732
 0 0.489925
 0 0.408143
 0 0.330916
 0 0.383674
 0 0.391656
 0 0.301913
 0 0.314965
 0 0.38167
 0 0.450263
 0 0.45431
 0 0.32767
 0 0.295368
 0 0.389221
 0 0.310511
 0 0.428655
 0 0.339583
 0 0.42146
 0 0.372161
 0 0.406678
 0 0.489482
 0 0.358568
 0 0.400462
 0 0.328208
 0 0.40133
 0 0.368046
 0 0.287007
 0 0.270178
 0 0.392154
 0 0.398029
 0 0.359133
 0 0.472609
 0 0.311972
 0 0.325576
 0 0.391545
 0 0.272322
 0 0.355331
 0 0.368468
 0 0.523505
 0 0.345359
 0 0.336052
 0 0.400212
 0 0.382465
 0 0.331205
 0 0.394526
 0 0.44115
 0 0.37498
 0 0.353932
 0 0.363693
 0 0.39093
 0 0.365848
 0 0.424027
 0 0.366635
 0 0.421362
 0 0.336477
 0 0.419856
 0 0.324219
 0 0.36837
 0 0.322314
 0 0.286762
 0 0.378083
 0 0.259233
 0 0.382948
