535 1 0 0 1
 0 0.334153
 0 0.251475
 0 0.296978
 0 0.310315
 0 0.296801
 0 0.276354
 0 0.331355
 0 0.283394
 0 0.244537
 0 0.260882
 0 0.313559
 0 0.267796
 0 0.299343
 0 0.298862
 0 0.312714
 0 0.296413
 0 0.317821
 0 0.310999
 0 0.352682
 0 0.280875
 0 0.301397
 0 0.308607
 0 0.286923
 0 0.263262
 0 0.283053
 0 0.305935
 0 0.333446
 0 0.355686
 0 0.321745
 0 0.318559
 0 0.302466
 0 0.27932
 0 0.306426
 0 0.253619
 0 0.281984
 0 0.340628
 0 0.314646
 0 0.308586
 0 0.285541
 0 0.297
 0 0.249708
 0 0.284243
 0 0.293751
 0 0.310831
 0 0.351169
 0 0.245135
 0 0.357449
 0 0.306268
 0 0.292721
 0 0.35471
 0 0.278217
 0 0.299334
 0 0.297113
 0 0.334037
 0 0.279848
 0 0.268485
 0 0.270663
 0 0.244431
 0 0.267374
 0 0.268879
 0 0.297195
 0 0.258714
 0 0.309474
 0 0.327697
 0 0.249148
 0 0.280888
 0 0.271386
 0 0.296611
 0 0.312579
 0 0.283518
 0 0.294496
 0 0.297146
 0 0.297782
 0 0.261508
 0 0.243687
 0 0.284861
 0 0.282098
 0 0.272355
 0 0.264695
 0 0.242582
 0 0.284848
 0 0.246493
 0 0.268489
 0 0.278689
 0 0.320382
 0 0.264118
 0 0.299692
 0 0.270391
 0 0.28192
 0 0.297287
 0 0.284234
 0 0.271502
 0 0.347442
 0 0.296817
 0 0.321421
 0 0.27119
 0 0.276013
 0 0.353427
 0 0.354053
 0 0.295238
 0 0.256112
 0 0.302971
 0 0.308778
 0 0.314798
 0 0.310785
 0 0.303138
 0 0.288889
 0 0.285555
 0 0.305894
 0 0.276686
 0 0.266245
 0 0.342508
 0 0.319124
 0 0.28635
 0 0.267614
 0 0.314765
 0 0.268182
 0 0.297321
 0 0.314303
 0 0.305322
 0 0.261176
 0 0.308624
 0 0.31266
 0 0.29803
 0 0.282148
 0 0.283755
 0 0.257138
 0 0.298776
 0 0.311339
 0 0.353632
 0 0.353745
 0 0.291152
 0 0.313546
 0 0.319195
 0 0.256602
 0 0.333308
 0 0.285495
 0 0.259549
 0 0.271176
 0 0.291676
 0 0.287674
 0 0.282144
 0 0.258143
 0 0.299781
 0 0.285858
 0 0.287562
 0 0.250364
 0 0.294494
 0 0.291596
 0 0.320272
 0 0.283971
 0 0.318317
 0 0.299118
 0 0.316309
 0 0.306751
 0 0.330966
 0 0.282567
 0 0.31297
 0 0.289942
 0 0.315078
 0 0.290214
 0 0.247718
 0 0.269441
 0 0.279644
 0 0.303419
 0 0.246752
 0 0.216499
 0 0.282393
 0 0.269887
 0 0.318919
 0 0.29107
 0 0.290815
 0 0.247983
 0 0.321729
 0 0.313068
 0 0.322814
 0 0.300299
 0 0.278462
 0 0.306063
 0 0.290228
 0 0.291652
 0 0.279404
 0 0.300017
 0 0.295007
 0 0.299312
 0 0.279125
 0 0.33164
 0 0.272264
 0 0.320801
 0 0.297849
 0 0.300007
 0 0.220282
 0 0.294441
 0 0.228339
 0 0.316277
 0 0.308171
 0 0.288576
 0 0.291434
 0 0.324217
 0 0.300616
 0 0.321366
 0 0.263174
 0 0.326535
 0 0.303827
 0 0.337028
 0 0.264641
 0 0.31379
 0 0.299145
 0 0.273036
 0 0.306034
 0 0.26361
 0 0.311939
 0 0.319283
 0 0.281417
 0 0.263206
 0 0.299277
 0 0.291948
 0 0.316855
 0 0.357513
 0 0.282885
 0 0.335219
 0 0.316137
 0 0.292776
 0 0.316173
 0 0.220125
 0 0.244814
 0 0.292343
 0 0.307464
 0 0.286788
 0 0.264319
 0 0.263469
 0 0.26587
 0 0.341904
 0 0.261491
 0 0.293244
 0 0.274162
 0 0.256165
 0 0.318259
 0 0.297519
 0 0.29708
 0 0.306636
 0 0.309001
 0 0.309744
 0 0.316833
 0 0.281684
 0 0.334989
 0 0.300381
 0 0.31375
 0 0.30378
 0 0.320304
 0 0.288174
 0 0.317503
 0 0.302334
 0 0.281898
 0 0.329268
 0 0.323461
 0 0.289713
 0 0.296619
 0 0.256121
 0 0.266372
 0 0.307494
 0 0.289324
 0 0.298982
 0 0.299297
 0 0.26323
 0 0.306812
 0 0.306951
 0 0.317844
 0 0.283796
 0 0.29548
 0 0.275734
 0 0.303894
 0 0.290718
 0 0.301782
 0 0.32274
 0 0.2762
 0 0.283673
 0 0.286769
 0 0.332747
 0 0.318952
 0 0.319414
 0 0.295635
 0 0.274887
 0 0.308582
 0 0.305127
 0 0.283942
 0 0.276472
 0 0.26628
 0 0.284522
 0 0.262715
 0 0.292162
 0 0.380337
 0 0.293691
 0 0.307151
 0 0.290855
 0 0.307748
 0 0.286978
 0 0.354839
 0 0.29767
 0 0.31413
 0 0.280085
 0 0.307846
 0 0.270876
 0 0.312319
 0 0.296097
 0 0.243862
 0 0.325367
 0 0.305124
 0 0.29998
 0 0.304493
 0 0.249325
 0 0.272727
 0 0.297677
 0 0.341557
 0 0.312629
 0 0.290444
 0 0.289246
 0 0.306585
 0 0.273154
 0 0.33445
 0 0.300895
 0 0.2601
 0 0.324561
 0 0.320347
 0 0.306675
 0 0.330278
 0 0.283
 0 0.335026
 0 0.33145
 0 0.289298
 0 0.296086
 0 0.328509
 0 0.270601
 0 0.343656
 0 0.283274
 0 0.292839
 0 0.272451
 0 0.314278
 0 0.263053
 0 0.279022
 0 0.2866
 0 0.320538
 0 0.283859
 0 0.337653
 0 0.313251
 0 0.295386
 0 0.306783
 0 0.252948
 0 0.260742
 0 0.289759
 0 0.24278
 0 0.316806
 0 0.340344
 0 0.265048
 0 0.3002
 0 0.297759
 0 0.245322
 0 0.304282
 0 0.337704
 0 0.270946
 0 0.267228
 0 0.303975
 0 0.321046
 0 0.305915
 0 0.291876
 0 0.33136
 0 0.314772
 0 0.290286
 0 0.276264
 0 0.307564
 0 0.306845
 0 0.283642
 0 0.290071
 0 0.331852
 0 0.283545
 0 0.258459
 0 0.313181
 0 0.304373
 0 0.292132
 0 0.29887
 0 0.310471
 0 0.306688
 0 0.288273
 0 0.278959
 0 0.285546
 0 0.294796
 0 0.309315
 0 0.309732
 0 0.274328
 0 0.253385
 0 0.285755
 0 0.27432
 0 0.29806
 0 0.285728
 0 0.312197
 0 0.296991
 0 0.28985
 0 0.295757
 0 0.281139
 0 0.303501
 0 0.300188
 0 0.295321
 0 0.320959
 0 0.305347
 0 0.322484
 0 0.292791
 0 0.276284
 0 0.306975
 0 0.315138
 0 0.285122
 0 0.287157
 0 0.228817
 0 0.298936
 0 0.350065
 0 0.30422
 0 0.295182
 0 0.253381
 0 0.306418
 0 0.288895
 0 0.340004
 0 0.296852
 0 0.295232
 0 0.2867
 0 0.315222
 0 0.315434
 0 0.316028
 0 0.267481
 0 0.270234
 0 0.281919
 0 0.291598
 0 0.28338
 0 0.241452
 0 0.298682
 0 0.330529
 0 0.302206
 0 0.291261
 0 0.334687
 0 0.297568
 0 0.281114
 0 0.279513
 0 0.308901
 0 0.313066
 0 0.297081
 0 0.301362
 0 0.289349
 0 0.296968
 0 0.287575
 0 0.260847
 0 0.288224
 0 0.316829
 0 0.339687
 0 0.33406
 0 0.375686
 0 0.302551
 0 0.367776
 0 0.335383
 0 0.319535
 0 0.304526
 0 0.257977
 0 0.319335
 0 0.279006
 0 0.324127
 0 0.245669
 0 0.263058
 0 0.27488
 0 0.328168
 0 0.313661
 0 0.300535
 0 0.324467
 0 0.284469
 0 0.340579
 0 0.314701
 0 0.278756
 0 0.33238
 0 0.277164
 0 0.325248
 0 0.274593
 0 0.27809
 0 0.291945
 0 0.272069
 0 0.336053
 0 0.300006
 0 0.344353
 0 0.267633
 0 0.336315
 0 0.310621
 0 0.339948
 0 0.324077
 0 0.300398
 0 0.321891
 0 0.282933
 0 0.308769
 0 0.276366
 0 0.262733
 0 0.296826
 0 0.332406
 0 0.271942
 0 0.286864
 0 0.266503
 0 0.242157
 0 0.219045
 0 0.298654
 0 0.284064
 0 0.292079
 0 0.314953
 0 0.32523
 0 0.30144
 0 0.287923
 0 0.268417
 0 0.280795
 0 0.318714
 0 0.277587
 0 0.308675
 0 0.293262
 0 0.326169
 0 0.342716
 0 0.303633
 0 0.317106
 0 0.31896
 0 0.286342
 0 0.275203
 0 0.302768
 0 0.304827
 0 0.335902
 0 0.280189
 0 0.349297
 0 0.313951
 0 0.294226
 0 0.314488
 0 0.29995
 0 0.295257
 0 0.308533
 0 0.27102
 0 0.324696
 0 0.270694
