535 1 0 0 1
 0 0.587228
 0 0.581386
 0 0.642406
 0 0.645594
 0 0.610522
 0 0.558188
 0 0.69342
 0 0.582782
 0 0.581426
 0 0.60682
 0 0.556386
 0 0.566064
 0 0.71142
 0 0.704646
 0 0.670248
 0 0.593786
 0 0.707486
 0 0.548826
 0 0.711836
 0 0.598434
 0 0.671906
 0 0.646212
 0 0.615572
 0 0.581676
 0 0.576554
 0 0.671316
 0 0.61177
 0 0.705176
 0 0.708368
 0 0.650086
 0 0.689262
 0 0.636666
 0 0.670776
 0 0.593534
 0 0.604536
 0 0.682004
 0 0.645064
 0 0.683714
 0 0.601002
 0 0.676766
 0 0.685706
 0 0.589664
 0 0.603814
 0 0.630152
 0 0.689172
 0 0.611398
 0 0.727388
 0 0.628132
 0 0.604908
 0 0.674242
 0 0.591632
 0 0.657508
 0 0.627908
 0 0.711066
 0 0.619736
 0 0.648208
 0 0.53401
 0 0.5368
 0 0.589734
 0 0.542136
 0 0.643578
 0 0.5834
 0 0.613888
 0 0.634036
 0 0.546688
 0 0.637372
 0 0.560702
 0 0.60028
 0 0.636672
 0 0.691606
 0 0.634794
 0 0.647786
 0 0.6365
 0 0.58603
 0 0.582018
 0 0.604418
 0 0.61034
 0 0.534562
 0 0.58875
 0 0.624308
 0 0.73058
 0 0.662242
 0 0.589044
 0 0.616424
 0 0.687528
 0 0.587608
 0 0.686624
 0 0.559958
 0 0.58505
 0 0.615758
 0 0.569486
 0 0.62565
 0 0.687086
 0 0.602532
 0 0.689972
 0 0.602576
 0 0.585764
 0 0.709682
 0 0.7078
 0 0.650848
 0 0.639386
 0 0.690154
 0 0.64785
 0 0.685252
 0 0.652458
 0 0.634134
 0 0.649886
 0 0.617048
 0 0.643908
 0 0.653882
 0 0.643958
 0 0.674224
 0 0.575118
 0 0.600802
 0 0.558348
 0 0.604794
 0 0.5314
 0 0.5672
 0 0.66203
 0 0.69012
 0 0.586974
 0 0.64584
 0 0.654352
 0 0.663978
 0 0.569282
 0 0.626388
 0 0.613724
 0 0.6321
 0 0.644532
 0 0.75652
 0 0.712636
 0 0.611908
 0 0.668222
 0 0.691368
 0 0.649378
 0 0.673606
 0 0.66616
 0 0.571824
 0 0.547148
 0 0.583452
 0 0.632874
 0 0.617232
 0 0.622554
 0 0.693546
 0 0.64784
 0 0.632026
 0 0.61756
 0 0.649216
 0 0.670822
 0 0.647932
 0 0.612592
 0 0.69781
 0 0.668176
 0 0.56285
 0 0.62137
 0 0.614176
 0 0.643118
 0 0.664848
 0 0.516866
 0 0.612574
 0 0.585208
 0 0.560434
 0 0.570872
 0 0.651638
 0 0.688254
 0 0.592504
 0 0.55659
 0 0.575074
 0 0.615472
 0 0.678974
 0 0.621956
 0 0.68985
 0 0.59526
 0 0.657786
 0 0.669624
 0 0.59708
 0 0.712468
 0 0.577144
 0 0.602604
 0 0.632404
 0 0.579182
 0 0.64959
 0 0.616924
 0 0.652862
 0 0.605942
 0 0.560398
 0 0.693502
 0 0.59746
 0 0.684196
 0 0.615806
 0 0.616186
 0 0.55812
 0 0.602318
 0 0.535544
 0 0.672012
 0 0.66644
 0 0.600226
 0 0.61912
 0 0.754512
 0 0.669438
 0 0.682298
 0 0.63538
 0 0.594138
 0 0.642114
 0 0.64084
 0 0.59346
 0 0.667716
 0 0.67303
 0 0.58999
 0 0.623686
 0 0.617714
 0 0.57449
 0 0.611836
 0 0.60747
 0 0.596998
 0 0.611186
 0 0.6041
 0 0.679874
 0 0.689888
 0 0.657132
 0 0.695672
 0 0.639626
 0 0.655362
 0 0.67033
 0 0.528274
 0 0.535354
 0 0.646316
 0 0.590118
 0 0.661276
 0 0.588038
 0 0.57976
 0 0.65609
 0 0.738848
 0 0.575016
 0 0.659562
 0 0.559984
 0 0.538274
 0 0.651936
 0 0.618054
 0 0.587316
 0 0.666418
 0 0.566572
 0 0.643822
 0 0.615704
 0 0.595438
 0 0.645836
 0 0.611546
 0 0.610002
 0 0.63292
 0 0.571668
 0 0.616518
 0 0.635354
 0 0.63645
 0 0.626268
 0 0.666262
 0 0.64187
 0 0.609108
 0 0.642292
 0 0.575088
 0 0.585294
 0 0.627084
 0 0.618828
 0 0.534828
 0 0.604752
 0 0.594244
 0 0.667356
 0 0.584606
 0 0.580718
 0 0.665118
 0 0.633886
 0 0.611484
 0 0.597458
 0 0.511194
 0 0.63928
 0 0.652468
 0 0.54566
 0 0.55282
 0 0.627856
 0 0.678866
 0 0.675036
 0 0.683522
 0 0.6736
 0 0.615874
 0 0.563446
 0 0.63294
 0 0.554926
 0 0.598694
 0 0.582598
 0 0.615998
 0 0.586524
 0 0.609714
 0 0.72187
 0 0.566698
 0 0.626272
 0 0.618682
 0 0.668078
 0 0.57774
 0 0.708296
 0 0.633554
 0 0.634988
 0 0.633706
 0 0.631896
 0 0.670122
 0 0.609222
 0 0.724098
 0 0.576252
 0 0.693928
 0 0.645116
 0 0.574482
 0 0.687638
 0 0.608492
 0 0.658502
 0 0.600378
 0 0.749954
 0 0.652316
 0 0.62056
 0 0.61786
 0 0.698402
 0 0.617032
 0 0.65696
 0 0.658676
 0 0.666378
 0 0.7069
 0 0.656302
 0 0.66114
 0 0.689356
 0 0.649126
 0 0.658274
 0 0.689224
 0 0.527182
 0 0.681534
 0 0.631548
 0 0.635188
 0 0.723518
 0 0.6058
 0 0.594058
 0 0.559426
 0 0.676942
 0 0.563382
 0 0.61185
 0 0.605454
 0 0.67424
 0 0.642256
 0 0.686738
 0 0.629096
 0 0.628256
 0 0.653914
 0 0.564688
 0 0.561044
 0 0.555648
 0 0.596832
 0 0.717994
 0 0.665506
 0 0.61905
 0 0.642582
 0 0.581008
 0 0.583984
 0 0.707542
 0 0.65354
 0 0.670582
 0 0.620144
 0 0.700112
 0 0.69488
 0 0.693382
 0 0.637072
 0 0.66654
 0 0.589162
 0 0.602396
 0 0.646146
 0 0.727022
 0 0.685792
 0 0.655968
 0 0.628836
 0 0.663046
 0 0.62291
 0 0.563568
 0 0.592552
 0 0.604842
 0 0.626434
 0 0.622696
 0 0.64849
 0 0.614558
 0 0.570886
 0 0.630162
 0 0.701138
 0 0.65523
 0 0.750064
 0 0.639524
 0 0.59646
 0 0.59255
 0 0.681668
 0 0.58876
 0 0.622768
 0 0.613588
 0 0.616092
 0 0.69795
 0 0.67503
 0 0.623448
 0 0.642174
 0 0.691616
 0 0.632418
 0 0.657718
 0 0.662962
 0 0.69003
 0 0.729866
 0 0.661964
 0 0.646712
 0 0.623192
 0 0.633088
 0 0.635348
 0 0.571242
 0 0.578214
 0 0.669874
 0 0.708912
 0 0.65911
 0 0.677224
 0 0.525828
 0 0.657816
 0 0.699604
 0 0.666014
 0 0.636014
 0 0.636404
 0 0.599448
 0 0.592872
 0 0.693586
 0 0.650892
 0 0.524346
 0 0.578272
 0 0.66669
 0 0.6226
 0 0.682868
 0 0.545416
 0 0.591844
 0 0.698086
 0 0.58687
 0 0.566728
 0 0.646276
 0 0.613828
 0 0.682666
 0 0.64421
 0 0.667902
 0 0.65824
 0 0.715358
 0 0.641694
 0 0.575594
 0 0.693326
 0 0.639808
 0 0.59022
 0 0.621932
 0 0.666328
 0 0.69522
 0 0.6578
 0 0.733124
 0 0.619944
 0 0.70864
 0 0.68306
 0 0.623566
 0 0.572078
 0 0.594238
 0 0.693386
 0 0.597246
 0 0.591312
 0 0.555712
 0 0.557428
 0 0.6992
 0 0.653324
 0 0.71136
 0 0.628526
 0 0.65646
 0 0.58488
 0 0.69916
 0 0.788468
 0 0.608896
 0 0.714134
 0 0.604432
 0 0.654388
 0 0.574616
 0 0.67573
 0 0.574256
 0 0.566864
 0 0.708312
 0 0.647928
 0 0.685732
 0 0.574584
 0 0.632868
 0 0.679964
 0 0.710886
 0 0.736852
 0 0.63977
 0 0.635114
 0 0.616292
 0 0.694824
 0 0.57593
 0 0.544022
 0 0.60331
 0 0.647982
 0 0.643488
 0 0.657326
 0 0.561578
 0 0.558376
 0 0.531704
 0 0.630036
 0 0.616576
 0 0.575416
 0 0.577626
 0 0.64277
 0 0.619508
 0 0.642978
 0 0.581654
 0 0.641828
 0 0.698196
 0 0.626758
 0 0.65373
 0 0.659082
 0 0.647296
 0 0.663744
 0 0.699232
 0 0.68095
 0 0.708516
 0 0.67421
 0 0.541822
 0 0.662478
 0 0.622382
 0 0.747108
 0 0.575964
 0 0.80609
 0 0.577476
 0 0.681696
 0 0.56791
 0 0.658238
 0 0.592288
 0 0.60682
 0 0.64079
 0 0.672286
 0 0.618322
