535 1 0 0 1
 0 0.310755
 0 0.326941
 0 0.333092
 0 0.371314
 0 0.299713
 0 0.307445
 0 0.355563
 0 0.311872
 0 0.316221
 0 0.313914
 0 0.330478
 0 0.312094
 0 0.372691
 0 0.363686
 0 0.325836
 0 0.308909
 0 0.326271
 0 0.321778
 0 0.371171
 0 0.32787
 0 0.363117
 0 0.333494
 0 0.362992
 0 0.30579
 0 0.311489
 0 0.353797
 0 0.324388
 0 0.383132
 0 0.393901
 0 0.357315
 0 0.388528
 0 0.335606
 0 0.331479
 0 0.33556
 0 0.338806
 0 0.342229
 0 0.316843
 0 0.349522
 0 0.310885
 0 0.391357
 0 0.348694
 0 0.318969
 0 0.312829
 0 0.313517
 0 0.34692
 0 0.337685
 0 0.345111
 0 0.329037
 0 0.30656
 0 0.333904
 0 0.35599
 0 0.340511
 0 0.34339
 0 0.345915
 0 0.330808
 0 0.331524
 0 0.321195
 0 0.322627
 0 0.30526
 0 0.284815
 0 0.345107
 0 0.318805
 0 0.31707
 0 0.346568
 0 0.322385
 0 0.348119
 0 0.298323
 0 0.297219
 0 0.342905
 0 0.371709
 0 0.350381
 0 0.388694
 0 0.337677
 0 0.304589
 0 0.314355
 0 0.321774
 0 0.344135
 0 0.339561
 0 0.353038
 0 0.328541
 0 0.374387
 0 0.346514
 0 0.306379
 0 0.322213
 0 0.369592
 0 0.324385
 0 0.367128
 0 0.325097
 0 0.333674
 0 0.325288
 0 0.324229
 0 0.327268
 0 0.353208
 0 0.314511
 0 0.355777
 0 0.327606
 0 0.341959
 0 0.353918
 0 0.360901
 0 0.296834
 0 0.380772
 0 0.356872
 0 0.333613
 0 0.368001
 0 0.324694
 0 0.324215
 0 0.358739
 0 0.315779
 0 0.340629
 0 0.339689
 0 0.329622
 0 0.35577
 0 0.318767
 0 0.343294
 0 0.312883
 0 0.302755
 0 0.306275
 0 0.303555
 0 0.356985
 0 0.350164
 0 0.332547
 0 0.338174
 0 0.327791
 0 0.359557
 0 0.316079
 0 0.341339
 0 0.306149
 0 0.340162
 0 0.346654
 0 0.380838
 0 0.364636
 0 0.341285
 0 0.329754
 0 0.364683
 0 0.356873
 0 0.36252
 0 0.365505
 0 0.312246
 0 0.30272
 0 0.341575
 0 0.325887
 0 0.35168
 0 0.324626
 0 0.381953
 0 0.34004
 0 0.341658
 0 0.332824
 0 0.316641
 0 0.356951
 0 0.335078
 0 0.325525
 0 0.353605
 0 0.392592
 0 0.302555
 0 0.321099
 0 0.325752
 0 0.354366
 0 0.347706
 0 0.310251
 0 0.316249
 0 0.322993
 0 0.311396
 0 0.312129
 0 0.361963
 0 0.34932
 0 0.327506
 0 0.319899
 0 0.30716
 0 0.301757
 0 0.366975
 0 0.329857
 0 0.359337
 0 0.323968
 0 0.362002
 0 0.335631
 0 0.354235
 0 0.386367
 0 0.330188
 0 0.33129
 0 0.341656
 0 0.288762
 0 0.361159
 0 0.334928
 0 0.361426
 0 0.324253
 0 0.344525
 0 0.339213
 0 0.336264
 0 0.355289
 0 0.337076
 0 0.322517
 0 0.283083
 0 0.342148
 0 0.304814
 0 0.341503
 0 0.35488
 0 0.345308
 0 0.337893
 0 0.375528
 0 0.349192
 0 0.369803
 0 0.3443
 0 0.35952
 0 0.336291
 0 0.339193
 0 0.328672
 0 0.378951
 0 0.356572
 0 0.324824
 0 0.325681
 0 0.33255
 0 0.286107
 0 0.318714
 0 0.324209
 0 0.323988
 0 0.342114
 0 0.347094
 0 0.363413
 0 0.376122
 0 0.374396
 0 0.360968
 0 0.335691
 0 0.374108
 0 0.348185
 0 0.288646
 0 0.316132
 0 0.299713
 0 0.327624
 0 0.337084
 0 0.332852
 0 0.339228
 0 0.35015
 0 0.364978
 0 0.339225
 0 0.323867
 0 0.285589
 0 0.287215
 0 0.366917
 0 0.314359
 0 0.325967
 0 0.34512
 0 0.331272
 0 0.329309
 0 0.328584
 0 0.350023
 0 0.351136
 0 0.315897
 0 0.332054
 0 0.355963
 0 0.329707
 0 0.319419
 0 0.340368
 0 0.344685
 0 0.303172
 0 0.375405
 0 0.375202
 0 0.327688
 0 0.344561
 0 0.370278
 0 0.337248
 0 0.365471
 0 0.309166
 0 0.307488
 0 0.302412
 0 0.323416
 0 0.333557
 0 0.309188
 0 0.320439
 0 0.302708
 0 0.340325
 0 0.346867
 0 0.333703
 0 0.292274
 0 0.331696
 0 0.311846
 0 0.336481
 0 0.299614
 0 0.343969
 0 0.339519
 0 0.350513
 0 0.357202
 0 0.348177
 0 0.303948
 0 0.311223
 0 0.338023
 0 0.319369
 0 0.300441
 0 0.327791
 0 0.318925
 0 0.340051
 0 0.347345
 0 0.35686
 0 0.320049
 0 0.335445
 0 0.358089
 0 0.357185
 0 0.306341
 0 0.368765
 0 0.354946
 0 0.340026
 0 0.352438
 0 0.338082
 0 0.336487
 0 0.350147
 0 0.358305
 0 0.347928
 0 0.348961
 0 0.3492
 0 0.317621
 0 0.345354
 0 0.329664
 0 0.364202
 0 0.330857
 0 0.393221
 0 0.369616
 0 0.357414
 0 0.331528
 0 0.368907
 0 0.322961
 0 0.332402
 0 0.33631
 0 0.358874
 0 0.368331
 0 0.342313
 0 0.360272
 0 0.327728
 0 0.32668
 0 0.354749
 0 0.382557
 0 0.330277
 0 0.363268
 0 0.329897
 0 0.357677
 0 0.36836
 0 0.318296
 0 0.335289
 0 0.296818
 0 0.353743
 0 0.31324
 0 0.316711
 0 0.338006
 0 0.371115
 0 0.360245
 0 0.354572
 0 0.327541
 0 0.332744
 0 0.320421
 0 0.294582
 0 0.29513
 0 0.296056
 0 0.297175
 0 0.372499
 0 0.372422
 0 0.32009
 0 0.329345
 0 0.309366
 0 0.327208
 0 0.369078
 0 0.357234
 0 0.350381
 0 0.313554
 0 0.333842
 0 0.356053
 0 0.35372
 0 0.328512
 0 0.35428
 0 0.342898
 0 0.318058
 0 0.354763
 0 0.391898
 0 0.362563
 0 0.333562
 0 0.322457
 0 0.371198
 0 0.346598
 0 0.300675
 0 0.314934
 0 0.340521
 0 0.331555
 0 0.313504
 0 0.354647
 0 0.325185
 0 0.333561
 0 0.346425
 0 0.334048
 0 0.340458
 0 0.389347
 0 0.349022
 0 0.329342
 0 0.293155
 0 0.367869
 0 0.315502
 0 0.305044
 0 0.31145
 0 0.333922
 0 0.353792
 0 0.368265
 0 0.372648
 0 0.357121
 0 0.378488
 0 0.323639
 0 0.353982
 0 0.354409
 0 0.363786
 0 0.377952
 0 0.36285
 0 0.34097
 0 0.325264
 0 0.363195
 0 0.314564
 0 0.338992
 0 0.324595
 0 0.362854
 0 0.382964
 0 0.33089
 0 0.358823
 0 0.283519
 0 0.345177
 0 0.356674
 0 0.348486
 0 0.361659
 0 0.337586
 0 0.298095
 0 0.287809
 0 0.370279
 0 0.352208
 0 0.306223
 0 0.299803
 0 0.343934
 0 0.345097
 0 0.34222
 0 0.337795
 0 0.311522
 0 0.357203
 0 0.303272
 0 0.297988
 0 0.338329
 0 0.308976
 0 0.386279
 0 0.356249
 0 0.380561
 0 0.357985
 0 0.333006
 0 0.322611
 0 0.33455
 0 0.368186
 0 0.358325
 0 0.334797
 0 0.33119
 0 0.351917
 0 0.36587
 0 0.374597
 0 0.404991
 0 0.348395
 0 0.378472
 0 0.349917
 0 0.296933
 0 0.297976
 0 0.301388
 0 0.359378
 0 0.317104
 0 0.333903
 0 0.318937
 0 0.313577
 0 0.349859
 0 0.353925
 0 0.339422
 0 0.32719
 0 0.335828
 0 0.308949
 0 0.381525
 0 0.394454
 0 0.308716
 0 0.368102
 0 0.308769
 0 0.333811
 0 0.346162
 0 0.354538
 0 0.299868
 0 0.305741
 0 0.366441
 0 0.356818
 0 0.381997
 0 0.322005
 0 0.326525
 0 0.350196
 0 0.365493
 0 0.363226
 0 0.342972
 0 0.321942
 0 0.299508
 0 0.359714
 0 0.323013
 0 0.298845
 0 0.335258
 0 0.395651
 0 0.309703
 0 0.302149
 0 0.318525
 0 0.326813
 0 0.314759
 0 0.352755
 0 0.354368
 0 0.308762
 0 0.32031
 0 0.337729
 0 0.334303
 0 0.323023
 0 0.338045
 0 0.362165
 0 0.378015
 0 0.344005
 0 0.347479
 0 0.364198
 0 0.342163
 0 0.379045
 0 0.34587
 0 0.347658
 0 0.349072
 0 0.373581
 0 0.307364
 0 0.32065
 0 0.336347
 0 0.361381
 0 0.296302
 0 0.399276
 0 0.29215
 0 0.352589
 0 0.306049
 0 0.358761
 0 0.329681
 0 0.318382
 0 0.341979
 0 0.349114
 0 0.340602
