535 1 0 0 1
 0 0.293614
 0 0.290693
 0 0.321203
 0 0.322797
 0 0.305261
 0 0.279094
 0 0.34671
 0 0.291391
 0 0.290713
 0 0.30341
 0 0.278193
 0 0.283032
 0 0.35571
 0 0.352323
 0 0.335124
 0 0.296893
 0 0.353743
 0 0.274413
 0 0.355918
 0 0.299217
 0 0.335953
 0 0.323106
 0 0.307786
 0 0.290838
 0 0.288277
 0 0.335658
 0 0.305885
 0 0.352588
 0 0.354184
 0 0.325043
 0 0.344631
 0 0.318333
 0 0.335388
 0 0.296767
 0 0.302268
 0 0.341002
 0 0.322532
 0 0.341857
 0 0.300501
 0 0.338383
 0 0.342853
 0 0.294832
 0 0.301907
 0 0.315076
 0 0.344586
 0 0.305699
 0 0.363694
 0 0.314066
 0 0.302454
 0 0.337121
 0 0.295816
 0 0.328754
 0 0.313954
 0 0.355533
 0 0.309868
 0 0.324104
 0 0.267005
 0 0.2684
 0 0.294867
 0 0.271068
 0 0.321789
 0 0.2917
 0 0.306944
 0 0.317018
 0 0.273344
 0 0.318686
 0 0.280351
 0 0.30014
 0 0.318336
 0 0.345803
 0 0.317397
 0 0.323893
 0 0.31825
 0 0.293015
 0 0.291009
 0 0.302209
 0 0.30517
 0 0.267281
 0 0.294375
 0 0.312154
 0 0.36529
 0 0.331121
 0 0.294522
 0 0.308212
 0 0.343764
 0 0.293804
 0 0.343312
 0 0.279979
 0 0.292525
 0 0.307879
 0 0.284743
 0 0.312825
 0 0.343543
 0 0.301266
 0 0.344986
 0 0.301288
 0 0.292882
 0 0.354841
 0 0.3539
 0 0.325424
 0 0.319693
 0 0.345077
 0 0.323925
 0 0.342626
 0 0.326229
 0 0.317067
 0 0.324943
 0 0.308524
 0 0.321954
 0 0.326941
 0 0.321979
 0 0.337112
 0 0.287559
 0 0.300401
 0 0.279174
 0 0.302397
 0 0.2657
 0 0.2836
 0 0.331015
 0 0.34506
 0 0.293487
 0 0.32292
 0 0.327176
 0 0.331989
 0 0.284641
 0 0.313194
 0 0.306862
 0 0.31605
 0 0.322266
 0 0.37826
 0 0.356318
 0 0.305954
 0 0.334111
 0 0.345684
 0 0.324689
 0 0.336803
 0 0.33308
 0 0.285912
 0 0.273574
 0 0.291726
 0 0.316437
 0 0.308616
 0 0.311277
 0 0.346773
 0 0.32392
 0 0.316013
 0 0.30878
 0 0.324608
 0 0.335411
 0 0.323966
 0 0.306296
 0 0.348905
 0 0.334088
 0 0.281425
 0 0.310685
 0 0.307088
 0 0.321559
 0 0.332424
 0 0.258433
 0 0.306287
 0 0.292604
 0 0.280217
 0 0.285436
 0 0.325819
 0 0.344127
 0 0.296252
 0 0.278295
 0 0.287537
 0 0.307736
 0 0.339487
 0 0.310978
 0 0.344925
 0 0.29763
 0 0.328893
 0 0.334812
 0 0.29854
 0 0.356234
 0 0.288572
 0 0.301302
 0 0.316202
 0 0.289591
 0 0.324795
 0 0.308462
 0 0.326431
 0 0.302971
 0 0.280199
 0 0.346751
 0 0.29873
 0 0.342098
 0 0.307903
 0 0.308093
 0 0.27906
 0 0.301159
 0 0.267772
 0 0.336006
 0 0.33322
 0 0.300113
 0 0.30956
 0 0.377256
 0 0.334719
 0 0.341149
 0 0.31769
 0 0.297069
 0 0.321057
 0 0.32042
 0 0.29673
 0 0.333858
 0 0.336515
 0 0.294995
 0 0.311843
 0 0.308857
 0 0.287245
 0 0.305918
 0 0.303735
 0 0.298499
 0 0.305593
 0 0.30205
 0 0.339937
 0 0.344944
 0 0.328566
 0 0.347836
 0 0.319813
 0 0.327681
 0 0.335165
 0 0.264137
 0 0.267677
 0 0.323158
 0 0.295059
 0 0.330638
 0 0.294019
 0 0.28988
 0 0.328045
 0 0.369424
 0 0.287508
 0 0.329781
 0 0.279992
 0 0.269137
 0 0.325968
 0 0.309027
 0 0.293658
 0 0.333209
 0 0.283286
 0 0.321911
 0 0.307852
 0 0.297719
 0 0.322918
 0 0.305773
 0 0.305001
 0 0.31646
 0 0.285834
 0 0.308259
 0 0.317677
 0 0.318225
 0 0.313134
 0 0.333131
 0 0.320935
 0 0.304554
 0 0.321146
 0 0.287544
 0 0.292647
 0 0.313542
 0 0.309414
 0 0.267414
 0 0.302376
 0 0.297122
 0 0.333678
 0 0.292303
 0 0.290359
 0 0.332559
 0 0.316943
 0 0.305742
 0 0.298729
 0 0.255597
 0 0.31964
 0 0.326234
 0 0.27283
 0 0.27641
 0 0.313928
 0 0.339433
 0 0.337518
 0 0.341761
 0 0.3368
 0 0.307937
 0 0.281723
 0 0.31647
 0 0.277463
 0 0.299347
 0 0.291299
 0 0.307999
 0 0.293262
 0 0.304857
 0 0.360935
 0 0.283349
 0 0.313136
 0 0.309341
 0 0.334039
 0 0.28887
 0 0.354148
 0 0.316777
 0 0.317494
 0 0.316853
 0 0.315948
 0 0.335061
 0 0.304611
 0 0.362049
 0 0.288126
 0 0.346964
 0 0.322558
 0 0.287241
 0 0.343819
 0 0.304246
 0 0.329251
 0 0.300189
 0 0.374977
 0 0.326158
 0 0.31028
 0 0.30893
 0 0.349201
 0 0.308516
 0 0.32848
 0 0.329338
 0 0.333189
 0 0.35345
 0 0.328151
 0 0.33057
 0 0.344678
 0 0.324563
 0 0.329137
 0 0.344612
 0 0.263591
 0 0.340767
 0 0.315774
 0 0.317594
 0 0.361759
 0 0.3029
 0 0.297029
 0 0.279713
 0 0.338471
 0 0.281691
 0 0.305925
 0 0.302727
 0 0.33712
 0 0.321128
 0 0.343369
 0 0.314548
 0 0.314128
 0 0.326957
 0 0.282344
 0 0.280522
 0 0.277824
 0 0.298416
 0 0.358997
 0 0.332753
 0 0.309525
 0 0.321291
 0 0.290504
 0 0.291992
 0 0.353771
 0 0.32677
 0 0.335291
 0 0.310072
 0 0.350056
 0 0.34744
 0 0.346691
 0 0.318536
 0 0.33327
 0 0.294581
 0 0.301198
 0 0.323073
 0 0.363511
 0 0.342896
 0 0.327984
 0 0.314418
 0 0.331523
 0 0.311455
 0 0.281784
 0 0.296276
 0 0.302421
 0 0.313217
 0 0.311348
 0 0.324245
 0 0.307279
 0 0.285443
 0 0.315081
 0 0.350569
 0 0.327615
 0 0.375032
 0 0.319762
 0 0.29823
 0 0.296275
 0 0.340834
 0 0.29438
 0 0.311384
 0 0.306794
 0 0.308046
 0 0.348975
 0 0.337515
 0 0.311724
 0 0.321087
 0 0.345808
 0 0.316209
 0 0.328859
 0 0.331481
 0 0.345015
 0 0.364933
 0 0.330982
 0 0.323356
 0 0.311596
 0 0.316544
 0 0.317674
 0 0.285621
 0 0.289107
 0 0.334937
 0 0.354456
 0 0.329555
 0 0.338612
 0 0.262914
 0 0.328908
 0 0.349802
 0 0.333007
 0 0.318007
 0 0.318202
 0 0.299724
 0 0.296436
 0 0.346793
 0 0.325446
 0 0.262173
 0 0.289136
 0 0.333345
 0 0.3113
 0 0.341434
 0 0.272708
 0 0.295922
 0 0.349043
 0 0.293435
 0 0.283364
 0 0.323138
 0 0.306914
 0 0.341333
 0 0.322105
 0 0.333951
 0 0.32912
 0 0.357679
 0 0.320847
 0 0.287797
 0 0.346663
 0 0.319904
 0 0.29511
 0 0.310966
 0 0.333164
 0 0.34761
 0 0.3289
 0 0.366562
 0 0.309972
 0 0.35432
 0 0.34153
 0 0.311783
 0 0.286039
 0 0.297119
 0 0.346693
 0 0.298623
 0 0.295656
 0 0.277856
 0 0.278714
 0 0.3496
 0 0.326662
 0 0.35568
 0 0.314263
 0 0.32823
 0 0.29244
 0 0.34958
 0 0.394234
 0 0.304448
 0 0.357067
 0 0.302216
 0 0.327194
 0 0.287308
 0 0.337865
 0 0.287128
 0 0.283432
 0 0.354156
 0 0.323964
 0 0.342866
 0 0.287292
 0 0.316434
 0 0.339982
 0 0.355443
 0 0.368426
 0 0.319885
 0 0.317557
 0 0.308146
 0 0.347412
 0 0.287965
 0 0.272011
 0 0.301655
 0 0.323991
 0 0.321744
 0 0.328663
 0 0.280789
 0 0.279188
 0 0.265852
 0 0.315018
 0 0.308288
 0 0.287708
 0 0.288813
 0 0.321385
 0 0.309754
 0 0.321489
 0 0.290827
 0 0.320914
 0 0.349098
 0 0.313379
 0 0.326865
 0 0.329541
 0 0.323648
 0 0.331872
 0 0.349616
 0 0.340475
 0 0.354258
 0 0.337105
 0 0.270911
 0 0.331239
 0 0.311191
 0 0.373554
 0 0.287982
 0 0.403045
 0 0.288738
 0 0.340848
 0 0.283955
 0 0.329119
 0 0.296144
 0 0.30341
 0 0.320395
 0 0.336143
 0 0.309161
