603 1 0 0 1
 0 0.202795
 0 0.194137
 0 0.200122
 0 0.201025
 0 0.193012
 0 0.200795
 0 0.184857
 0 0.190752
 0 0.188648
 0 0.203561
 0 0.183285
 0 0.205281
 0 0.200209
 0 0.178949
 0 0.197896
 0 0.188225
 0 0.195563
 0 0.183665
 0 0.194524
 0 0.193309
 0 0.191314
 0 0.190074
 0 0.185673
 0 0.19548
 0 0.199569
 0 0.185646
 0 0.192046
 0 0.187586
 0 0.190098
 0 0.209184
 0 0.186057
 0 0.198092
 0 0.193862
 0 0.195919
 0 0.185523
 0 0.197742
 0 0.197185
 0 0.186739
 0 0.207385
 0 0.190668
 0 0.184047
 0 0.210468
 0 0.179995
 0 0.185888
 0 0.189126
 0 0.181934
 0 0.193366
 0 0.198512
 0 0.20421
 0 0.195229
 0 0.188349
 0 0.200225
 0 0.195281
 0 0.200621
 0 0.207526
 0 0.189913
 0 0.193406
 0 0.183919
 0 0.183295
 0 0.208602
 0 0.185503
 0 0.194582
 0 0.176243
 0 0.183204
 0 0.217415
 0 0.193974
 0 0.18973
 0 0.193266
 0 0.197194
 0 0.184297
 0 0.193319
 0 0.196501
 0 0.182342
 0 0.189562
 0 0.197511
 0 0.184707
 0 0.191809
 0 0.192204
 0 0.190237
 0 0.187012
 0 0.184411
 0 0.197341
 0 0.201673
 0 0.184205
 0 0.192269
 0 0.199926
 0 0.176826
 0 0.195927
 0 0.196469
 0 0.18432
 0 0.206674
 0 0.205841
 0 0.184456
 0 0.19772
 0 0.189692
 0 0.199034
 0 0.197441
 0 0.206408
 0 0.192407
 0 0.19182
 0 0.193477
 0 0.200896
 0 0.209115
 0 0.18993
 0 0.19745
 0 0.204378
 0 0.201487
 0 0.197961
 0 0.190471
 0 0.202239
 0 0.190182
 0 0.191587
 0 0.208111
 0 0.184284
 0 0.194625
 0 0.1947
 0 0.195977
 0 0.191555
 0 0.187962
 0 0.199396
 0 0.193241
 0 0.193475
 0 0.185528
 0 0.185121
 0 0.187309
 0 0.187267
 0 0.214048
 0 0.182274
 0 0.216931
 0 0.193577
 0 0.205464
 0 0.191849
 0 0.202754
 0 0.210869
 0 0.217084
 0 0.200079
 0 0.191464
 0 0.21031
 0 0.200443
 0 0.211401
 0 0.203244
 0 0.189114
 0 0.201622
 0 0.19604
 0 0.186882
 0 0.18987
 0 0.188632
 0 0.187357
 0 0.19624
 0 0.207877
 0 0.190079
 0 0.189064
 0 0.191041
 0 0.182644
 0 0.193431
 0 0.193645
 0 0.186658
 0 0.208832
 0 0.193657
 0 0.20081
 0 0.199656
 0 0.19306
 0 0.170801
 0 0.205382
 0 0.195212
 0 0.214378
 0 0.177521
 0 0.188766
 0 0.20164
 0 0.209809
 0 0.202091
 0 0.184101
 0 0.191162
 0 0.197723
 0 0.202276
 0 0.19495
 0 0.203929
 0 0.190639
 0 0.192525
 0 0.185351
 0 0.186472
 0 0.194519
 0 0.200069
 0 0.191237
 0 0.203894
 0 0.185478
 0 0.182431
 0 0.191206
 0 0.194997
 0 0.193575
 0 0.188784
 0 0.211619
 0 0.2132
 0 0.195217
 0 0.189305
 0 0.18168
 0 0.1988
 0 0.183262
 0 0.208568
 0 0.194287
 0 0.201103
 0 0.199975
 0 0.195876
 0 0.181336
 0 0.186513
 0 0.188704
 0 0.192483
 0 0.19481
 0 0.201328
 0 0.204581
 0 0.206305
 0 0.197032
 0 0.198272
 0 0.201676
 0 0.197722
 0 0.213918
 0 0.194445
 0 0.220232
 0 0.203417
 0 0.191533
 0 0.200005
 0 0.202992
 0 0.195182
 0 0.200234
 0 0.195999
 0 0.206572
 0 0.212862
 0 0.200212
 0 0.204039
 0 0.203306
 0 0.214858
 0 0.18754
 0 0.170204
 0 0.196228
 0 0.197425
 0 0.184487
 0 0.199135
 0 0.195219
 0 0.183436
 0 0.214478
 0 0.191527
 0 0.185236
 0 0.197596
 0 0.184278
 0 0.193708
 0 0.202934
 0 0.19274
 0 0.196817
 0 0.172522
 0 0.184677
 0 0.19688
 0 0.206411
 0 0.202495
 0 0.198293
 0 0.206445
 0 0.199102
 0 0.197985
 0 0.199233
 0 0.191599
 0 0.190432
 0 0.185703
 0 0.196115
 0 0.207124
 0 0.187591
 0 0.187883
 0 0.183838
 0 0.191618
 0 0.186796
 0 0.19477
 0 0.185096
 0 0.184102
 0 0.195118
 0 0.205253
 0 0.202879
 0 0.195468
 0 0.184445
 0 0.177444
 0 0.199655
 0 0.202629
 0 0.194527
 0 0.187302
 0 0.177179
 0 0.196512
 0 0.185552
 0 0.193799
 0 0.193273
 0 0.202279
 0 0.192872
 0 0.211339
 0 0.195726
 0 0.19953
 0 0.191761
 0 0.201286
 0 0.198643
 0 0.179908
 0 0.194899
 0 0.181752
 0 0.195225
 0 0.192335
 0 0.195331
 0 0.204778
 0 0.203272
 0 0.201418
 0 0.194915
 0 0.186127
 0 0.196677
 0 0.194822
 0 0.197037
 0 0.196408
 0 0.200665
 0 0.20226
 0 0.198829
 0 0.188267
 0 0.192852
 0 0.193153
 0 0.171088
 0 0.205417
 0 0.187692
 0 0.188979
 0 0.193764
 0 0.204508
 0 0.191139
 0 0.189546
 0 0.189036
 0 0.183162
 0 0.195217
 0 0.188311
 0 0.209776
 0 0.182664
 0 0.209557
 0 0.199269
 0 0.190615
 0 0.188791
 0 0.206531
 0 0.18002
 0 0.20094
 0 0.191903
 0 0.207301
 0 0.201063
 0 0.186469
 0 0.190414
 0 0.201593
 0 0.199989
 0 0.190899
 0 0.192083
 0 0.192215
 0 0.19551
 0 0.193536
 0 0.190237
 0 0.187344
 0 0.181054
 0 0.198323
 0 0.203313
 0 0.205376
 0 0.188598
 0 0.195651
 0 0.187091
 0 0.196843
 0 0.202485
 0 0.18758
 0 0.191449
 0 0.189016
 0 0.208884
 0 0.190321
 0 0.191276
 0 0.208099
 0 0.192452
 0 0.19135
 0 0.208237
 0 0.194207
 0 0.190564
 0 0.201639
 0 0.182846
 0 0.201028
 0 0.195627
 0 0.199625
 0 0.184323
 0 0.206203
 0 0.190522
 0 0.211065
 0 0.204218
 0 0.205212
 0 0.196055
 0 0.193514
 0 0.183073
 0 0.199585
 0 0.198457
 0 0.191744
 0 0.200482
 0 0.203242
 0 0.202017
 0 0.187603
 0 0.182781
 0 0.189292
 0 0.19282
 0 0.212169
 0 0.193119
 0 0.198341
 0 0.197969
 0 0.20253
 0 0.18543
 0 0.191137
 0 0.203664
 0 0.188002
 0 0.195903
 0 0.186809
 0 0.188726
 0 0.182864
 0 0.211931
 0 0.194574
 0 0.184925
 0 0.19856
 0 0.18891
 0 0.17251
 0 0.186932
 0 0.18417
 0 0.214297
 0 0.191472
 0 0.190707
 0 0.195109
 0 0.18684
 0 0.196029
 0 0.181364
 0 0.188574
 0 0.191822
 0 0.199797
 0 0.19343
 0 0.183594
 0 0.197841
 0 0.189981
 0 0.20239
 0 0.177169
 0 0.190925
 0 0.185952
 0 0.20256
 0 0.187531
 0 0.184625
 0 0.193221
 0 0.182218
 0 0.199172
 0 0.190795
 0 0.208954
 0 0.188221
 0 0.201162
 0 0.200097
 0 0.191008
 0 0.189035
 0 0.171814
 0 0.205665
 0 0.185591
 0 0.197188
 0 0.199396
 0 0.185471
 0 0.195468
 0 0.205257
 0 0.200637
 0 0.194947
 0 0.206913
 0 0.20226
 0 0.199854
 0 0.197945
 0 0.204664
 0 0.17912
 0 0.200728
 0 0.183269
 0 0.194508
 0 0.211125
 0 0.181487
 0 0.196479
 0 0.179854
 0 0.187591
 0 0.187306
 0 0.196756
 0 0.197143
 0 0.197647
 0 0.19065
 0 0.206456
 0 0.190411
 0 0.193667
 0 0.186646
 0 0.193929
 0 0.172967
 0 0.191381
 0 0.192167
 0 0.190813
 0 0.200865
 0 0.182336
 0 0.212323
 0 0.176921
 0 0.208442
 0 0.190725
 0 0.195178
 0 0.199897
 0 0.179497
 0 0.180258
 0 0.178154
 0 0.175248
 0 0.205206
 0 0.202816
 0 0.18723
 0 0.196765
 0 0.1841
 0 0.194314
 0 0.197921
 0 0.179735
 0 0.196692
 0 0.200422
 0 0.193013
 0 0.197516
 0 0.195605
 0 0.182162
 0 0.197602
 0 0.193275
 0 0.195662
 0 0.197903
 0 0.201285
 0 0.206425
 0 0.191086
 0 0.183629
 0 0.201468
 0 0.206756
 0 0.197054
 0 0.202948
 0 0.184668
 0 0.205806
 0 0.189325
 0 0.178548
 0 0.19508
 0 0.192775
 0 0.205332
 0 0.197605
 0 0.190974
 0 0.201676
 0 0.199044
 0 0.20043
 0 0.207075
 0 0.203841
 0 0.193932
 0 0.207691
 0 0.197898
 0 0.187183
 0 0.185768
 0 0.190869
 0 0.201375
 0 0.187665
 0 0.198132
 0 0.217378
 0 0.196672
 0 0.184346
 0 0.186456
 0 0.189704
 0 0.191778
 0 0.194049
 0 0.18575
 0 0.182435
 0 0.198092
 0 0.201405
 0 0.187394
 0 0.206367
 0 0.207592
 0 0.192655
 0 0.186343
 0 0.18771
 0 0.199421
 0 0.19535
 0 0.206697
 0 0.183896
 0 0.200079
 0 0.187744
 0 0.190383
 0 0.189112
 0 0.202364
 0 0.187929
 0 0.182485
 0 0.197468
 0 0.196467
 0 0.196028
 0 0.192442
 0 0.195235
 0 0.196147
 0 0.197722
 0 0.187564
 0 0.192496
 0 0.198768
 0 0.19
 0 0.207609
 0 0.194518
 0 0.208635
 0 0.197138
 0 0.197598
 0 0.196802
 0 0.190957
 0 0.183812
 0 0.201899
 0 0.198452
 0 0.195619
 0 0.184586
 0 0.190324
 0 0.195985
 0 0.19753
 0 0.206807
 0 0.186482
 0 0.203947
