603 1 0 0 1
 0 0.147288
 0 0.135804
 0 0.142234
 0 0.142721
 0 0.14326
 0 0.134856
 0 0.150887
 0 0.136914
 0 0.14695
 0 0.154025
 0 0.154075
 0 0.15777
 0 0.146634
 0 0.141124
 0 0.150376
 0 0.144766
 0 0.143993
 0 0.144051
 0 0.153587
 0 0.144431
 0 0.140927
 0 0.142592
 0 0.141315
 0 0.147735
 0 0.137373
 0 0.135195
 0 0.154643
 0 0.144809
 0 0.149015
 0 0.15458
 0 0.144193
 0 0.143277
 0 0.137444
 0 0.146133
 0 0.146726
 0 0.141099
 0 0.150128
 0 0.137496
 0 0.139296
 0 0.143289
 0 0.149609
 0 0.146651
 0 0.143383
 0 0.141964
 0 0.146862
 0 0.148939
 0 0.159351
 0 0.151086
 0 0.142528
 0 0.151809
 0 0.141892
 0 0.142445
 0 0.140574
 0 0.154624
 0 0.141636
 0 0.144369
 0 0.138427
 0 0.13948
 0 0.14857
 0 0.144659
 0 0.148875
 0 0.139052
 0 0.147305
 0 0.145275
 0 0.142248
 0 0.14694
 0 0.136547
 0 0.147
 0 0.144526
 0 0.154692
 0 0.149401
 0 0.143413
 0 0.137959
 0 0.150604
 0 0.151161
 0 0.140393
 0 0.146114
 0 0.150707
 0 0.150671
 0 0.141231
 0 0.144144
 0 0.143678
 0 0.137307
 0 0.152067
 0 0.148296
 0 0.144994
 0 0.14519
 0 0.147349
 0 0.142816
 0 0.130095
 0 0.154603
 0 0.140297
 0 0.13523
 0 0.14737
 0 0.137886
 0 0.14723
 0 0.14692
 0 0.149702
 0 0.144797
 0 0.147858
 0 0.135347
 0 0.131336
 0 0.144993
 0 0.14021
 0 0.141762
 0 0.141879
 0 0.144361
 0 0.143619
 0 0.137119
 0 0.131793
 0 0.144464
 0 0.135367
 0 0.145061
 0 0.145186
 0 0.149293
 0 0.144282
 0 0.153916
 0 0.146907
 0 0.151941
 0 0.14297
 0 0.143766
 0 0.145034
 0 0.144058
 0 0.139001
 0 0.145436
 0 0.148785
 0 0.150309
 0 0.151272
 0 0.144017
 0 0.168062
 0 0.147438
 0 0.146891
 0 0.141438
 0 0.147954
 0 0.149236
 0 0.151229
 0 0.148196
 0 0.152723
 0 0.139889
 0 0.153966
 0 0.149651
 0 0.148291
 0 0.144593
 0 0.145975
 0 0.140746
 0 0.135144
 0 0.13901
 0 0.142204
 0 0.14465
 0 0.157009
 0 0.156556
 0 0.144079
 0 0.143326
 0 0.137953
 0 0.147556
 0 0.147177
 0 0.142651
 0 0.146899
 0 0.146897
 0 0.147603
 0 0.149011
 0 0.142887
 0 0.128671
 0 0.144505
 0 0.144576
 0 0.148515
 0 0.147516
 0 0.152993
 0 0.151564
 0 0.155366
 0 0.135369
 0 0.132545
 0 0.136056
 0 0.134128
 0 0.142592
 0 0.143368
 0 0.142784
 0 0.151412
 0 0.143192
 0 0.147581
 0 0.142104
 0 0.143134
 0 0.142993
 0 0.146783
 0 0.15928
 0 0.137838
 0 0.143798
 0 0.13919
 0 0.139114
 0 0.135224
 0 0.143726
 0 0.152538
 0 0.133331
 0 0.140784
 0 0.14472
 0 0.158712
 0 0.137357
 0 0.147179
 0 0.149053
 0 0.149871
 0 0.14893
 0 0.151866
 0 0.145638
 0 0.153212
 0 0.149444
 0 0.150082
 0 0.149393
 0 0.130697
 0 0.137332
 0 0.147047
 0 0.133621
 0 0.151752
 0 0.143773
 0 0.149267
 0 0.141485
 0 0.157963
 0 0.146462
 0 0.156831
 0 0.157602
 0 0.154139
 0 0.148302
 0 0.147855
 0 0.148491
 0 0.151119
 0 0.147556
 0 0.149699
 0 0.152488
 0 0.149772
 0 0.141994
 0 0.160324
 0 0.149688
 0 0.139785
 0 0.135838
 0 0.140669
 0 0.148158
 0 0.143738
 0 0.146327
 0 0.151534
 0 0.146593
 0 0.157862
 0 0.148846
 0 0.139958
 0 0.155843
 0 0.14669
 0 0.150732
 0 0.150515
 0 0.147001
 0 0.150936
 0 0.126834
 0 0.136032
 0 0.142723
 0 0.146649
 0 0.150986
 0 0.148778
 0 0.143245
 0 0.135014
 0 0.139345
 0 0.140178
 0 0.144767
 0 0.150299
 0 0.146984
 0 0.143639
 0 0.151208
 0 0.146552
 0 0.147592
 0 0.138262
 0 0.147484
 0 0.14309
 0 0.146802
 0 0.140555
 0 0.137478
 0 0.149708
 0 0.150852
 0 0.151041
 0 0.149894
 0 0.140598
 0 0.137157
 0 0.14692
 0 0.145793
 0 0.143092
 0 0.142065
 0 0.145512
 0 0.142121
 0 0.133445
 0 0.147911
 0 0.152521
 0 0.145854
 0 0.144168
 0 0.148042
 0 0.143673
 0 0.151014
 0 0.140106
 0 0.145808
 0 0.149777
 0 0.143096
 0 0.151293
 0 0.159297
 0 0.147506
 0 0.149424
 0 0.153145
 0 0.13577
 0 0.13713
 0 0.142547
 0 0.148434
 0 0.157818
 0 0.153105
 0 0.140311
 0 0.155406
 0 0.147149
 0 0.151439
 0 0.146747
 0 0.143871
 0 0.139467
 0 0.146585
 0 0.140287
 0 0.141657
 0 0.153701
 0 0.14139
 0 0.143545
 0 0.148993
 0 0.140552
 0 0.144893
 0 0.132445
 0 0.145782
 0 0.136043
 0 0.136028
 0 0.140175
 0 0.153331
 0 0.146521
 0 0.147018
 0 0.151737
 0 0.152433
 0 0.142871
 0 0.15356
 0 0.151641
 0 0.150316
 0 0.145903
 0 0.147247
 0 0.142148
 0 0.155872
 0 0.147657
 0 0.143362
 0 0.140338
 0 0.142307
 0 0.147608
 0 0.153563
 0 0.149052
 0 0.153507
 0 0.146945
 0 0.143328
 0 0.142486
 0 0.149643
 0 0.143621
 0 0.155909
 0 0.145988
 0 0.158196
 0 0.147558
 0 0.147677
 0 0.15362
 0 0.143287
 0 0.147241
 0 0.139881
 0 0.146801
 0 0.154711
 0 0.157889
 0 0.150203
 0 0.141769
 0 0.1452
 0 0.146408
 0 0.147719
 0 0.154465
 0 0.15357
 0 0.15284
 0 0.147713
 0 0.145752
 0 0.146766
 0 0.152562
 0 0.155424
 0 0.147676
 0 0.156474
 0 0.138354
 0 0.144031
 0 0.145569
 0 0.137002
 0 0.151606
 0 0.137663
 0 0.156621
 0 0.15068
 0 0.150921
 0 0.144785
 0 0.154185
 0 0.148218
 0 0.138056
 0 0.144904
 0 0.149503
 0 0.168712
 0 0.145762
 0 0.143542
 0 0.142627
 0 0.149086
 0 0.144199
 0 0.143082
 0 0.149441
 0 0.150351
 0 0.148059
 0 0.139989
 0 0.148129
 0 0.142457
 0 0.149609
 0 0.15242
 0 0.139872
 0 0.148825
 0 0.135288
 0 0.14326
 0 0.1393
 0 0.140751
 0 0.155477
 0 0.158916
 0 0.142724
 0 0.142737
 0 0.145674
 0 0.148467
 0 0.149386
 0 0.140962
 0 0.139336
 0 0.144269
 0 0.136376
 0 0.143952
 0 0.147499
 0 0.154472
 0 0.149975
 0 0.150503
 0 0.153471
 0 0.150335
 0 0.142824
 0 0.150483
 0 0.140978
 0 0.147672
 0 0.145228
 0 0.152852
 0 0.15241
 0 0.150189
 0 0.142001
 0 0.149642
 0 0.149733
 0 0.143718
 0 0.140425
 0 0.154722
 0 0.153379
 0 0.140314
 0 0.148877
 0 0.151334
 0 0.156715
 0 0.148077
 0 0.149963
 0 0.147848
 0 0.145804
 0 0.14172
 0 0.151128
 0 0.146965
 0 0.148942
 0 0.155557
 0 0.152251
 0 0.151419
 0 0.139358
 0 0.14713
 0 0.134131
 0 0.144399
 0 0.150978
 0 0.136193
 0 0.142413
 0 0.143427
 0 0.145539
 0 0.140139
 0 0.150616
 0 0.151781
 0 0.151337
 0 0.142914
 0 0.150198
 0 0.146667
 0 0.139253
 0 0.142633
 0 0.140322
 0 0.138532
 0 0.14121
 0 0.145932
 0 0.145549
 0 0.158934
 0 0.152026
 0 0.148375
 0 0.149387
 0 0.139332
 0 0.142029
 0 0.143513
 0 0.143545
 0 0.144554
 0 0.132958
 0 0.142395
 0 0.145709
 0 0.147709
 0 0.154343
 0 0.144751
 0 0.155077
 0 0.140327
 0 0.150551
 0 0.141878
 0 0.148273
 0 0.138739
 0 0.143161
 0 0.141648
 0 0.144529
 0 0.140121
 0 0.146664
 0 0.148104
 0 0.148665
 0 0.141142
 0 0.144299
 0 0.154348
 0 0.140785
 0 0.146465
 0 0.149604
 0 0.145115
 0 0.148658
 0 0.136968
 0 0.153005
 0 0.151144
 0 0.140037
 0 0.151261
 0 0.143767
 0 0.152674
 0 0.15137
 0 0.145434
 0 0.143382
 0 0.150156
 0 0.147073
 0 0.159204
 0 0.154349
 0 0.152636
 0 0.152922
 0 0.147267
 0 0.136608
 0 0.140197
 0 0.144006
 0 0.149005
 0 0.143818
 0 0.149001
 0 0.143435
 0 0.139228
 0 0.146724
 0 0.142487
 0 0.127663
 0 0.147885
 0 0.138712
 0 0.150841
 0 0.145875
 0 0.143437
 0 0.152675
 0 0.150004
 0 0.15358
 0 0.141489
 0 0.142192
 0 0.146067
 0 0.144978
 0 0.135306
 0 0.160945
 0 0.15511
 0 0.145938
 0 0.150975
 0 0.148465
 0 0.147772
 0 0.153103
 0 0.151328
 0 0.138783
 0 0.141311
 0 0.149295
 0 0.150169
 0 0.160271
 0 0.142503
 0 0.145183
 0 0.137766
 0 0.144055
 0 0.147454
 0 0.151198
 0 0.150159
 0 0.146668
 0 0.151502
 0 0.154122
 0 0.147646
 0 0.151343
 0 0.147286
 0 0.143951
 0 0.144381
 0 0.148221
 0 0.145138
 0 0.144214
 0 0.149541
 0 0.14955
 0 0.146477
 0 0.148194
 0 0.147322
 0 0.150187
 0 0.144414
 0 0.147811
