603 1 0 0 1
 0 0.293394
 0 0.270518
 0 0.283326
 0 0.284297
 0 0.28537
 0 0.26863
 0 0.300563
 0 0.272729
 0 0.292721
 0 0.306814
 0 0.306913
 0 0.314274
 0 0.292091
 0 0.281115
 0 0.299545
 0 0.28837
 0 0.28683
 0 0.286946
 0 0.305941
 0 0.287703
 0 0.280723
 0 0.28404
 0 0.281496
 0 0.294284
 0 0.273643
 0 0.269305
 0 0.308045
 0 0.288456
 0 0.296834
 0 0.307919
 0 0.287229
 0 0.285404
 0 0.273785
 0 0.291093
 0 0.292274
 0 0.281066
 0 0.299051
 0 0.273888
 0 0.277474
 0 0.285428
 0 0.298017
 0 0.292125
 0 0.285615
 0 0.282789
 0 0.292545
 0 0.296683
 0 0.317423
 0 0.300959
 0 0.283912
 0 0.3024
 0 0.282645
 0 0.283747
 0 0.28002
 0 0.308007
 0 0.282135
 0 0.287579
 0 0.275743
 0 0.277841
 0 0.295948
 0 0.288157
 0 0.296555
 0 0.276988
 0 0.293428
 0 0.289384
 0 0.283354
 0 0.292701
 0 0.271998
 0 0.29282
 0 0.287892
 0 0.308142
 0 0.297603
 0 0.285675
 0 0.274811
 0 0.299999
 0 0.301109
 0 0.279659
 0 0.291055
 0 0.300204
 0 0.300133
 0 0.281328
 0 0.287131
 0 0.286203
 0 0.273512
 0 0.302914
 0 0.295402
 0 0.288824
 0 0.289215
 0 0.293515
 0 0.284486
 0 0.259146
 0 0.307965
 0 0.279468
 0 0.269375
 0 0.293557
 0 0.274665
 0 0.293278
 0 0.292661
 0 0.298202
 0 0.288432
 0 0.294529
 0 0.269608
 0 0.261618
 0 0.288822
 0 0.279295
 0 0.282386
 0 0.282619
 0 0.287563
 0 0.286085
 0 0.273137
 0 0.262528
 0 0.287769
 0 0.269648
 0 0.288958
 0 0.289207
 0 0.297388
 0 0.287406
 0 0.306597
 0 0.292635
 0 0.302663
 0 0.284793
 0 0.286378
 0 0.288904
 0 0.28696
 0 0.276886
 0 0.289705
 0 0.296376
 0 0.299412
 0 0.30133
 0 0.286878
 0 0.334775
 0 0.293693
 0 0.292603
 0 0.281741
 0 0.294721
 0 0.297274
 0 0.301244
 0 0.295203
 0 0.30422
 0 0.278655
 0 0.306696
 0 0.298101
 0 0.295392
 0 0.288025
 0 0.290778
 0 0.280362
 0 0.269203
 0 0.276904
 0 0.283267
 0 0.288139
 0 0.312758
 0 0.311855
 0 0.287002
 0 0.285502
 0 0.274799
 0 0.293928
 0 0.293173
 0 0.284157
 0 0.292619
 0 0.292615
 0 0.294021
 0 0.296826
 0 0.284627
 0 0.256309
 0 0.28785
 0 0.287992
 0 0.295838
 0 0.293848
 0 0.304758
 0 0.301912
 0 0.309485
 0 0.269652
 0 0.264026
 0 0.27102
 0 0.267179
 0 0.28404
 0 0.285585
 0 0.284422
 0 0.301609
 0 0.285235
 0 0.293978
 0 0.283067
 0 0.285119
 0 0.284838
 0 0.292388
 0 0.317282
 0 0.27457
 0 0.286442
 0 0.277263
 0 0.277111
 0 0.269363
 0 0.286298
 0 0.303852
 0 0.265592
 0 0.280438
 0 0.288278
 0 0.31615
 0 0.273612
 0 0.293177
 0 0.29691
 0 0.298539
 0 0.296665
 0 0.302513
 0 0.290107
 0 0.305194
 0 0.297689
 0 0.298959
 0 0.297587
 0 0.260345
 0 0.273562
 0 0.292914
 0 0.26617
 0 0.302286
 0 0.286392
 0 0.297336
 0 0.281834
 0 0.314658
 0 0.291748
 0 0.312403
 0 0.313939
 0 0.307041
 0 0.295414
 0 0.294523
 0 0.29579
 0 0.301025
 0 0.293928
 0 0.298197
 0 0.303752
 0 0.298342
 0 0.282848
 0 0.319361
 0 0.298175
 0 0.278448
 0 0.270586
 0 0.280209
 0 0.295127
 0 0.286322
 0 0.29148
 0 0.301852
 0 0.292009
 0 0.314457
 0 0.296497
 0 0.278793
 0 0.310435
 0 0.292203
 0 0.300254
 0 0.299822
 0 0.292822
 0 0.300661
 0 0.25265
 0 0.270972
 0 0.284301
 0 0.292121
 0 0.30076
 0 0.296362
 0 0.28534
 0 0.268944
 0 0.277572
 0 0.279231
 0 0.288372
 0 0.299392
 0 0.292788
 0 0.286125
 0 0.301202
 0 0.291928
 0 0.293999
 0 0.275414
 0 0.293784
 0 0.285032
 0 0.292426
 0 0.279982
 0 0.273853
 0 0.298214
 0 0.300493
 0 0.30087
 0 0.298585
 0 0.280068
 0 0.273213
 0 0.292661
 0 0.290416
 0 0.285036
 0 0.28299
 0 0.289856
 0 0.283101
 0 0.265819
 0 0.294635
 0 0.303818
 0 0.290537
 0 0.287179
 0 0.294896
 0 0.286193
 0 0.300816
 0 0.279088
 0 0.290446
 0 0.298352
 0 0.285044
 0 0.301372
 0 0.317315
 0 0.293828
 0 0.297649
 0 0.305061
 0 0.27045
 0 0.273159
 0 0.28395
 0 0.295677
 0 0.314369
 0 0.304981
 0 0.279496
 0 0.309565
 0 0.293117
 0 0.301663
 0 0.292316
 0 0.286587
 0 0.277815
 0 0.291994
 0 0.279448
 0 0.282177
 0 0.306168
 0 0.281645
 0 0.285938
 0 0.29679
 0 0.279976
 0 0.288623
 0 0.263827
 0 0.290394
 0 0.270994
 0 0.270964
 0 0.279225
 0 0.305431
 0 0.291866
 0 0.292856
 0 0.302256
 0 0.303643
 0 0.284595
 0 0.305888
 0 0.302065
 0 0.299426
 0 0.290635
 0 0.293312
 0 0.283155
 0 0.310493
 0 0.294129
 0 0.285573
 0 0.27955
 0 0.283472
 0 0.294031
 0 0.305894
 0 0.296908
 0 0.305782
 0 0.292711
 0 0.285506
 0 0.283828
 0 0.298085
 0 0.286089
 0 0.310567
 0 0.290804
 0 0.315122
 0 0.293932
 0 0.294169
 0 0.306007
 0 0.285424
 0 0.2933
 0 0.278639
 0 0.292424
 0 0.30818
 0 0.314511
 0 0.2992
 0 0.2824
 0 0.289235
 0 0.291641
 0 0.294252
 0 0.30769
 0 0.305907
 0 0.304453
 0 0.29424
 0 0.290334
 0 0.292354
 0 0.3039
 0 0.309601
 0 0.294167
 0 0.311692
 0 0.275598
 0 0.286906
 0 0.28997
 0 0.272904
 0 0.301995
 0 0.274221
 0 0.311985
 0 0.300151
 0 0.300631
 0 0.288408
 0 0.307133
 0 0.295246
 0 0.275004
 0 0.288645
 0 0.297806
 0 0.33607
 0 0.290354
 0 0.285932
 0 0.284109
 0 0.296975
 0 0.287241
 0 0.285016
 0 0.297683
 0 0.299495
 0 0.29493
 0 0.278854
 0 0.295069
 0 0.283771
 0 0.298017
 0 0.303617
 0 0.278621
 0 0.296456
 0 0.26949
 0 0.28537
 0 0.277482
 0 0.280372
 0 0.309706
 0 0.316557
 0 0.284302
 0 0.284328
 0 0.290179
 0 0.295742
 0 0.297573
 0 0.280793
 0 0.277554
 0 0.28738
 0 0.271657
 0 0.286749
 0 0.293814
 0 0.307704
 0 0.298746
 0 0.299798
 0 0.30571
 0 0.299463
 0 0.284502
 0 0.299758
 0 0.280825
 0 0.294159
 0 0.28929
 0 0.304477
 0 0.303597
 0 0.299173
 0 0.282862
 0 0.298083
 0 0.298264
 0 0.286283
 0 0.279723
 0 0.308202
 0 0.305527
 0 0.279502
 0 0.296559
 0 0.301453
 0 0.312172
 0 0.294966
 0 0.298722
 0 0.294509
 0 0.290438
 0 0.282303
 0 0.301043
 0 0.29275
 0 0.296689
 0 0.309865
 0 0.30328
 0 0.301623
 0 0.277598
 0 0.293079
 0 0.267185
 0 0.287639
 0 0.300744
 0 0.271293
 0 0.283683
 0 0.285703
 0 0.28991
 0 0.279153
 0 0.300023
 0 0.302344
 0 0.301459
 0 0.284681
 0 0.299191
 0 0.292157
 0 0.277388
 0 0.284121
 0 0.279518
 0 0.275952
 0 0.281287
 0 0.290693
 0 0.28993
 0 0.316592
 0 0.302832
 0 0.295559
 0 0.297575
 0 0.277546
 0 0.282918
 0 0.285874
 0 0.285938
 0 0.287948
 0 0.264849
 0 0.283647
 0 0.290249
 0 0.294232
 0 0.307447
 0 0.28834
 0 0.308909
 0 0.279528
 0 0.299894
 0 0.282617
 0 0.295356
 0 0.276364
 0 0.285173
 0 0.282159
 0 0.287898
 0 0.279117
 0 0.292151
 0 0.295019
 0 0.296137
 0 0.281151
 0 0.28744
 0 0.307457
 0 0.28044
 0 0.291754
 0 0.298007
 0 0.289065
 0 0.296123
 0 0.272837
 0 0.304782
 0 0.301075
 0 0.27895
 0 0.301308
 0 0.28638
 0 0.304123
 0 0.301525
 0 0.289701
 0 0.285613
 0 0.299107
 0 0.292966
 0 0.31713
 0 0.307459
 0 0.304047
 0 0.304617
 0 0.293352
 0 0.27212
 0 0.279269
 0 0.286856
 0 0.296814
 0 0.286482
 0 0.296806
 0 0.285719
 0 0.277339
 0 0.29227
 0 0.28383
 0 0.254301
 0 0.294583
 0 0.276311
 0 0.300471
 0 0.290579
 0 0.285723
 0 0.304125
 0 0.298804
 0 0.305927
 0 0.281842
 0 0.283243
 0 0.290962
 0 0.288792
 0 0.269526
 0 0.320598
 0 0.308975
 0 0.290705
 0 0.300738
 0 0.295738
 0 0.294358
 0 0.304977
 0 0.301441
 0 0.276452
 0 0.281488
 0 0.297392
 0 0.299133
 0 0.319256
 0 0.283862
 0 0.289201
 0 0.274426
 0 0.286954
 0 0.293725
 0 0.301182
 0 0.299113
 0 0.292159
 0 0.301788
 0 0.307007
 0 0.294107
 0 0.301471
 0 0.29339
 0 0.286747
 0 0.287603
 0 0.295252
 0 0.289111
 0 0.287271
 0 0.297882
 0 0.2979
 0 0.291778
 0 0.295199
 0 0.293462
 0 0.299169
 0 0.287669
 0 0.294436
