603 1 0 0 1
 0 0.374862
 0 0.355963
 0 0.329574
 0 0.377058
 0 0.343903
 0 0.291303
 0 0.332386
 0 0.353173
 0 0.325025
 0 0.362399
 0 0.357345
 0 0.355198
 0 0.35846
 0 0.352274
 0 0.368171
 0 0.347854
 0 0.328824
 0 0.35471
 0 0.354126
 0 0.340417
 0 0.33613
 0 0.333029
 0 0.309597
 0 0.345551
 0 0.318321
 0 0.324053
 0 0.345603
 0 0.31977
 0 0.337693
 0 0.359662
 0 0.330559
 0 0.358581
 0 0.341127
 0 0.347477
 0 0.343276
 0 0.349262
 0 0.341163
 0 0.340234
 0 0.309108
 0 0.320741
 0 0.341977
 0 0.352288
 0 0.311187
 0 0.335374
 0 0.325008
 0 0.328069
 0 0.349024
 0 0.366515
 0 0.34678
 0 0.342902
 0 0.310683
 0 0.349838
 0 0.33587
 0 0.351859
 0 0.323852
 0 0.332268
 0 0.342863
 0 0.337762
 0 0.349413
 0 0.347523
 0 0.363599
 0 0.351015
 0 0.336138
 0 0.337732
 0 0.329828
 0 0.332759
 0 0.371944
 0 0.352081
 0 0.344858
 0 0.336126
 0 0.348168
 0 0.329542
 0 0.330569
 0 0.357644
 0 0.337573
 0 0.310178
 0 0.335691
 0 0.345356
 0 0.340095
 0 0.322621
 0 0.337554
 0 0.356022
 0 0.316816
 0 0.343635
 0 0.347586
 0 0.355
 0 0.288035
 0 0.305824
 0 0.332594
 0 0.304194
 0 0.364987
 0 0.315481
 0 0.312537
 0 0.351424
 0 0.314137
 0 0.358335
 0 0.371265
 0 0.350838
 0 0.318642
 0 0.306648
 0 0.307893
 0 0.331703
 0 0.348807
 0 0.355274
 0 0.338018
 0 0.318084
 0 0.357831
 0 0.328333
 0 0.32652
 0 0.330561
 0 0.344606
 0 0.335114
 0 0.344119
 0 0.33716
 0 0.345136
 0 0.345217
 0 0.33064
 0 0.342859
 0 0.335427
 0 0.330795
 0 0.315025
 0 0.328059
 0 0.350169
 0 0.333563
 0 0.36157
 0 0.336567
 0 0.365862
 0 0.334522
 0 0.336297
 0 0.376637
 0 0.335773
 0 0.344779
 0 0.325603
 0 0.338137
 0 0.355574
 0 0.344908
 0 0.385466
 0 0.349113
 0 0.338114
 0 0.355411
 0 0.35383
 0 0.339682
 0 0.349691
 0 0.38308
 0 0.324575
 0 0.330509
 0 0.346562
 0 0.334776
 0 0.32988
 0 0.369823
 0 0.389477
 0 0.373721
 0 0.312537
 0 0.341195
 0 0.337345
 0 0.315194
 0 0.338393
 0 0.321608
 0 0.342206
 0 0.341153
 0 0.338957
 0 0.323796
 0 0.285465
 0 0.32579
 0 0.333587
 0 0.349214
 0 0.335268
 0 0.352035
 0 0.338048
 0 0.327257
 0 0.341838
 0 0.307637
 0 0.321561
 0 0.320109
 0 0.334043
 0 0.331323
 0 0.370836
 0 0.35823
 0 0.330372
 0 0.358359
 0 0.335368
 0 0.359147
 0 0.344135
 0 0.344088
 0 0.355506
 0 0.333483
 0 0.363243
 0 0.360323
 0 0.360325
 0 0.339204
 0 0.363198
 0 0.34731
 0 0.276001
 0 0.341471
 0 0.337025
 0 0.353433
 0 0.335058
 0 0.336412
 0 0.324013
 0 0.342501
 0 0.338471
 0 0.346071
 0 0.344908
 0 0.364945
 0 0.357632
 0 0.312217
 0 0.351839
 0 0.338816
 0 0.334246
 0 0.346272
 0 0.342118
 0 0.31917
 0 0.350467
 0 0.356157
 0 0.327313
 0 0.352417
 0 0.326391
 0 0.375051
 0 0.363906
 0 0.369329
 0 0.318128
 0 0.335036
 0 0.330563
 0 0.376413
 0 0.356451
 0 0.358411
 0 0.34135
 0 0.351896
 0 0.33264
 0 0.363221
 0 0.371753
 0 0.349008
 0 0.328784
 0 0.356179
 0 0.332828
 0 0.327827
 0 0.33994
 0 0.323503
 0 0.335981
 0 0.337635
 0 0.376439
 0 0.327329
 0 0.365836
 0 0.354076
 0 0.344286
 0 0.350814
 0 0.348754
 0 0.357033
 0 0.333823
 0 0.322369
 0 0.340879
 0 0.345174
 0 0.331502
 0 0.338463
 0 0.320135
 0 0.312577
 0 0.317586
 0 0.33834
 0 0.315658
 0 0.357047
 0 0.332981
 0 0.327747
 0 0.328117
 0 0.33698
 0 0.335654
 0 0.316629
 0 0.350284
 0 0.353217
 0 0.356838
 0 0.303259
 0 0.333344
 0 0.321996
 0 0.370861
 0 0.370871
 0 0.346651
 0 0.310204
 0 0.359459
 0 0.341939
 0 0.353751
 0 0.315112
 0 0.323227
 0 0.349677
 0 0.34466
 0 0.326139
 0 0.349208
 0 0.338167
 0 0.333519
 0 0.332787
 0 0.35255
 0 0.353284
 0 0.345811
 0 0.365602
 0 0.371201
 0 0.323681
 0 0.341971
 0 0.349967
 0 0.360954
 0 0.35002
 0 0.335433
 0 0.361446
 0 0.319974
 0 0.33776
 0 0.333751
 0 0.309136
 0 0.34648
 0 0.360605
 0 0.320449
 0 0.325768
 0 0.351644
 0 0.372297
 0 0.347245
 0 0.340139
 0 0.343849
 0 0.345031
 0 0.347425
 0 0.327513
 0 0.346869
 0 0.316913
 0 0.347646
 0 0.336821
 0 0.343967
 0 0.344832
 0 0.320995
 0 0.346933
 0 0.344955
 0 0.33121
 0 0.31245
 0 0.359038
 0 0.331895
 0 0.361925
 0 0.346442
 0 0.355182
 0 0.335227
 0 0.363948
 0 0.354124
 0 0.35381
 0 0.351144
 0 0.32522
 0 0.345464
 0 0.365548
 0 0.327505
 0 0.325671
 0 0.338747
 0 0.322554
 0 0.354428
 0 0.34409
 0 0.359161
 0 0.357229
 0 0.330702
 0 0.359489
 0 0.318561
 0 0.355051
 0 0.330638
 0 0.338838
 0 0.338268
 0 0.367852
 0 0.34598
 0 0.333936
 0 0.379637
 0 0.326991
 0 0.336265
 0 0.337853
 0 0.339704
 0 0.349226
 0 0.360742
 0 0.347612
 0 0.343804
 0 0.338709
 0 0.324734
 0 0.35093
 0 0.337842
 0 0.323094
 0 0.344501
 0 0.345374
 0 0.33745
 0 0.357539
 0 0.345954
 0 0.348501
 0 0.355679
 0 0.363082
 0 0.346383
 0 0.345773
 0 0.334119
 0 0.33346
 0 0.327412
 0 0.324501
 0 0.339533
 0 0.3457
 0 0.340824
 0 0.358381
 0 0.339422
 0 0.323278
 0 0.316998
 0 0.333521
 0 0.340476
 0 0.390835
 0 0.36539
 0 0.343607
 0 0.344806
 0 0.359749
 0 0.330154
 0 0.335733
 0 0.342615
 0 0.332249
 0 0.348678
 0 0.314346
 0 0.311153
 0 0.340141
 0 0.344721
 0 0.362536
 0 0.343536
 0 0.34847
 0 0.338197
 0 0.316669
 0 0.35172
 0 0.318849
 0 0.368525
 0 0.35606
 0 0.346232
 0 0.341699
 0 0.349466
 0 0.346828
 0 0.318875
 0 0.330319
 0 0.326842
 0 0.344245
 0 0.34542
 0 0.322363
 0 0.303789
 0 0.357503
 0 0.330734
 0 0.363142
 0 0.359673
 0 0.33665
 0 0.337204
 0 0.31671
 0 0.365997
 0 0.324654
 0 0.344646
 0 0.336362
 0 0.349061
 0 0.361992
 0 0.339811
 0 0.339287
 0 0.34704
 0 0.326068
 0 0.315712
 0 0.365681
 0 0.364998
 0 0.324207
 0 0.371358
 0 0.334031
 0 0.367294
 0 0.327744
 0 0.349139
 0 0.330628
 0 0.363436
 0 0.337433
 0 0.382584
 0 0.369497
 0 0.329669
 0 0.343599
 0 0.373468
 0 0.357555
 0 0.334766
 0 0.339761
 0 0.345904
 0 0.336585
 0 0.353495
 0 0.314145
 0 0.303688
 0 0.320781
 0 0.352617
 0 0.349379
 0 0.361639
 0 0.362159
 0 0.364415
 0 0.351345
 0 0.356884
 0 0.346591
 0 0.33453
 0 0.328286
 0 0.347806
 0 0.331534
 0 0.363767
 0 0.346315
 0 0.325027
 0 0.358387
 0 0.340546
 0 0.334867
 0 0.351118
 0 0.352186
 0 0.347185
 0 0.336448
 0 0.334429
 0 0.344618
 0 0.292619
 0 0.315021
 0 0.332979
 0 0.348039
 0 0.348889
 0 0.340482
 0 0.343043
 0 0.322589
 0 0.340623
 0 0.34758
 0 0.333253
 0 0.340256
 0 0.344171
 0 0.340075
 0 0.337687
 0 0.323602
 0 0.345217
 0 0.358913
 0 0.349296
 0 0.347197
 0 0.332469
 0 0.363138
 0 0.331029
 0 0.357906
 0 0.347685
 0 0.341673
 0 0.350066
 0 0.313474
 0 0.351607
 0 0.329574
 0 0.335947
 0 0.335304
 0 0.333539
 0 0.374679
 0 0.365896
 0 0.365737
 0 0.327795
 0 0.360654
 0 0.342317
 0 0.396382
 0 0.360795
 0 0.355387
 0 0.375557
 0 0.364814
 0 0.30913
 0 0.325679
 0 0.323856
 0 0.338243
 0 0.335519
 0 0.355423
 0 0.351206
 0 0.342638
 0 0.348916
 0 0.342491
 0 0.323634
 0 0.352109
 0 0.32491
 0 0.341368
 0 0.34137
 0 0.336172
 0 0.347519
 0 0.370002
 0 0.341354
 0 0.3334
 0 0.320785
 0 0.340548
 0 0.349435
 0 0.329002
 0 0.366478
 0 0.336865
 0 0.348323
 0 0.360577
 0 0.344868
 0 0.349335
 0 0.364605
 0 0.367063
 0 0.331089
 0 0.368598
 0 0.35853
 0 0.345581
 0 0.369075
 0 0.336229
 0 0.333736
 0 0.343071
 0 0.35304
 0 0.337141
 0 0.352838
 0 0.354972
 0 0.321477
 0 0.366873
 0 0.344554
 0 0.348754
 0 0.354069
 0 0.341038
 0 0.34372
 0 0.338203
 0 0.329963
 0 0.349311
 0 0.343198
 0 0.353828
 0 0.348611
 0 0.341429
 0 0.337613
 0 0.331063
 0 0.320316
 0 0.320284
 0 0.347467
