603 1 0 0 1
 0 0.403037
 0 0.38583
 0 0.397724
 0 0.399519
 0 0.383594
 0 0.399062
 0 0.367387
 0 0.379102
 0 0.374921
 0 0.404559
 0 0.364262
 0 0.407978
 0 0.397897
 0 0.355645
 0 0.3933
 0 0.37408
 0 0.388664
 0 0.365018
 0 0.386599
 0 0.384184
 0 0.380219
 0 0.377755
 0 0.369008
 0 0.388499
 0 0.396625
 0 0.368955
 0 0.381674
 0 0.37281
 0 0.377803
 0 0.415734
 0 0.369772
 0 0.39369
 0 0.385283
 0 0.389371
 0 0.36871
 0 0.392994
 0 0.391887
 0 0.371127
 0 0.412159
 0 0.378935
 0 0.365777
 0 0.418286
 0 0.357724
 0 0.369436
 0 0.375871
 0 0.361577
 0 0.384298
 0 0.394525
 0 0.405849
 0 0.388
 0 0.374327
 0 0.397929
 0 0.388103
 0 0.398716
 0 0.412439
 0 0.377435
 0 0.384377
 0 0.365522
 0 0.364282
 0 0.414578
 0 0.368671
 0 0.386714
 0 0.350267
 0 0.364101
 0 0.432093
 0 0.385506
 0 0.377071
 0 0.384099
 0 0.391905
 0 0.366274
 0 0.384204
 0 0.390528
 0 0.362388
 0 0.376737
 0 0.392535
 0 0.367089
 0 0.381203
 0 0.381988
 0 0.378079
 0 0.37167
 0 0.3665
 0 0.392197
 0 0.400807
 0 0.366091
 0 0.382117
 0 0.397335
 0 0.351426
 0 0.389387
 0 0.390464
 0 0.366319
 0 0.410746
 0 0.40909
 0 0.36659
 0 0.392951
 0 0.376996
 0 0.395562
 0 0.392396
 0 0.410217
 0 0.382392
 0 0.381225
 0 0.384518
 0 0.399263
 0 0.415597
 0 0.377469
 0 0.392414
 0 0.406183
 0 0.400437
 0 0.39343
 0 0.378544
 0 0.401932
 0 0.37797
 0 0.380762
 0 0.413602
 0 0.366248
 0 0.3868
 0 0.386949
 0 0.389487
 0 0.380698
 0 0.373558
 0 0.396282
 0 0.384049
 0 0.384514
 0 0.36872
 0 0.367911
 0 0.37226
 0 0.372176
 0 0.425401
 0 0.362253
 0 0.431131
 0 0.384717
 0 0.408341
 0 0.381283
 0 0.402955
 0 0.419083
 0 0.431435
 0 0.397639
 0 0.380517
 0 0.417972
 0 0.398362
 0 0.42014
 0 0.403929
 0 0.375847
 0 0.400706
 0 0.389612
 0 0.371411
 0 0.37735
 0 0.374889
 0 0.372355
 0 0.390009
 0 0.413137
 0 0.377765
 0 0.375748
 0 0.379677
 0 0.362989
 0 0.384427
 0 0.384852
 0 0.370966
 0 0.415035
 0 0.384876
 0 0.399092
 0 0.396798
 0 0.383689
 0 0.339452
 0 0.408178
 0 0.387966
 0 0.426057
 0 0.352807
 0 0.375155
 0 0.400741
 0 0.416977
 0 0.401638
 0 0.365884
 0 0.379917
 0 0.392957
 0 0.402005
 0 0.387446
 0 0.405291
 0 0.378878
 0 0.382626
 0 0.368368
 0 0.370596
 0 0.386589
 0 0.397619
 0 0.380066
 0 0.405221
 0 0.368621
 0 0.362565
 0 0.380005
 0 0.387539
 0 0.384713
 0 0.375191
 0 0.420574
 0 0.423716
 0 0.387976
 0 0.376227
 0 0.361073
 0 0.395097
 0 0.364217
 0 0.41451
 0 0.386128
 0 0.399674
 0 0.397432
 0 0.389286
 0 0.360389
 0 0.370678
 0 0.375032
 0 0.382543
 0 0.387167
 0 0.400121
 0 0.406586
 0 0.410013
 0 0.391583
 0 0.394048
 0 0.400813
 0 0.392955
 0 0.425143
 0 0.386442
 0 0.437691
 0 0.404273
 0 0.380655
 0 0.397492
 0 0.403428
 0 0.387907
 0 0.397947
 0 0.38953
 0 0.410543
 0 0.423044
 0 0.397903
 0 0.405509
 0 0.404052
 0 0.427011
 0 0.372719
 0 0.338265
 0 0.389985
 0 0.392364
 0 0.366651
 0 0.395763
 0 0.38798
 0 0.364563
 0 0.426256
 0 0.380643
 0 0.36814
 0 0.392704
 0 0.366236
 0 0.384977
 0 0.403313
 0 0.383053
 0 0.391156
 0 0.342872
 0 0.367029
 0 0.391281
 0 0.410223
 0 0.402441
 0 0.394089
 0 0.410291
 0 0.395697
 0 0.393477
 0 0.395958
 0 0.380786
 0 0.378466
 0 0.369068
 0 0.389761
 0 0.41164
 0 0.37282
 0 0.373401
 0 0.365361
 0 0.380824
 0 0.37124
 0 0.387088
 0 0.367862
 0 0.365886
 0 0.387779
 0 0.407922
 0 0.403204
 0 0.388475
 0 0.366568
 0 0.352654
 0 0.396796
 0 0.402707
 0 0.386605
 0 0.372246
 0 0.352127
 0 0.39055
 0 0.368768
 0 0.385158
 0 0.384113
 0 0.402011
 0 0.383316
 0 0.420017
 0 0.388988
 0 0.396548
 0 0.381108
 0 0.400038
 0 0.394785
 0 0.357551
 0 0.387344
 0 0.361216
 0 0.387992
 0 0.382249
 0 0.388203
 0 0.406978
 0 0.403985
 0 0.4003
 0 0.387376
 0 0.369911
 0 0.390878
 0 0.387191
 0 0.391593
 0 0.390343
 0 0.398804
 0 0.401974
 0 0.395155
 0 0.374164
 0 0.383276
 0 0.383874
 0 0.340022
 0 0.408248
 0 0.373021
 0 0.375579
 0 0.385089
 0 0.406441
 0 0.379872
 0 0.376706
 0 0.375692
 0 0.364018
 0 0.387976
 0 0.374251
 0 0.416911
 0 0.363028
 0 0.416476
 0 0.396029
 0 0.37883
 0 0.375205
 0 0.410462
 0 0.357774
 0 0.39935
 0 0.38139
 0 0.411992
 0 0.399595
 0 0.37059
 0 0.378431
 0 0.400648
 0 0.39746
 0 0.379395
 0 0.381748
 0 0.38201
 0 0.388559
 0 0.384635
 0 0.378079
 0 0.372329
 0 0.359829
 0 0.394149
 0 0.404066
 0 0.408166
 0 0.374822
 0 0.388839
 0 0.371827
 0 0.391208
 0 0.402421
 0 0.372798
 0 0.380488
 0 0.375652
 0 0.415138
 0 0.378246
 0 0.380144
 0 0.413578
 0 0.382481
 0 0.380291
 0 0.413852
 0 0.385969
 0 0.378729
 0 0.400739
 0 0.36339
 0 0.399525
 0 0.388791
 0 0.396737
 0 0.366325
 0 0.40981
 0 0.378645
 0 0.419473
 0 0.405865
 0 0.40784
 0 0.389642
 0 0.384592
 0 0.363841
 0 0.396657
 0 0.394415
 0 0.381074
 0 0.39844
 0 0.403925
 0 0.401491
 0 0.372844
 0 0.363261
 0 0.376201
 0 0.383212
 0 0.421667
 0 0.383807
 0 0.394185
 0 0.393446
 0 0.40251
 0 0.368525
 0 0.379868
 0 0.404764
 0 0.373637
 0 0.38934
 0 0.371266
 0 0.375076
 0 0.363426
 0 0.421194
 0 0.386698
 0 0.367522
 0 0.39462
 0 0.375442
 0 0.342848
 0 0.371511
 0 0.366021
 0 0.425896
 0 0.380533
 0 0.379013
 0 0.387762
 0 0.371328
 0 0.38959
 0 0.360445
 0 0.374774
 0 0.381229
 0 0.397079
 0 0.384425
 0 0.364877
 0 0.393191
 0 0.37757
 0 0.402232
 0 0.352107
 0 0.379446
 0 0.369563
 0 0.40257
 0 0.372701
 0 0.366926
 0 0.384009
 0 0.362142
 0 0.395836
 0 0.379188
 0 0.415277
 0 0.374072
 0 0.399791
 0 0.397675
 0 0.379611
 0 0.37569
 0 0.341465
 0 0.408741
 0 0.368845
 0 0.391893
 0 0.396282
 0 0.368607
 0 0.388475
 0 0.40793
 0 0.398748
 0 0.38744
 0 0.411221
 0 0.401974
 0 0.397192
 0 0.393398
 0 0.406751
 0 0.355985
 0 0.398929
 0 0.364231
 0 0.386567
 0 0.419592
 0 0.360689
 0 0.390484
 0 0.357444
 0 0.37282
 0 0.372254
 0 0.391035
 0 0.391804
 0 0.392806
 0 0.3789
 0 0.410313
 0 0.378425
 0 0.384896
 0 0.370942
 0 0.385416
 0 0.343756
 0 0.380353
 0 0.381915
 0 0.379224
 0 0.399201
 0 0.362376
 0 0.421973
 0 0.351615
 0 0.41426
 0 0.379049
 0 0.387899
 0 0.397277
 0 0.356734
 0 0.358247
 0 0.354065
 0 0.34829
 0 0.407828
 0 0.403079
 0 0.372103
 0 0.391053
 0 0.365882
 0 0.386182
 0 0.39335
 0 0.357207
 0 0.390908
 0 0.398321
 0 0.383596
 0 0.392545
 0 0.388747
 0 0.362031
 0 0.392716
 0 0.384117
 0 0.388861
 0 0.393314
 0 0.400036
 0 0.410251
 0 0.379766
 0 0.364946
 0 0.4004
 0 0.410909
 0 0.391627
 0 0.403341
 0 0.367011
 0 0.409021
 0 0.376266
 0 0.354848
 0 0.387704
 0 0.383123
 0 0.408079
 0 0.392722
 0 0.379544
 0 0.400813
 0 0.395582
 0 0.398337
 0 0.411543
 0 0.405116
 0 0.385422
 0 0.412767
 0 0.393304
 0 0.372009
 0 0.369197
 0 0.379335
 0 0.400215
 0 0.372967
 0 0.39377
 0 0.432019
 0 0.390868
 0 0.366371
 0 0.370565
 0 0.37702
 0 0.381142
 0 0.385655
 0 0.369161
 0 0.362573
 0 0.39369
 0 0.400274
 0 0.372429
 0 0.410136
 0 0.41257
 0 0.382884
 0 0.37034
 0 0.373057
 0 0.396331
 0 0.388241
 0 0.410792
 0 0.365477
 0 0.397639
 0 0.373124
 0 0.378369
 0 0.375843
 0 0.40218
 0 0.373492
 0 0.362673
 0 0.39245
 0 0.39046
 0 0.389588
 0 0.382461
 0 0.388012
 0 0.389825
 0 0.392955
 0 0.372767
 0 0.382568
 0 0.395034
 0 0.377608
 0 0.412604
 0 0.386587
 0 0.414643
 0 0.391794
 0 0.392708
 0 0.391126
 0 0.37951
 0 0.36531
 0 0.401256
 0 0.394405
 0 0.388775
 0 0.366848
 0 0.378252
 0 0.389503
 0 0.392573
 0 0.41101
 0 0.370616
 0 0.405326
