535 1 0 0 1
 0 0.540333
 0 0.353093
 0 0.431209
 0 0.556798
 0 0.572259
 0 0.525859
 0 0.865477
 0 0.551212
 0 0.667516
 0 0.499555
 0 0.470216
 0 0.581787
 0 0.504661
 0 0.503558
 0 0.506541
 0 0.575801
 0 0.510724
 0 0.451058
 0 0.613793
 0 0.632732
 0 0.369491
 0 0.583152
 0 0.514743
 0 0.498162
 0 0.422431
 0 0.452676
 0 0.48012
 0 0.460433
 0 0.662868
 0 0.483632
 0 0.461449
 0 0.420944
 0 0.568934
 0 0.388612
 0 0.576836
 0 0.533002
 0 0.472334
 0 0.677368
 0 0.517447
 0 0.531751
 0 0.506779
 0 0.476498
 0 0.497003
 0 0.414499
 0 0.672554
 0 0.718226
 0 0.376117
 0 0.387852
 0 0.522514
 0 0.567907
 0 0.499409
 0 0.637422
 0 0.56149
 0 0.430976
 0 0.372673
 0 0.488055
 0 0.483341
 0 0.387585
 0 0.386795
 0 0.604805
 0 0.610409
 0 0.67145
 0 0.53197
 0 0.6449
 0 0.305631
 0 0.590809
 0 0.472885
 0 0.534371
 0 0.562985
 0 0.513582
 0 0.406385
 0 0.391647
 0 0.420354
 0 0.463692
 0 0.439379
 0 0.308539
 0 0.434022
 0 0.525895
 0 0.593001
 0 0.65193
 0 0.441662
 0 0.527509
 0 0.3815
 0 0.569383
 0 0.540642
 0 0.441113
 0 0.784716
 0 0.597603
 0 0.602554
 0 0.652266
 0 0.448934
 0 0.64498
 0 0.489852
 0 0.543794
 0 0.381154
 0 0.574303
 0 0.43024
 0 0.37932
 0 0.550467
 0 0.414536
 0 0.422554
 0 0.520639
 0 0.329059
 0 0.56644
 0 0.526135
 0 0.418173
 0 0.586066
 0 0.431243
 0 0.491152
 0 0.512906
 0 0.48209
 0 0.606421
 0 0.592597
 0 0.525246
 0 0.557836
 0 0.758044
 0 0.478334
 0 0.413354
 0 0.533958
 0 0.445059
 0 0.568611
 0 0.623378
 0 0.439438
 0 0.535313
 0 0.451235
 0 0.500389
 0 0.657449
 0 0.398236
 0 0.653996
 0 0.467989
 0 0.551007
 0 0.656344
 0 0.626376
 0 0.531294
 0 0.626575
 0 0.692643
 0 0.399027
 0 0.505629
 0 0.538444
 0 0.627935
 0 0.486918
 0 0.566046
 0 0.577316
 0 0.358516
 0 0.494542
 0 0.416842
 0 0.409595
 0 0.612254
 0 0.635205
 0 0.460519
 0 0.541587
 0 0.529298
 0 0.653233
 0 0.556297
 0 0.301162
 0 0.690171
 0 0.590496
 0 0.546933
 0 0.308972
 0 0.62209
 0 0.554974
 0 0.523066
 0 0.57412
 0 0.510429
 0 0.499803
 0 0.513966
 0 0.523455
 0 0.432574
 0 0.498237
 0 0.443786
 0 0.469607
 0 0.500823
 0 0.669323
 0 0.506238
 0 0.644122
 0 0.555687
 0 0.762272
 0 0.498119
 0 0.725046
 0 0.404017
 0 0.306446
 0 0.727722
 0 0.430497
 0 0.543373
 0 0.598799
 0 0.386939
 0 0.369998
 0 0.649931
 0 0.591137
 0 0.48556
 0 0.334141
 0 0.416918
 0 0.71032
 0 0.580727
 0 0.459905
 0 0.383665
 0 0.505213
 0 0.489344
 0 0.531312
 0 0.534877
 0 0.388004
 0 0.462477
 0 0.46441
 0 0.546802
 0 0.473607
 0 0.501078
 0 0.514949
 0 0.407011
 0 0.521338
 0 0.625417
 0 0.351539
 0 0.647678
 0 0.561001
 0 0.516677
 0 0.261813
 0 0.632625
 0 0.742384
 0 0.439824
 0 0.529606
 0 0.619631
 0 0.61495
 0 0.545924
 0 0.612084
 0 0.606976
 0 0.665435
 0 0.267174
 0 0.582136
 0 0.51111
 0 0.469099
 0 0.393114
 0 0.548038
 0 0.590324
 0 0.521055
 0 0.560093
 0 0.352019
 0 0.434277
 0 0.587201
 0 0.263494
 0 0.352624
 0 0.34641
 0 0.519929
 0 0.390406
 0 0.414528
 0 0.637758
 0 0.678536
 0 0.513632
 0 0.655373
 0 0.424405
 0 0.463838
 0 0.522064
 0 0.435226
 0 0.50282
 0 0.569065
 0 0.43035
 0 0.680113
 0 0.788428
 0 0.538688
 0 0.540684
 0 0.525227
 0 0.452602
 0 0.532503
 0 0.433298
 0 0.54178
 0 0.485897
 0 0.478828
 0 0.47284
 0 0.464944
 0 0.472233
 0 0.533543
 0 0.613658
 0 0.406449
 0 0.68059
 0 0.814171
 0 0.577921
 0 0.667361
 0 0.684047
 0 0.57801
 0 0.54039
 0 0.36753
 0 0.572816
 0 0.500314
 0 0.598342
 0 0.541277
 0 0.551973
 0 0.548624
 0 0.404384
 0 0.546651
 0 0.438536
 0 0.612459
 0 0.4937
 0 0.609003
 0 0.42656
 0 0.576597
 0 0.458247
 0 0.651811
 0 0.647476
 0 0.515543
 0 0.578355
 0 0.552736
 0 0.39854
 0 0.652252
 0 0.54633
 0 0.481889
 0 0.598703
 0 0.546562
 0 0.393709
 0 0.580744
 0 0.674092
 0 0.482353
 0 0.475706
 0 0.343519
 0 0.63584
 0 0.432321
 0 0.623992
 0 0.513936
 0 0.583991
 0 0.5037
 0 0.500032
 0 0.392419
 0 0.32378
 0 0.550688
 0 0.366515
 0 0.619656
 0 0.498235
 0 0.448043
 0 0.591271
 0 0.557555
 0 0.57111
 0 0.627241
 0 0.540396
 0 0.592787
 0 0.588578
 0 0.698502
 0 0.409284
 0 0.482899
 0 0.429666
 0 0.283942
 0 0.482078
 0 0.42046
 0 0.571872
 0 0.581299
 0 0.474593
 0 0.590813
 0 0.449355
 0 0.453457
 0 0.608332
 0 0.525048
 0 0.333936
 0 0.518553
 0 0.458005
 0 0.5884
 0 0.638685
 0 0.638543
 0 0.30555
 0 0.433549
 0 0.574307
 0 0.391959
 0 0.597341
 0 0.406011
 0 0.532623
 0 0.349976
 0 0.414595
 0 0.567378
 0 0.573054
 0 0.418832
 0 0.542949
 0 0.517309
 0 0.421475
 0 0.602205
 0 0.711297
 0 0.690349
 0 0.528916
 0 0.459199
 0 0.6609
 0 0.529091
 0 0.557156
 0 0.436455
 0 0.570563
 0 0.624205
 0 0.580864
 0 0.58496
 0 0.633961
 0 0.546959
 0 0.5519
 0 0.603698
 0 0.539503
 0 0.534558
 0 0.434841
 0 0.460601
 0 0.517459
 0 0.454724
 0 0.714788
 0 0.602461
 0 0.438945
 0 0.620058
 0 0.471631
 0 0.515447
 0 0.541231
 0 0.655137
 0 0.660082
 0 0.509931
 0 0.475856
 0 0.630052
 0 0.555702
 0 0.531134
 0 0.478785
 0 0.516554
 0 0.52504
 0 0.507686
 0 0.434804
 0 0.371807
 0 0.501139
 0 0.234653
 0 0.507791
 0 0.528243
 0 0.292722
 0 0.435951
 0 0.447312
 0 0.446448
 0 0.41332
 0 0.441641
 0 0.297412
 0 0.258211
 0 0.596503
 0 0.447613
 0 0.548241
 0 0.511818
 0 0.660219
 0 0.522629
 0 0.5536
 0 0.526536
 0 0.49323
 0 0.60998
 0 0.234425
 0 0.384092
 0 0.497636
 0 0.477827
 0 0.137148
 0 0.409933
 0 0.359829
 0 0.418634
 0 0.527679
 0 0.67333
 0 0.437636
 0 0.60854
 0 0.61707
 0 0.707031
 0 0.435808
 0 0.441615
 0 0.419465
 0 0.622903
 0 0.406105
 0 0.728735
 0 0.590743
 0 0.20943
 0 0.732567
 0 0.622045
 0 0.360809
 0 0.5817
 0 0.516294
 0 0.301571
 0 0.384757
 0 0.617916
 0 0.498508
 0 0.532135
 0 0.598582
 0 0.427209
 0 0.463533
 0 0.521081
 0 0.442014
 0 0.634195
 0 0.523863
 0 0.414324
 0 0.349832
 0 0.435062
 0 0.655517
 0 0.657694
 0 0.581284
 0 0.72318
 0 0.395633
 0 0.34488
 0 0.513007
 0 0.508437
 0 0.502145
 0 0.374556
 0 0.659988
 0 0.670053
 0 0.646721
 0 0.692182
 0 0.481427
 0 0.486026
 0 0.704089
 0 0.631363
 0 0.30113
 0 0.628016
 0 0.482095
 0 0.392867
 0 0.570518
 0 0.575724
 0 0.605758
 0 0.467008
 0 0.517095
 0 0.349779
 0 0.400798
 0 0.408318
 0 0.585186
 0 0.629139
 0 0.783692
 0 0.615893
 0 0.652108
 0 0.558288
 0 0.511194
 0 0.439659
 0 0.417213
 0 0.601655
 0 0.587673
 0 0.654643
 0 0.579383
 0 0.509221
 0 0.659744
 0 0.581492
 0 0.328267
 0 0.612352
 0 0.553857
 0 0.627703
 0 0.50253
 0 0.39708
 0 0.407649
 0 0.337758
 0 0.422763
 0 0.448988
 0 0.502836
 0 0.689775
 0 0.314432
 0 0.509164
