535 1 0 0 1
 0 0.45185
 0 0.353961
 0 0.471596
 0 0.594358
 0 0.551252
 0 0.497974
 0 0.442665
 0 0.528369
 0 0.419786
 0 0.279974
 0 0.322083
 0 0.574905
 0 0.338543
 0 0.610591
 0 0.627688
 0 0.624779
 0 0.500025
 0 0.55566
 0 0.526697
 0 0.697586
 0 0.383309
 0 0.432919
 0 0.376839
 0 0.30863
 0 0.369972
 0 0.636035
 0 0.532244
 0 0.556059
 0 0.516001
 0 0.514123
 0 0.658835
 0 0.517288
 0 0.476278
 0 0.405693
 0 0.433103
 0 0.421236
 0 0.512569
 0 0.47747
 0 0.509971
 0 0.494757
 0 0.488441
 0 0.184483
 0 0.558264
 0 0.482809
 0 0.404354
 0 0.381471
 0 0.554824
 0 0.44201
 0 0.414157
 0 0.566081
 0 0.609233
 0 0.535872
 0 0.467509
 0 0.632101
 0 0.418953
 0 0.612475
 0 0.540328
 0 0.523225
 0 0.604019
 0 0.516117
 0 0.56246
 0 0.576134
 0 0.408714
 0 0.522318
 0 0.4534
 0 0.514346
 0 0.507385
 0 0.483151
 0 0.444692
 0 0.314918
 0 0.453695
 0 0.492057
 0 0.475997
 0 0.59298
 0 0.291709
 0 0.398357
 0 0.498709
 0 0.372163
 0 0.497766
 0 0.449199
 0 0.654626
 0 0.379548
 0 0.551346
 0 0.691049
 0 0.580967
 0 0.469916
 0 0.720004
 0 0.381748
 0 0.431436
 0 0.325537
 0 0.364148
 0 0.623035
 0 0.523428
 0 0.745192
 0 0.558173
 0 0.454663
 0 0.335201
 0 0.370631
 0 0.503427
 0 0.487324
 0 0.586687
 0 0.563705
 0 0.538622
 0 0.472128
 0 0.740533
 0 0.63577
 0 0.355841
 0 0.499221
 0 0.347861
 0 0.60399
 0 0.516593
 0 0.482041
 0 0.415755
 0 0.690559
 0 0.376108
 0 0.437485
 0 0.472922
 0 0.470573
 0 0.449975
 0 0.416224
 0 0.554812
 0 0.474291
 0 0.418198
 0 0.642111
 0 0.444872
 0 0.527665
 0 0.443721
 0 0.527218
 0 0.456239
 0 0.616305
 0 0.420403
 0 0.614213
 0 0.538436
 0 0.54215
 0 0.480518
 0 0.528018
 0 0.586677
 0 0.567052
 0 0.428564
 0 0.318352
 0 0.527993
 0 0.493075
 0 0.525522
 0 0.354346
 0 0.388877
 0 0.428329
 0 0.601237
 0 0.553583
 0 0.658649
 0 0.405538
 0 0.550511
 0 0.568552
 0 0.62911
 0 0.447554
 0 0.392226
 0 0.517953
 0 0.432182
 0 0.579991
 0 0.322396
 0 0.509875
 0 0.557671
 0 0.447422
 0 0.505975
 0 0.680384
 0 0.575414
 0 0.536533
 0 0.512247
 0 0.540688
 0 0.39276
 0 0.455142
 0 0.52517
 0 0.5069
 0 0.459712
 0 0.602408
 0 0.548949
 0 0.479081
 0 0.474893
 0 0.445169
 0 0.528255
 0 0.558934
 0 0.450584
 0 0.538449
 0 0.437173
 0 0.466295
 0 0.502119
 0 0.482532
 0 0.545233
 0 0.457055
 0 0.640574
 0 0.477314
 0 0.409936
 0 0.537256
 0 0.373006
 0 0.402822
 0 0.49586
 0 0.48384
 0 0.725536
 0 0.627621
 0 0.366092
 0 0.392925
 0 0.462441
 0 0.459268
 0 0.59193
 0 0.543456
 0 0.489949
 0 0.381879
 0 0.473001
 0 0.442554
 0 0.562962
 0 0.626765
 0 0.532523
 0 0.309822
 0 0.521138
 0 0.450918
 0 0.35491
 0 0.528811
 0 0.543353
 0 0.581743
 0 0.526022
 0 0.526803
 0 0.390653
 0 0.307593
 0 0.546567
 0 0.4019
 0 0.358521
 0 0.460776
 0 0.619933
 0 0.430279
 0 0.511282
 0 0.413274
 0 0.555176
 0 0.52237
 0 0.445909
 0 0.736267
 0 0.56479
 0 0.415534
 0 0.560259
 0 0.624442
 0 0.544599
 0 0.640364
 0 0.410178
 0 0.444562
 0 0.531743
 0 0.441115
 0 0.483068
 0 0.441067
 0 0.642527
 0 0.342784
 0 0.555065
 0 0.524589
 0 0.606538
 0 0.378986
 0 0.479888
 0 0.602312
 0 0.614897
 0 0.46888
 0 0.57829
 0 0.644428
 0 0.600297
 0 0.501251
 0 0.547398
 0 0.497642
 0 0.517411
 0 0.583384
 0 0.454914
 0 0.655034
 0 0.288184
 0 0.609393
 0 0.557302
 0 0.523029
 0 0.358091
 0 0.623921
 0 0.468976
 0 0.60917
 0 0.433881
 0 0.427813
 0 0.47376
 0 0.505943
 0 0.636769
 0 0.353932
 0 0.568133
 0 0.394953
 0 0.53151
 0 0.57889
 0 0.525479
 0 0.411416
 0 0.420541
 0 0.511993
 0 0.38248
 0 0.269339
 0 0.589369
 0 0.488528
 0 0.50431
 0 0.577616
 0 0.675515
 0 0.486174
 0 0.449296
 0 0.554601
 0 0.626579
 0 0.523931
 0 0.499982
 0 0.439484
 0 0.571876
 0 0.576873
 0 0.658167
 0 0.468953
 0 0.499787
 0 0.416457
 0 0.456819
 0 0.61749
 0 0.506712
 0 0.495074
 0 0.453929
 0 0.443388
 0 0.665538
 0 0.627951
 0 0.430199
 0 0.578349
 0 0.572539
 0 0.731152
 0 0.361936
 0 0.309684
 0 0.59676
 0 0.454734
 0 0.446555
 0 0.658365
 0 0.438771
 0 0.455734
 0 0.401104
 0 0.550566
 0 0.433465
 0 0.438694
 0 0.743817
 0 0.656235
 0 0.523338
 0 0.431352
 0 0.458883
 0 0.647842
 0 0.610224
 0 0.584442
 0 0.536638
 0 0.621575
 0 0.640039
 0 0.411208
 0 0.581509
 0 0.393334
 0 0.377045
 0 0.318288
 0 0.435695
 0 0.384498
 0 0.549775
 0 0.501255
 0 0.539161
 0 0.378062
 0 0.565277
 0 0.436918
 0 0.549543
 0 0.465552
 0 0.360594
 0 0.285601
 0 0.350785
 0 0.673084
 0 0.4449
 0 0.532603
 0 0.633328
 0 0.477109
 0 0.308264
 0 0.458285
 0 0.117501
 0 0.577274
 0 0.401564
 0 0.658153
 0 0.388443
 0 0.453266
 0 0.551779
 0 0.624168
 0 0.662326
 0 0.485321
 0 0.543437
 0 0.544675
 0 0.53778
 0 0.602573
 0 0.475951
 0 0.578394
 0 0.382643
 0 0.467864
 0 0.690144
 0 0.200281
 0 0.578191
 0 0.460892
 0 0.62119
 0 0.58069
 0 0.513584
 0 0.58068
 0 0.730711
 0 0.463054
 0 0.609351
 0 0.548439
 0 0.51006
 0 0.607719
 0 0.332418
 0 0.329926
 0 0.531218
 0 0.617609
 0 0.611756
 0 0.500491
 0 0.535289
 0 0.390742
 0 0.635717
 0 0.3039
 0 0.494053
 0 0.487455
 0 0.620647
 0 0.766506
 0 0.379487
 0 0.465115
 0 0.496102
 0 0.400522
 0 0.386819
 0 0.597273
 0 0.532837
 0 0.644412
 0 0.498216
 0 0.518328
 0 0.492969
 0 0.606837
 0 0.556877
 0 0.3546
 0 0.406513
 0 0.485022
 0 0.602702
 0 0.579464
 0 0.543929
 0 0.531378
 0 0.421183
 0 0.535489
 0 0.719856
 0 0.16321
 0 0.510772
 0 0.431796
 0 0.369321
 0 0.47131
 0 0.466876
 0 0.504404
 0 0.483799
 0 0.429538
 0 0.580744
 0 0.630189
 0 0.656478
 0 0.486225
 0 0.557317
 0 0.628012
 0 0.599855
 0 0.436896
 0 0.484167
 0 0.462055
 0 0.380275
 0 0.548912
 0 0.409996
 0 0.595175
 0 0.716323
 0 0.515624
 0 0.502469
 0 0.608164
 0 0.587875
 0 0.649284
 0 0.624211
 0 0.424516
 0 0.453682
 0 0.618731
 0 0.684592
 0 0.611616
 0 0.459614
 0 0.53157
 0 0.402164
 0 0.363488
 0 0.531163
 0 0.621631
 0 0.717454
 0 0.411241
 0 0.460567
 0 0.638078
 0 0.455862
 0 0.392435
 0 0.606711
 0 0.440195
 0 0.552608
 0 0.529326
 0 0.397323
 0 0.405775
 0 0.333013
 0 0.387197
 0 0.510614
 0 0.363016
 0 0.492387
 0 0.627623
 0 0.482558
 0 0.4749
 0 0.628221
 0 0.359821
 0 0.548428
 0 0.361114
 0 0.367888
 0 0.616669
 0 0.266027
 0 0.547312
 0 0.362206
 0 0.554502
 0 0.539696
 0 0.441941
 0 0.433182
 0 0.447626
 0 0.613704
 0 0.51673
 0 0.483218
 0 0.466987
 0 0.42814
 0 0.540183
 0 0.548651
 0 0.430752
 0 0.360493
 0 0.515888
 0 0.652417
 0 0.583197
 0 0.450391
 0 0.568538
 0 0.539339
 0 0.562587
 0 0.640579
 0 0.470419
 0 0.52454
 0 0.602952
 0 0.353031
 0 0.477659
 0 0.61089
