535 1 0 0 1
 0 1.08502
 0 0.729896
 0 0.941538
 0 0.673016
 0 1.0783
 0 0.99113
 0 1.27643
 0 1.20475
 0 1.04864
 0 1.11229
 0 1.21859
 0 1.12491
 0 1.17934
 0 0.6944
 0 1.28623
 0 1.09123
 0 0.561928
 0 1.13609
 0 1.38398
 0 1.62226
 0 0.617592
 0 0.592894
 0 0.730158
 0 1.10299
 0 1.20505
 0 0.804614
 0 1.07646
 0 1.15692
 0 1.11006
 0 0.840588
 0 1.10757
 0 1.47076
 0 1.31428
 0 1.20546
 0 1.18164
 0 0.71958
 0 1.02127
 0 0.639076
 0 1.33546
 0 1.19678
 0 1.48243
 0 0.866784
 0 0.76988
 0 1.16269
 0 0.831672
 0 1.63015
 0 1.11
 0 0.81445
 0 1.29213
 0 1.03588
 0 1.1051
 0 1.4612
 0 1.44879
 0 0.96194
 0 0.76366
 0 1.06664
 0 1.18512
 0 1.39992
 0 1.16117
 0 1.07796
 0 0.956504
 0 1.30128
 0 1.38873
 0 0.994036
 0 1.12873
 0 0.806376
 0 1.33484
 0 1.21518
 0 1.0084
 0 0.828678
 0 0.808148
 0 1.16
 0 1.23451
 0 0.79511
 0 1.44741
 0 1.02132
 0 0.801776
 0 0.976578
 0 1.27875
 0 1.09901
 0 1.41037
 0 1.11105
 0 0.93619
 0 0.804028
 0 1.27754
 0 1.18143
 0 1.14681
 0 1.04094
 0 1.30383
 0 0.996604
 0 1.02026
 0 0.820324
 0 0.543572
 0 0.923312
 0 1.4689
 0 1.11045
 0 0.8944
 0 1.0653
 0 0.84665
 0 1.06839
 0 0.76908
 0 0.779494
 0 0.252318
 0 1.53178
 0 1.31882
 0 1.24936
 0 1.63454
 0 0.859294
 0 1.35903
 0 1.01983
 0 0.990656
 0 0.80774
 0 1.16495
 0 1.1925
 0 0.800936
 0 0.841278
 0 0.96217
 0 1.0655
 0 0.757858
 0 0.91795
 0 1.29926
 0 0.989714
 0 0.909762
 0 1.21045
 0 0.805796
 0 1.1036
 0 1.19956
 0 1.09865
 0 1.06302
 0 0.893098
 0 1.31896
 0 0.882434
 0 1.36083
 0 1.22605
 0 1.14057
 0 0.938632
 0 0.91002
 0 1.03057
 0 1.16686
 0 1.13197
 0 0.857366
 0 1.4299
 0 1.16609
 0 1.15005
 0 1.24984
 0 1.14741
 0 1.62015
 0 1.26433
 0 1.12332
 0 1.37196
 0 1.24687
 0 1.14732
 0 1.37406
 0 0.899542
 0 0.859008
 0 1.39241
 0 0.989496
 0 1.11603
 0 0.909634
 0 1.22267
 0 0.986602
 0 1.01459
 0 1.0476
 0 1.03069
 0 1.23324
 0 0.993038
 0 1.56395
 0 0.969942
 0 0.819604
 0 1.167
 0 0.89874
 0 0.77894
 0 1.20864
 0 1.27851
 0 0.884288
 0 1.20396
 0 1.20671
 0 1.15088
 0 1.04409
 0 0.922324
 0 1.36316
 0 0.938998
 0 0.898474
 0 1.20501
 0 0.941232
 0 1.51435
 0 1.33896
 0 1.13543
 0 1.03285
 0 1.2384
 0 0.909372
 0 1.34327
 0 1.15201
 0 1.01315
 0 0.998406
 0 0.947338
 0 0.967158
 0 1.12006
 0 1.08551
 0 1.0729
 0 1.20283
 0 1.01966
 0 1.28995
 0 1.34971
 0 1.36629
 0 1.46026
 0 1.2357
 0 1.73548
 0 1.08509
 0 1.22426
 0 1.40255
 0 1.13863
 0 1.34653
 0 0.814098
 0 1.26418
 0 1.46064
 0 1.08641
 0 1.22574
 0 0.548348
 0 0.778
 0 1.11868
 0 1.25751
 0 1.44918
 0 1.129
 0 0.94465
 0 1.00577
 0 0.891412
 0 1.01075
 0 1.19229
 0 1.01821
 0 0.927678
 0 1.26495
 0 0.755414
 0 0.498338
 0 0.720414
 0 1.18259
 0 1.11702
 0 0.81503
 0 1.23372
 0 0.893256
 0 0.812748
 0 0.912286
 0 1.24448
 0 0.86768
 0 1.20362
 0 1.17773
 0 1.11491
 0 0.960956
 0 1.23377
 0 1.19607
 0 0.86041
 0 1.03417
 0 0.993114
 0 1.10703
 0 1.39891
 0 1.0475
 0 1.12781
 0 0.97026
 0 1.04133
 0 1.23352
 0 1.04036
 0 1.11228
 0 0.817876
 0 1.03581
 0 1.01754
 0 1.10426
 0 1.03651
 0 1.46229
 0 1.32751
 0 1.04469
 0 0.895916
 0 1.71018
 0 1.09359
 0 1.21003
 0 1.1309
 0 0.732822
 0 1.24313
 0 1.28173
 0 1.08954
 0 1.13779
 0 1.34307
 0 0.744722
 0 1.22502
 0 1.14563
 0 0.6649
 0 1.34052
 0 0.851326
 0 1.07649
 0 1.10929
 0 1.16426
 0 1.43757
 0 1.62694
 0 1.09468
 0 1.24294
 0 0.843198
 0 1.0913
 0 1.21883
 0 1.21682
 0 0.97219
 0 0.743844
 0 1.33315
 0 1.46202
 0 0.82498
 0 1.18244
 0 0.960664
 0 1.33956
 0 1.04854
 0 1.17798
 0 1.05031
 0 1.13296
 0 1.07878
 0 0.9692
 0 1.13246
 0 0.918164
 0 1.07398
 0 1.18133
 0 1.15371
 0 1.14615
 0 1.0385
 0 0.934602
 0 1.39915
 0 1.00594
 0 1.65212
 0 1.02334
 0 0.95092
 0 1.01313
 0 1.67996
 0 0.8769
 0 0.806202
 0 1.38161
 0 1.28883
 0 1.06563
 0 1.33311
 0 1.36022
 0 1.26847
 0 1.34809
 0 0.74172
 0 1.14011
 0 1.1061
 0 0.895114
 0 1.32023
 0 1.34049
 0 1.04772
 0 1.07744
 0 1.04994
 0 0.998528
 0 1.06653
 0 1.20637
 0 1.00956
 0 1.01424
 0 1.40744
 0 1.16798
 0 1.48954
 0 0.939902
 0 1.2057
 0 1.13311
 0 0.977022
 0 0.889938
 0 1.04668
 0 1.11873
 0 0.870636
 0 1.11909
 0 0.977
 0 1.33572
 0 0.737536
 0 1.17569
 0 0.879342
 0 1.23661
 0 0.961772
 0 1.50575
 0 1.50896
 0 0.869532
 0 1.15881
 0 1.02391
 0 1.14003
 0 0.96071
 0 1.1674
 0 0.890452
 0 1.03961
 0 1.00259
 0 0.707208
 0 0.845016
 0 1.02728
 0 0.836876
 0 1.01679
 0 1.04273
 0 0.997522
 0 0.842102
 0 0.865008
 0 1.04722
 0 1.2522
 0 1.3156
 0 1.18936
 0 0.963928
 0 1.46634
 0 1.33911
 0 1.00782
 0 0.712908
 0 0.783498
 0 1.28785
 0 1.14939
 0 1.10566
 0 1.20649
 0 1.32672
 0 1.08164
 0 0.931012
 0 0.856594
 0 1.61587
 0 1.24335
 0 1.07588
 0 1.24342
 0 1.21286
 0 1.03314
 0 0.99636
 0 1.0178
 0 0.832302
 0 0.748506
 0 1.09577
 0 0.83549
 0 0.98078
 0 1.40982
 0 1.24608
 0 1.57918
 0 0.682474
 0 1.35479
 0 1.03692
 0 1.10409
 0 1.15883
 0 1.44604
 0 1.15195
 0 1.10348
 0 1.0948
 0 1.11936
 0 1.28389
 0 1.22904
 0 0.81525
 0 1.31836
 0 0.879042
 0 1.03696
 0 1.07492
 0 1.34444
 0 0.965018
 0 1.25075
 0 1.30172
 0 1.53351
 0 0.916824
 0 0.75143
 0 1.4549
 0 1.23096
 0 1.16563
 0 1.01095
 0 1.12873
 0 1.14184
 0 1.28378
 0 1.08878
 0 0.712212
 0 1.0967
 0 1.09179
 0 1.20073
 0 1.31767
 0 1.15629
 0 0.822494
 0 1.53975
 0 0.830802
 0 0.67705
 0 1.22618
 0 1.092
 0 1.1798
 0 1.06055
 0 1.11596
 0 1.26476
 0 1.01549
 0 1.04878
 0 1.22301
 0 1.21065
 0 1.50067
 0 1.0919
 0 1.06888
 0 1.12034
 0 1.08668
 0 1.06932
 0 1.52507
 0 1.00735
 0 0.908816
 0 1.09988
 0 0.867838
 0 1.20255
 0 1.10524
 0 1.43313
 0 0.881182
 0 0.999058
 0 1.1227
 0 1.04866
 0 1.40196
 0 0.940662
 0 0.721188
 0 1.04033
 0 1.18717
 0 1.05695
 0 0.640802
 0 0.888562
 0 1.19925
 0 0.968536
 0 1.26817
 0 1.04493
 0 0.863786
 0 0.889794
 0 0.786352
 0 0.906216
 0 1.3842
 0 0.949922
 0 0.987128
 0 1.34687
 0 0.918932
 0 1.27716
 0 1.2534
 0 1.16563
 0 1.27186
 0 1.2049
 0 0.98555
 0 1.01985
 0 1.27883
 0 0.835322
 0 0.923962
 0 0.85291
 0 1.33483
 0 0.8146
 0 1.24873
 0 0.997612
 0 1.21205
 0 0.953442
 0 0.870084
 0 1.2418
 0 0.954812
 0 0.528916
