535 1 0 0 1
 0 0.558722
 0 0.385236
 0 0.402296
 0 0.592222
 0 0.524005
 0 0.597691
 0 0.632026
 0 0.542805
 0 0.535016
 0 0.431403
 0 0.411943
 0 0.584058
 0 0.539745
 0 0.471836
 0 0.557275
 0 0.491337
 0 0.548144
 0 0.533338
 0 0.490317
 0 0.67081
 0 0.520488
 0 0.571082
 0 0.517156
 0 0.509552
 0 0.517939
 0 0.555452
 0 0.470462
 0 0.52626
 0 0.51635
 0 0.620593
 0 0.464929
 0 0.427478
 0 0.448856
 0 0.441524
 0 0.436068
 0 0.607569
 0 0.579815
 0 0.442427
 0 0.595282
 0 0.444989
 0 0.552404
 0 0.52597
 0 0.554273
 0 0.521151
 0 0.551822
 0 0.545752
 0 0.539869
 0 0.445663
 0 0.401048
 0 0.679003
 0 0.452902
 0 0.65194
 0 0.420948
 0 0.547637
 0 0.472547
 0 0.546029
 0 0.443952
 0 0.446193
 0 0.562561
 0 0.49467
 0 0.556241
 0 0.405306
 0 0.454988
 0 0.460846
 0 0.471566
 0 0.61438
 0 0.3542
 0 0.459731
 0 0.58497
 0 0.497136
 0 0.417111
 0 0.600681
 0 0.647916
 0 0.59322
 0 0.66655
 0 0.535601
 0 0.533028
 0 0.60631
 0 0.66061
 0 0.604401
 0 0.597161
 0 0.610162
 0 0.455206
 0 0.426749
 0 0.555906
 0 0.531407
 0 0.463442
 0 0.396498
 0 0.516259
 0 0.653091
 0 0.567509
 0 0.549731
 0 0.519254
 0 0.6394
 0 0.495031
 0 0.506578
 0 0.467561
 0 0.55708
 0 0.407953
 0 0.648657
 0 0.642519
 0 0.636043
 0 0.482344
 0 0.547626
 0 0.468764
 0 0.517001
 0 0.572969
 0 0.503946
 0 0.49279
 0 0.456236
 0 0.377651
 0 0.465235
 0 0.577856
 0 0.613875
 0 0.36602
 0 0.35241
 0 0.456857
 0 0.481436
 0 0.435576
 0 0.415417
 0 0.577374
 0 0.737048
 0 0.549616
 0 0.551067
 0 0.509695
 0 0.567107
 0 0.455072
 0 0.568411
 0 0.430415
 0 0.517194
 0 0.533548
 0 0.562826
 0 0.457249
 0 0.417119
 0 0.438582
 0 0.434761
 0 0.47143
 0 0.628472
 0 0.436856
 0 0.440172
 0 0.572888
 0 0.651585
 0 0.641753
 0 0.530124
 0 0.499128
 0 0.550741
 0 0.421064
 0 0.4642
 0 0.553387
 0 0.562762
 0 0.456033
 0 0.426784
 0 0.62732
 0 0.480422
 0 0.600555
 0 0.663572
 0 0.441832
 0 0.558874
 0 0.53807
 0 0.456896
 0 0.520663
 0 0.683867
 0 0.525354
 0 0.497902
 0 0.384879
 0 0.489328
 0 0.553653
 0 0.570751
 0 0.512864
 0 0.498779
 0 0.55691
 0 0.479927
 0 0.580813
 0 0.511962
 0 0.4847
 0 0.657712
 0 0.425045
 0 0.503218
 0 0.567892
 0 0.620515
 0 0.483583
 0 0.475609
 0 0.439858
 0 0.44937
 0 0.547761
 0 0.694856
 0 0.521477
 0 0.542453
 0 0.673195
 0 0.680776
 0 0.448335
 0 0.468247
 0 0.556394
 0 0.432169
 0 0.469505
 0 0.593925
 0 0.618725
 0 0.421107
 0 0.604528
 0 0.481784
 0 0.431136
 0 0.534427
 0 0.435112
 0 0.411041
 0 0.555354
 0 0.47494
 0 0.525002
 0 0.488021
 0 0.560762
 0 0.509559
 0 0.520083
 0 0.396773
 0 0.480443
 0 0.403749
 0 0.479829
 0 0.537633
 0 0.569051
 0 0.541782
 0 0.480643
 0 0.539192
 0 0.637469
 0 0.336012
 0 0.472
 0 0.570116
 0 0.463021
 0 0.490239
 0 0.561759
 0 0.540781
 0 0.661867
 0 0.467764
 0 0.527313
 0 0.603915
 0 0.473539
 0 0.414147
 0 0.31265
 0 0.560828
 0 0.546022
 0 0.521121
 0 0.518985
 0 0.553677
 0 0.500027
 0 0.550907
 0 0.610156
 0 0.456209
 0 0.530413
 0 0.556451
 0 0.551113
 0 0.50142
 0 0.512717
 0 0.574299
 0 0.44663
 0 0.452905
 0 0.607545
 0 0.516486
 0 0.522938
 0 0.513454
 0 0.491991
 0 0.54017
 0 0.64299
 0 0.520119
 0 0.556128
 0 0.439058
 0 0.551133
 0 0.574464
 0 0.482479
 0 0.500919
 0 0.400404
 0 0.539789
 0 0.447443
 0 0.453953
 0 0.449445
 0 0.460889
 0 0.594218
 0 0.416606
 0 0.467367
 0 0.571756
 0 0.585915
 0 0.506788
 0 0.577486
 0 0.63541
 0 0.660632
 0 0.453735
 0 0.503866
 0 0.632954
 0 0.365132
 0 0.522976
 0 0.669907
 0 0.53638
 0 0.520134
 0 0.382496
 0 0.446522
 0 0.589997
 0 0.516392
 0 0.463797
 0 0.522348
 0 0.505282
 0 0.458409
 0 0.665519
 0 0.611165
 0 0.557338
 0 0.58566
 0 0.53264
 0 0.473058
 0 0.559554
 0 0.415046
 0 0.677383
 0 0.522555
 0 0.44136
 0 0.38185
 0 0.644327
 0 0.474324
 0 0.455804
 0 0.290741
 0 0.563812
 0 0.486745
 0 0.504002
 0 0.451804
 0 0.436741
 0 0.574893
 0 0.616276
 0 0.463219
 0 0.448724
 0 0.636536
 0 0.547956
 0 0.4152
 0 0.518826
 0 0.46218
 0 0.643021
 0 0.586079
 0 0.58477
 0 0.722751
 0 0.521589
 0 0.515624
 0 0.50977
 0 0.519558
 0 0.393404
 0 0.476191
 0 0.70677
 0 0.482306
 0 0.490543
 0 0.652479
 0 0.504971
 0 0.388731
 0 0.51459
 0 0.553875
 0 0.574058
 0 0.495272
 0 0.342236
 0 0.604502
 0 0.508971
 0 0.503886
 0 0.667282
 0 0.43194
 0 0.422642
 0 0.596376
 0 0.601255
 0 0.568496
 0 0.525285
 0 0.501873
 0 0.570565
 0 0.382234
 0 0.416855
 0 0.513471
 0 0.518429
 0 0.37915
 0 0.48731
 0 0.505623
 0 0.441505
 0 0.518771
 0 0.44943
 0 0.616841
 0 0.552058
 0 0.583299
 0 0.590094
 0 0.421581
 0 0.609636
 0 0.476813
 0 0.453671
 0 0.5352
 0 0.443077
 0 0.607443
 0 0.457568
 0 0.427838
 0 0.420918
 0 0.4713
 0 0.481778
 0 0.61077
 0 0.439975
 0 0.503896
 0 0.462944
 0 0.594094
 0 0.396386
 0 0.487087
 0 0.548983
 0 0.411225
 0 0.392434
 0 0.533224
 0 0.49598
 0 0.45134
 0 0.609597
 0 0.498936
 0 0.579364
 0 0.601101
 0 0.593331
 0 0.624941
 0 0.588709
 0 0.54753
 0 0.412192
 0 0.573905
 0 0.412609
 0 0.606749
 0 0.427634
 0 0.420983
 0 0.499532
 0 0.484417
 0 0.455715
 0 0.535354
 0 0.642558
 0 0.543408
 0 0.495956
 0 0.448907
 0 0.537658
 0 0.537341
 0 0.512174
 0 0.58862
 0 0.427031
 0 0.521627
 0 0.53152
 0 0.525842
 0 0.619965
 0 0.482934
 0 0.430004
 0 0.558826
 0 0.613255
 0 0.457141
 0 0.535306
 0 0.621973
 0 0.428399
 0 0.575731
 0 0.395529
 0 0.597324
 0 0.460581
 0 0.598873
 0 0.602762
 0 0.462939
 0 0.376896
 0 0.472539
 0 0.548035
 0 0.520639
 0 0.605319
 0 0.578023
 0 0.671813
 0 0.656624
 0 0.593813
 0 0.343893
 0 0.327399
 0 0.502396
 0 0.51493
 0 0.462541
 0 0.61315
 0 0.539771
 0 0.551372
 0 0.454292
 0 0.589915
 0 0.661306
 0 0.611862
 0 0.517768
 0 0.480656
 0 0.447302
 0 0.61213
 0 0.761125
 0 0.518147
 0 0.509658
 0 0.448223
 0 0.533037
 0 0.615693
 0 0.536565
 0 0.374562
 0 0.65939
 0 0.593162
 0 0.45109
 0 0.510991
 0 0.515288
 0 0.623831
 0 0.513997
 0 0.610059
 0 0.558441
 0 0.596279
 0 0.498139
 0 0.408697
 0 0.594432
 0 0.722903
 0 0.441896
 0 0.493188
 0 0.491734
 0 0.334294
 0 0.3359
 0 0.539697
 0 0.539247
 0 0.511054
 0 0.509257
 0 0.525783
 0 0.44514
 0 0.520594
 0 0.507142
 0 0.510349
 0 0.472576
 0 0.473285
 0 0.575849
 0 0.731485
 0 0.446097
 0 0.452048
 0 0.58039
 0 0.489615
 0 0.56222
 0 0.559717
 0 0.494148
 0 0.535489
 0 0.540194
 0 0.435588
 0 0.48533
 0 0.417494
 0 0.546841
 0 0.508322
 0 0.456268
 0 0.518444
 0 0.565026
 0 0.46782
 0 0.538649
 0 0.56319
 0 0.586637
 0 0.435256
 0 0.430165
 0 0.611422
 0 0.536321
