535 1 0 0 1
 0 0.438853
 0 0.343466
 0 0.492565
 0 0.527954
 0 0.524431
 0 0.524698
 0 0.589489
 0 0.426025
 0 0.580743
 0 0.242879
 0 0.441898
 0 0.658846
 0 0.511436
 0 0.670545
 0 0.680933
 0 0.410398
 0 0.439276
 0 0.624053
 0 0.267328
 0 0.575434
 0 0.482228
 0 0.609146
 0 0.404788
 0 0.613687
 0 0.519901
 0 0.447218
 0 0.561395
 0 0.573402
 0 0.505389
 0 0.476796
 0 0.605222
 0 0.606103
 0 0.626083
 0 0.488083
 0 0.600197
 0 0.55616
 0 0.430759
 0 0.567178
 0 0.580096
 0 0.417093
 0 0.63885
 0 0.395529
 0 0.621096
 0 0.501849
 0 0.473838
 0 0.410581
 0 0.535407
 0 0.266454
 0 0.297131
 0 0.368816
 0 0.507255
 0 0.604147
 0 0.521099
 0 0.411305
 0 0.513439
 0 0.568445
 0 0.412338
 0 0.5457
 0 0.467807
 0 0.492023
 0 0.561862
 0 0.608481
 0 0.516723
 0 0.548085
 0 0.452927
 0 0.783815
 0 0.568292
 0 0.500767
 0 0.408884
 0 0.489759
 0 0.444368
 0 0.509264
 0 0.438548
 0 0.544561
 0 0.343491
 0 0.446259
 0 0.63153
 0 0.359216
 0 0.458509
 0 0.56688
 0 0.554171
 0 0.441511
 0 0.6312
 0 0.594135
 0 0.42788
 0 0.414734
 0 0.641028
 0 0.45656
 0 0.592171
 0 0.467306
 0 0.478098
 0 0.528772
 0 0.522362
 0 0.385697
 0 0.382735
 0 0.627337
 0 0.617664
 0 0.371532
 0 0.473934
 0 0.69187
 0 0.293953
 0 0.475666
 0 0.476197
 0 0.675539
 0 0.81925
 0 0.463933
 0 0.570864
 0 0.463296
 0 0.41719
 0 0.304127
 0 0.654596
 0 0.524681
 0 0.40345
 0 0.661216
 0 0.558903
 0 0.464595
 0 0.439272
 0 0.391087
 0 0.246441
 0 0.520298
 0 0.521776
 0 0.582211
 0 0.654133
 0 0.638384
 0 0.498354
 0 0.345401
 0 0.496144
 0 0.477885
 0 0.556089
 0 0.579597
 0 0.43263
 0 0.571938
 0 0.661474
 0 0.62439
 0 0.54684
 0 0.521675
 0 0.617451
 0 0.589752
 0 0.521983
 0 0.594621
 0 0.514319
 0 0.589611
 0 0.461305
 0 0.514495
 0 0.4443
 0 0.364698
 0 0.507058
 0 0.47374
 0 0.413402
 0 0.484773
 0 0.753743
 0 0.416205
 0 0.469962
 0 0.476937
 0 0.349
 0 0.709959
 0 0.344076
 0 0.635825
 0 0.49712
 0 0.527306
 0 0.539752
 0 0.442061
 0 0.373663
 0 0.535954
 0 0.746014
 0 0.426066
 0 0.40222
 0 0.437408
 0 0.505676
 0 0.60129
 0 0.257651
 0 0.578696
 0 0.645964
 0 0.822179
 0 0.452805
 0 0.485742
 0 0.557588
 0 0.306123
 0 0.530973
 0 0.388321
 0 0.459535
 0 0.59739
 0 0.714816
 0 0.41862
 0 0.424761
 0 0.526558
 0 0.570849
 0 0.404589
 0 0.611907
 0 0.329131
 0 0.475217
 0 0.402108
 0 0.666217
 0 0.603941
 0 0.581667
 0 0.462516
 0 0.499345
 0 0.431732
 0 0.389096
 0 0.620415
 0 0.535054
 0 0.518321
 0 0.425079
 0 0.477666
 0 0.566605
 0 0.619506
 0 0.53659
 0 0.544074
 0 0.409254
 0 0.418428
 0 0.579587
 0 0.531431
 0 0.498785
 0 0.526785
 0 0.464375
 0 0.625794
 0 0.534426
 0 0.704785
 0 0.525814
 0 0.466153
 0 0.46262
 0 0.630376
 0 0.361889
 0 0.392455
 0 0.328412
 0 0.347468
 0 0.536634
 0 0.459029
 0 0.482521
 0 0.518429
 0 0.356071
 0 0.625134
 0 0.504382
 0 0.591973
 0 0.629049
 0 0.586325
 0 0.572953
 0 0.771435
 0 0.560979
 0 0.470769
 0 0.610656
 0 0.620814
 0 0.487675
 0 0.580082
 0 0.519948
 0 0.402485
 0 0.53867
 0 0.463547
 0 0.394034
 0 0.433342
 0 0.543405
 0 0.316131
 0 0.459698
 0 0.47392
 0 0.82694
 0 0.581207
 0 0.53391
 0 0.569225
 0 0.578532
 0 0.517095
 0 0.707002
 0 0.577898
 0 0.415211
 0 0.567342
 0 0.405475
 0 0.539871
 0 0.494102
 0 0.408905
 0 0.498056
 0 0.478051
 0 0.462478
 0 0.534374
 0 0.539377
 0 0.462035
 0 0.471948
 0 0.492169
 0 0.497385
 0 0.412176
 0 0.558212
 0 0.415858
 0 0.563897
 0 0.365037
 0 0.498363
 0 0.616552
 0 0.538304
 0 0.575854
 0 0.540207
 0 0.426429
 0 0.473553
 0 0.448458
 0 0.585614
 0 0.387562
 0 0.378826
 0 0.566451
 0 0.632101
 0 0.610331
 0 0.558628
 0 0.452711
 0 0.466525
 0 0.580639
 0 0.319479
 0 0.636848
 0 0.549448
 0 0.599133
 0 0.416908
 0 0.677361
 0 0.398524
 0 0.569431
 0 0.510306
 0 0.53825
 0 0.7069
 0 0.470229
 0 0.581709
 0 0.578634
 0 0.293714
 0 0.391798
 0 0.65511
 0 0.448595
 0 0.511639
 0 0.60439
 0 0.402187
 0 0.355703
 0 0.568249
 0 0.516575
 0 0.436534
 0 0.661224
 0 0.501757
 0 0.610841
 0 0.453879
 0 0.487484
 0 0.445995
 0 0.485022
 0 0.473489
 0 0.568773
 0 0.57438
 0 0.487628
 0 0.312721
 0 0.649988
 0 0.528223
 0 0.494519
 0 0.579705
 0 0.631187
 0 0.732978
 0 0.610224
 0 0.595218
 0 0.267794
 0 0.396724
 0 0.644945
 0 0.53972
 0 0.462347
 0 0.712013
 0 0.538284
 0 0.655166
 0 0.371021
 0 0.74114
 0 0.502502
 0 0.62185
 0 0.466155
 0 0.465711
 0 0.581474
 0 0.376681
 0 0.546159
 0 0.450146
 0 0.335172
 0 0.54244
 0 0.579962
 0 0.51416
 0 0.345674
 0 0.368058
 0 0.890069
 0 0.631248
 0 0.480436
 0 0.544401
 0 0.469382
 0 0.365015
 0 0.412898
 0 0.6883
 0 0.551873
 0 0.729743
 0 0.619356
 0 0.563148
 0 0.582254
 0 0.565162
 0 0.440905
 0 0.486052
 0 0.453003
 0 0.557775
 0 0.45303
 0 0.504416
 0 0.262028
 0 0.567074
 0 0.547996
 0 0.411005
 0 0.614526
 0 0.715004
 0 0.521865
 0 0.483536
 0 0.47375
 0 0.269921
 0 0.776814
 0 0.361254
 0 0.507431
 0 0.620024
 0 0.540145
 0 0.560161
 0 0.431151
 0 0.487172
 0 0.508014
 0 0.386028
 0 0.362106
 0 0.470244
 0 0.460514
 0 0.541292
 0 0.67373
 0 0.559627
 0 0.338656
 0 0.393417
 0 0.537682
 0 0.339563
 0 0.751819
 0 0.517611
 0 0.483459
 0 0.583543
 0 0.478064
 0 0.541958
 0 0.501526
 0 0.647644
 0 0.511035
 0 0.41074
 0 0.416899
 0 0.647852
 0 0.624947
 0 0.528064
 0 0.554715
 0 0.299919
 0 0.47428
 0 0.610116
 0 0.358681
 0 0.558318
 0 0.516084
 0 0.389204
 0 0.589049
 0 0.430645
 0 0.480303
 0 0.502069
 0 0.368807
 0 0.589828
 0 0.513137
 0 0.600625
 0 0.495035
 0 0.435346
 0 0.697541
 0 0.437997
 0 0.668147
 0 0.655125
 0 0.609474
 0 0.418634
 0 0.59644
 0 0.560539
 0 0.695828
 0 0.535916
 0 0.55521
 0 0.472161
 0 0.591824
 0 0.67235
 0 0.600575
 0 0.510234
 0 0.404998
 0 0.388582
 0 0.77274
 0 0.555396
 0 0.670028
 0 0.406258
 0 0.603035
 0 0.434956
 0 0.431984
 0 0.352855
 0 0.547734
 0 0.507807
 0 0.342354
 0 0.656526
 0 0.504438
 0 0.543776
 0 0.508108
 0 0.71298
 0 0.337121
 0 0.447517
 0 0.49769
 0 0.657761
 0 0.324455
 0 0.611267
 0 0.443498
 0 0.6587
 0 0.438681
 0 0.410388
 0 0.757506
 0 0.572512
 0 0.494088
 0 0.622817
 0 0.415011
 0 0.51807
 0 0.569263
 0 0.40222
 0 0.365786
 0 0.496494
 0 0.637432
 0 0.268132
 0 0.512311
 0 0.421271
 0 0.745011
 0 0.527277
 0 0.515097
 0 0.666727
 0 0.41956
 0 0.458122
 0 0.54424
 0 0.507151
 0 0.53697
 0 0.542431
 0 0.674967
 0 0.285695
 0 0.586205
 0 0.743647
 0 0.520021
 0 0.63072
 0 0.506208
 0 0.477453
 0 0.417558
 0 0.322857
 0 0.520431
 0 0.687874
 0 0.390536
 0 0.410778
 0 0.512068
 0 0.556001
