535 1 0 0 1
 0 0.9037
 0 0.707922
 0 0.943192
 0 1.18872
 0 1.1025
 0 0.995948
 0 0.88533
 0 1.05674
 0 0.839572
 0 0.559948
 0 0.644166
 0 1.14981
 0 0.677086
 0 1.22118
 0 1.25538
 0 1.24956
 0 1.00005
 0 1.11132
 0 1.05339
 0 1.39517
 0 0.766618
 0 0.865838
 0 0.753678
 0 0.61726
 0 0.739944
 0 1.27207
 0 1.06449
 0 1.11212
 0 1.032
 0 1.02825
 0 1.31767
 0 1.03458
 0 0.952556
 0 0.811386
 0 0.866206
 0 0.842472
 0 1.02514
 0 0.95494
 0 1.01994
 0 0.989514
 0 0.976882
 0 0.368966
 0 1.11653
 0 0.965618
 0 0.808708
 0 0.762942
 0 1.10965
 0 0.88402
 0 0.828314
 0 1.13216
 0 1.21847
 0 1.07174
 0 0.935018
 0 1.2642
 0 0.837906
 0 1.22495
 0 1.08066
 0 1.04645
 0 1.20804
 0 1.03223
 0 1.12492
 0 1.15227
 0 0.817428
 0 1.04464
 0 0.9068
 0 1.02869
 0 1.01477
 0 0.966302
 0 0.889384
 0 0.629836
 0 0.90739
 0 0.984114
 0 0.951994
 0 1.18596
 0 0.583418
 0 0.796714
 0 0.997418
 0 0.744326
 0 0.995532
 0 0.898398
 0 1.30925
 0 0.759096
 0 1.10269
 0 1.3821
 0 1.16193
 0 0.939832
 0 1.44001
 0 0.763496
 0 0.862872
 0 0.651074
 0 0.728296
 0 1.24607
 0 1.04686
 0 1.49038
 0 1.11635
 0 0.909326
 0 0.670402
 0 0.741262
 0 1.00685
 0 0.974648
 0 1.17337
 0 1.12741
 0 1.07724
 0 0.944256
 0 1.48107
 0 1.27154
 0 0.711682
 0 0.998442
 0 0.695722
 0 1.20798
 0 1.03319
 0 0.964082
 0 0.83151
 0 1.38112
 0 0.752216
 0 0.87497
 0 0.945844
 0 0.941146
 0 0.89995
 0 0.832448
 0 1.10962
 0 0.948582
 0 0.836396
 0 1.28422
 0 0.889744
 0 1.05533
 0 0.887442
 0 1.05444
 0 0.912478
 0 1.23261
 0 0.840806
 0 1.22843
 0 1.07687
 0 1.0843
 0 0.961036
 0 1.05604
 0 1.17335
 0 1.1341
 0 0.857128
 0 0.636704
 0 1.05599
 0 0.98615
 0 1.05104
 0 0.708692
 0 0.777754
 0 0.856658
 0 1.20247
 0 1.10717
 0 1.3173
 0 0.811076
 0 1.10102
 0 1.1371
 0 1.25822
 0 0.895108
 0 0.784452
 0 1.03591
 0 0.864364
 0 1.15998
 0 0.644792
 0 1.01975
 0 1.11534
 0 0.894844
 0 1.01195
 0 1.36077
 0 1.15083
 0 1.07307
 0 1.02449
 0 1.08138
 0 0.78552
 0 0.910284
 0 1.05034
 0 1.0138
 0 0.919424
 0 1.20482
 0 1.0979
 0 0.958162
 0 0.949786
 0 0.890338
 0 1.05651
 0 1.11787
 0 0.901168
 0 1.0769
 0 0.874346
 0 0.93259
 0 1.00424
 0 0.965064
 0 1.09047
 0 0.91411
 0 1.28115
 0 0.954628
 0 0.819872
 0 1.07451
 0 0.746012
 0 0.805644
 0 0.99172
 0 0.96768
 0 1.45107
 0 1.25524
 0 0.732184
 0 0.78585
 0 0.924882
 0 0.918536
 0 1.18386
 0 1.08691
 0 0.979898
 0 0.763758
 0 0.946002
 0 0.885108
 0 1.12592
 0 1.25353
 0 1.06505
 0 0.619644
 0 1.04228
 0 0.901836
 0 0.70982
 0 1.05762
 0 1.08671
 0 1.16349
 0 1.05204
 0 1.05361
 0 0.781306
 0 0.615186
 0 1.09313
 0 0.8038
 0 0.717042
 0 0.921552
 0 1.23987
 0 0.860558
 0 1.02256
 0 0.826548
 0 1.11035
 0 1.04474
 0 0.891818
 0 1.47253
 0 1.12958
 0 0.831068
 0 1.12052
 0 1.24888
 0 1.0892
 0 1.28073
 0 0.820356
 0 0.889124
 0 1.06349
 0 0.88223
 0 0.966136
 0 0.882134
 0 1.28505
 0 0.685568
 0 1.11013
 0 1.04918
 0 1.21308
 0 0.757972
 0 0.959776
 0 1.20462
 0 1.22979
 0 0.93776
 0 1.15658
 0 1.28886
 0 1.20059
 0 1.0025
 0 1.0948
 0 0.995284
 0 1.03482
 0 1.16677
 0 0.909828
 0 1.31007
 0 0.576368
 0 1.21879
 0 1.1146
 0 1.04606
 0 0.716182
 0 1.24784
 0 0.937952
 0 1.21834
 0 0.867762
 0 0.855626
 0 0.94752
 0 1.01189
 0 1.27354
 0 0.707864
 0 1.13627
 0 0.789906
 0 1.06302
 0 1.15778
 0 1.05096
 0 0.822832
 0 0.841082
 0 1.02399
 0 0.76496
 0 0.538678
 0 1.17874
 0 0.977056
 0 1.00862
 0 1.15523
 0 1.35103
 0 0.972348
 0 0.898592
 0 1.1092
 0 1.25316
 0 1.04786
 0 0.999964
 0 0.878968
 0 1.14375
 0 1.15375
 0 1.31633
 0 0.937906
 0 0.999574
 0 0.832914
 0 0.913638
 0 1.23498
 0 1.01342
 0 0.990148
 0 0.907858
 0 0.886776
 0 1.33108
 0 1.2559
 0 0.860398
 0 1.1567
 0 1.14508
 0 1.4623
 0 0.723872
 0 0.619368
 0 1.19352
 0 0.909468
 0 0.89311
 0 1.31673
 0 0.877542
 0 0.911468
 0 0.802208
 0 1.10113
 0 0.86693
 0 0.877388
 0 1.48763
 0 1.31247
 0 1.04668
 0 0.862704
 0 0.917766
 0 1.29568
 0 1.22045
 0 1.16888
 0 1.07328
 0 1.24315
 0 1.28008
 0 0.822416
 0 1.16302
 0 0.786668
 0 0.75409
 0 0.636576
 0 0.87139
 0 0.768996
 0 1.09955
 0 1.00251
 0 1.07832
 0 0.756124
 0 1.13055
 0 0.873836
 0 1.09909
 0 0.931104
 0 0.721188
 0 0.571202
 0 0.70157
 0 1.34617
 0 0.8898
 0 1.06521
 0 1.26666
 0 0.954218
 0 0.616528
 0 0.91657
 0 0.235002
 0 1.15455
 0 0.803128
 0 1.31631
 0 0.776886
 0 0.906532
 0 1.10356
 0 1.24834
 0 1.32465
 0 0.970642
 0 1.08687
 0 1.08935
 0 1.07556
 0 1.20515
 0 0.951902
 0 1.15679
 0 0.765286
 0 0.935728
 0 1.38029
 0 0.400562
 0 1.15638
 0 0.921784
 0 1.24238
 0 1.16138
 0 1.02717
 0 1.16136
 0 1.46142
 0 0.926108
 0 1.2187
 0 1.09688
 0 1.02012
 0 1.21544
 0 0.664836
 0 0.659852
 0 1.06244
 0 1.23522
 0 1.22351
 0 1.00098
 0 1.07058
 0 0.781484
 0 1.27143
 0 0.6078
 0 0.988106
 0 0.97491
 0 1.24129
 0 1.53301
 0 0.758974
 0 0.93023
 0 0.992204
 0 0.801044
 0 0.773638
 0 1.19455
 0 1.06567
 0 1.28882
 0 0.996432
 0 1.03666
 0 0.985938
 0 1.21367
 0 1.11375
 0 0.7092
 0 0.813026
 0 0.970044
 0 1.2054
 0 1.15893
 0 1.08786
 0 1.06276
 0 0.842366
 0 1.07098
 0 1.43971
 0 0.32642
 0 1.02154
 0 0.863592
 0 0.738642
 0 0.94262
 0 0.933752
 0 1.00881
 0 0.967598
 0 0.859076
 0 1.16149
 0 1.26038
 0 1.31296
 0 0.97245
 0 1.11463
 0 1.25602
 0 1.19971
 0 0.873792
 0 0.968334
 0 0.92411
 0 0.76055
 0 1.09782
 0 0.819992
 0 1.19035
 0 1.43265
 0 1.03125
 0 1.00494
 0 1.21633
 0 1.17575
 0 1.29857
 0 1.24842
 0 0.849032
 0 0.907364
 0 1.23746
 0 1.36918
 0 1.22323
 0 0.919228
 0 1.06314
 0 0.804328
 0 0.726976
 0 1.06233
 0 1.24326
 0 1.43491
 0 0.822482
 0 0.921134
 0 1.27616
 0 0.911724
 0 0.78487
 0 1.21342
 0 0.88039
 0 1.10522
 0 1.05865
 0 0.794646
 0 0.81155
 0 0.666026
 0 0.774394
 0 1.02123
 0 0.726032
 0 0.984774
 0 1.25525
 0 0.965116
 0 0.9498
 0 1.25644
 0 0.719642
 0 1.09686
 0 0.722228
 0 0.735776
 0 1.23334
 0 0.532054
 0 1.09462
 0 0.724412
 0 1.109
 0 1.07939
 0 0.883882
 0 0.866364
 0 0.895252
 0 1.22741
 0 1.03346
 0 0.966436
 0 0.933974
 0 0.85628
 0 1.08037
 0 1.0973
 0 0.861504
 0 0.720986
 0 1.03178
 0 1.30483
 0 1.16639
 0 0.900782
 0 1.13708
 0 1.07868
 0 1.12517
 0 1.28116
 0 0.940838
 0 1.04908
 0 1.2059
 0 0.706062
 0 0.955318
 0 1.22178
