535 1 0 0 1
 0 0.815002
 0 0.83488
 0 0.703492
 0 0.785698
 0 0.85716
 0 0.974468
 0 1.29949
 0 1.04682
 0 0.8926
 0 0.818916
 0 1.31035
 0 1.30597
 0 0.769126
 0 1.2835
 0 1.22046
 0 0.730406
 0 0.803132
 0 1.17267
 0 1.20041
 0 0.717356
 0 0.937832
 0 0.877038
 0 0.724784
 0 0.907808
 0 0.698146
 0 1.03357
 0 0.900582
 0 1.12055
 0 0.850234
 0 0.982074
 0 1.12011
 0 1.28191
 0 1.12689
 0 0.764448
 0 0.750796
 0 0.787212
 0 1.09523
 0 1.15371
 0 0.778424
 0 1.01431
 0 1.06749
 0 0.91772
 0 0.964394
 0 0.930006
 0 0.528094
 0 1.21648
 0 0.899928
 0 0.922378
 0 0.702086
 0 0.760002
 0 0.891682
 0 1.52337
 0 0.877214
 0 0.692806
 0 1.18394
 0 0.878314
 0 0.992906
 0 0.69145
 0 0.903576
 0 0.643948
 0 1.42114
 0 1.06131
 0 0.850958
 0 1.05308
 0 0.83038
 0 1.26953
 0 0.840366
 0 1.23456
 0 0.942142
 0 0.400188
 0 1.04542
 0 0.951258
 0 0.815088
 0 0.70637
 0 1.15547
 0 1.09645
 0 1.11302
 0 0.813482
 0 0.872104
 0 1.11347
 0 1.27936
 0 0.89484
 0 0.964732
 0 0.66717
 0 1.09443
 0 1.3029
 0 1.17894
 0 1.24969
 0 0.957952
 0 1.22239
 0 0.925192
 0 0.781754
 0 0.993562
 0 1.24674
 0 0.958146
 0 1.44097
 0 1.28834
 0 0.882404
 0 0.870514
 0 1.4769
 0 0.72012
 0 1.01265
 0 0.850924
 0 1.04977
 0 1.45193
 0 1.21507
 0 1.33535
 0 1.00749
 0 0.998668
 0 0.535724
 0 1.16532
 0 0.835934
 0 0.865494
 0 1.17215
 0 0.85992
 0 0.799534
 0 0.902134
 0 0.832908
 0 0.743252
 0 0.936674
 0 1.08036
 0 1.14003
 0 1.12069
 0 1.24281
 0 0.451078
 0 0.576456
 0 1.12286
 0 0.948968
 0 0.995842
 0 0.882028
 0 0.746646
 0 1.13447
 0 1.14134
 0 0.854602
 0 0.822002
 0 1.07802
 0 0.779828
 0 0.924738
 0 1.04259
 0 0.942258
 0 0.9537
 0 1.14037
 0 1.10433
 0 1.04161
 0 1.14697
 0 0.548894
 0 1.22391
 0 0.967162
 0 0.942282
 0 1.04159
 0 1.22891
 0 0.76105
 0 1.1711
 0 0.965412
 0 0.523746
 0 1.13086
 0 0.758962
 0 1.11821
 0 1.04712
 0 1.15359
 0 0.719626
 0 0.802052
 0 0.74102
 0 1.14318
 0 0.911652
 0 1.06616
 0 1.34864
 0 0.988984
 0 0.80062
 0 1.22182
 0 0.502544
 0 1.07207
 0 1.46139
 0 1.17254
 0 0.757944
 0 1.06265
 0 1.0883
 0 1.15489
 0 1.12428
 0 1.12274
 0 0.885042
 0 1.05623
 0 1.02939
 0 0.855014
 0 0.966206
 0 1.07024
 0 1.30332
 0 0.96798
 0 1.47468
 0 0.762244
 0 1.00245
 0 0.714946
 0 1.4063
 0 1.03853
 0 0.979612
 0 0.85171
 0 0.792674
 0 0.909198
 0 1.0262
 0 0.799304
 0 0.772432
 0 1.22662
 0 1.211
 0 0.984366
 0 1.06284
 0 1.11564
 0 0.994728
 0 1.00504
 0 0.996556
 0 0.575
 0 1.14367
 0 1.24991
 0 0.906582
 0 0.696774
 0 1.34094
 0 0.92192
 0 1.13605
 0 0.867614
 0 0.963114
 0 1.39806
 0 1.18746
 0 1.08549
 0 1.30408
 0 0.604986
 0 0.81075
 0 1.00766
 0 0.808336
 0 1.03541
 0 1.12874
 0 0.717954
 0 0.762776
 0 0.819772
 0 0.72844
 0 0.845046
 0 0.74352
 0 0.867038
 0 1.14326
 0 1.16954
 0 1.12155
 0 0.687238
 0 1.23957
 0 1.21167
 0 1.04076
 0 0.916618
 0 1.14143
 0 1.04859
 0 0.938322
 0 0.92113
 0 1.00363
 0 1.33067
 0 0.813436
 0 0.774958
 0 0.992042
 0 0.95736
 0 1.61707
 0 0.943832
 0 0.881182
 0 1.26963
 0 1.01401
 0 0.798884
 0 0.928512
 0 1.0914
 0 0.746606
 0 1.09203
 0 0.644996
 0 1.09783
 0 0.826524
 0 0.992142
 0 0.913138
 0 0.949658
 0 0.821712
 0 1.25721
 0 1.07339
 0 1.15868
 0 1.05581
 0 1.11073
 0 1.15366
 0 0.930304
 0 0.952526
 0 1.01387
 0 1.07366
 0 0.73951
 0 1.06525
 0 1.26202
 0 0.67032
 0 1.22572
 0 1.10354
 0 0.900022
 0 1.34451
 0 0.830362
 0 0.899318
 0 1.01504
 0 1.11175
 0 1.38562
 0 1.24106
 0 0.559006
 0 1.06228
 0 1.1013
 0 0.84792
 0 0.973534
 0 0.985376
 0 1.14825
 0 1.1685
 0 0.873786
 0 0.989468
 0 1.1482
 0 0.951016
 0 1.16501
 0 0.968308
 0 1.2498
 0 1.02122
 0 0.846658
 0 0.949712
 0 1.32564
 0 0.868548
 0 0.850616
 0 1.02313
 0 0.871594
 0 1.02853
 0 1.02287
 0 1.23278
 0 0.885274
 0 1.23422
 0 1.21022
 0 0.941406
 0 1.08404
 0 1.19854
 0 0.884112
 0 0.788794
 0 1.07303
 0 0.964566
 0 0.919806
 0 1.0781
 0 1.35472
 0 1.04247
 0 1.21714
 0 0.564424
 0 1.53775
 0 0.84794
 0 0.885098
 0 1.3687
 0 1.3247
 0 1.15572
 0 0.964744
 0 0.894032
 0 0.879416
 0 1.03461
 0 0.809194
 0 1.12356
 0 0.761232
 0 1.12465
 0 1.32779
 0 1.39727
 0 0.962398
 0 1.01646
 0 1.14002
 0 0.89437
 0 0.91063
 0 1.0902
 0 0.782262
 0 0.995538
 0 0.8551
 0 0.923478
 0 1.40352
 0 1.16797
 0 1.241
 0 1.21813
 0 0.820048
 0 0.982752
 0 1.42242
 0 0.983844
 0 0.835562
 0 1.19402
 0 0.664812
 0 0.685478
 0 1.13377
 0 0.79212
 0 0.991806
 0 1.19105
 0 0.782958
 0 0.869924
 0 1.29124
 0 0.636336
 0 0.981982
 0 0.735832
 0 1.02884
 0 0.889762
 0 1.11294
 0 0.741772
 0 1.06111
 0 0.973852
 0 0.974532
 0 1.20258
 0 1.28149
 0 1.33084
 0 0.78827
 0 0.954764
 0 0.891416
 0 0.911744
 0 1.06585
 0 1.09212
 0 0.831758
 0 1.10901
 0 1.15131
 0 1.23712
 0 0.91859
 0 1.29343
 0 0.331222
 0 1.24173
 0 1.1598
 0 1.18725
 0 0.718536
 0 0.876118
 0 1.3623
 0 1.12927
 0 0.831722
 0 0.952538
 0 1.02895
 0 0.786536
 0 0.93676
 0 1.30348
 0 1.23412
 0 0.975352
 0 0.965578
 0 1.09765
 0 0.97542
 0 1.18619
 0 1.25957
 0 0.872576
 0 1.03362
 0 0.586932
 0 0.7591
 0 1.02439
 0 1.28202
 0 0.959362
 0 0.751946
 0 1.17829
 0 0.667524
 0 1.02083
 0 0.906712
 0 1.01931
 0 1.0434
 0 1.44488
 0 1.04707
 0 1.14148
 0 0.844528
 0 0.986678
 0 1.01312
 0 0.670498
 0 0.723032
 0 0.90489
 0 1.18958
 0 1.12781
 0 1.18495
 0 1.19719
 0 0.942508
 0 0.565286
 0 0.78641
 0 0.935766
 0 1.29739
 0 0.845014
 0 0.587442
 0 0.846938
 0 1.22198
 0 0.805434
 0 1.2027
 0 1.0367
 0 0.992104
 0 1.00835
 0 0.832512
 0 1.08391
 0 1.14769
 0 0.908956
 0 1.00347
 0 0.806212
 0 0.808596
 0 0.919748
 0 0.87706
 0 1.11763
 0 0.965136
 0 1.01798
 0 1.18613
 0 0.99394
 0 0.906218
 0 1.12945
 0 0.948496
 0 1.06099
 0 1.01611
 0 1.09012
 0 0.863738
 0 1.19822
 0 0.859098
 0 1.29648
 0 0.99712
 0 0.998842
 0 0.851988
 0 1.21416
 0 0.831096
 0 1.20135
 0 0.659744
 0 0.831154
 0 1.37241
 0 0.934056
 0 0.936496
 0 0.678868
 0 1.1524
 0 1.17628
 0 1.13215
 0 1.0092
 0 1.59686
 0 1.09121
 0 1.04857
 0 1.24367
 0 0.785636
 0 0.85863
 0 1.32629
 0 1.0744
 0 1.31251
 0 0.97936
 0 1.13096
 0 0.747694
 0 1.0754
 0 1.11306
 0 1.22542
 0 0.998662
 0 1.00287
 0 1.09808
 0 0.997616
 0 1.07414
 0 0.914936
 0 1.44893
 0 0.71588
 0 0.705824
 0 0.983656
 0 0.941788
