535 1 0 0 1
 0 0.902454
 0 0.647716
 0 1.38543
 0 1.1541
 0 0.999656
 0 1.0257
 0 1.63966
 0 0.85453
 0 0.87463
 0 0.753716
 0 0.6171
 0 1.38906
 0 1.01325
 0 1.06379
 0 0.934074
 0 1.45825
 0 1.0111
 0 1.54738
 0 1.36781
 0 1.02843
 0 1.16685
 0 0.851394
 0 0.784288
 0 0.985496
 0 0.894014
 0 1.17212
 0 1.19216
 0 1.37629
 0 0.91539
 0 0.63578
 0 1.11082
 0 1.20398
 0 0.983882
 0 1.24507
 0 1.08448
 0 1.27953
 0 1.14995
 0 0.74314
 0 0.87084
 0 1.38142
 0 1.48466
 0 0.511576
 0 0.75407
 0 1.12272
 0 0.59919
 0 0.926178
 0 0.66468
 0 1.36421
 0 0.90933
 0 0.993402
 0 1.13482
 0 1.23456
 0 1.10914
 0 1.02702
 0 0.8535
 0 1.33019
 0 1.04306
 0 0.759946
 0 1.07984
 0 1.20549
 0 1.02709
 0 1.15335
 0 0.993888
 0 1.1604
 0 1.17926
 0 1.16451
 0 1.19211
 0 1.15568
 0 0.736094
 0 0.89042
 0 0.641564
 0 1.14663
 0 1.00461
 0 0.854878
 0 0.634642
 0 0.887382
 0 0.835544
 0 0.847732
 0 1.14901
 0 0.933948
 0 1.1514
 0 0.939354
 0 1.56755
 0 1.44148
 0 1.12913
 0 1.71358
 0 1.01309
 0 1.23091
 0 1.23756
 0 1.18051
 0 1.06163
 0 1.00688
 0 1.59685
 0 0.94396
 0 1.14309
 0 0.928694
 0 1.22417
 0 1.27328
 0 0.91563
 0 1.88681
 0 1.22936
 0 1.11349
 0 0.699134
 0 1.35913
 0 1.11459
 0 1.00644
 0 0.978188
 0 1.28721
 0 0.772552
 0 1.43723
 0 0.948536
 0 1.09254
 0 1.05424
 0 1.60603
 0 0.894072
 0 1.1502
 0 1.44871
 0 1.39941
 0 0.831766
 0 0.628864
 0 1.05239
 0 1.1135
 0 0.928352
 0 1.1368
 0 0.90978
 0 1.02044
 0 1.31918
 0 1.00786
 0 0.837186
 0 1.05024
 0 0.76972
 0 1.06439
 0 1.42423
 0 1.07891
 0 0.977412
 0 1.37613
 0 0.86763
 0 1.17363
 0 1.11783
 0 0.807368
 0 1.31271
 0 0.79359
 0 1.13324
 0 0.880992
 0 0.880116
 0 0.866222
 0 1.13267
 0 1.21225
 0 1.05055
 0 0.971872
 0 1.32693
 0 1.24666
 0 0.981492
 0 1.29178
 0 0.855956
 0 1.05798
 0 1.32253
 0 0.939628
 0 0.637894
 0 1.02866
 0 1.21533
 0 0.878896
 0 0.892632
 0 1.03292
 0 1.53875
 0 0.960606
 0 1.47814
 0 0.81176
 0 0.915978
 0 1.37882
 0 1.20771
 0 1.26709
 0 1.43817
 0 1.48846
 0 1.10787
 0 1.60433
 0 1.08503
 0 0.885866
 0 1.07884
 0 1.05194
 0 0.643132
 0 1.38748
 0 0.927544
 0 1.07321
 0 0.870932
 0 1.13079
 0 1.00193
 0 0.931284
 0 1.16531
 0 1.16742
 0 1.05485
 0 1.00559
 0 0.925988
 0 1.04263
 0 1.02065
 0 1.76885
 0 1.48647
 0 1.06896
 0 1.25478
 0 1.15678
 0 0.636418
 0 0.938354
 0 1.19927
 0 1.39304
 0 0.724812
 0 0.610702
 0 1.22496
 0 1.28232
 0 0.992146
 0 1.0383
 0 0.95247
 0 1.08536
 0 0.68956
 0 1.28366
 0 0.916408
 0 1.02488
 0 1.44168
 0 1.0569
 0 0.875782
 0 1.36222
 0 1.23741
 0 0.752088
 0 1.08296
 0 0.789478
 0 0.739088
 0 0.86404
 0 0.974248
 0 1.26951
 0 1.14378
 0 2.09342
 0 0.939726
 0 1.50424
 0 0.931458
 0 1.88188
 0 1.43071
 0 1.20921
 0 0.872164
 0 1.20291
 0 1.16393
 0 1.40336
 0 1.42108
 0 1.05221
 0 0.96478
 0 1.0528
 0 1.2903
 0 1.26945
 0 1.048
 0 0.891786
 0 1.17006
 0 1.16623
 0 1.38563
 0 0.90979
 0 1.081
 0 0.806738
 0 1.31941
 0 0.868506
 0 1.35968
 0 1.14085
 0 1.30654
 0 0.58135
 0 1.72988
 0 0.86642
 0 1.4768
 0 0.601908
 0 1.12759
 0 1.10138
 0 0.880016
 0 0.827962
 0 1.21813
 0 0.92313
 0 0.405116
 0 0.738046
 0 1.21645
 0 1.29201
 0 1.72404
 0 1.1327
 0 1.00641
 0 1.16492
 0 0.907938
 0 0.704056
 0 1.13484
 0 1.17018
 0 1.12765
 0 0.860156
 0 1.43778
 0 0.830312
 0 1.17816
 0 1.03363
 0 0.659866
 0 0.487686
 0 1.37046
 0 0.82394
 0 0.853816
 0 0.848816
 0 1.23149
 0 0.990652
 0 1.40223
 0 0.871714
 0 1.04869
 0 0.991778
 0 1.24915
 0 1.1288
 0 1.0112
 0 0.705986
 0 0.792612
 0 1.2831
 0 1.40868
 0 0.9722
 0 0.926084
 0 1.26952
 0 1.19703
 0 1.10349
 0 0.922152
 0 1.15269
 0 1.06597
 0 1.55505
 0 1.06557
 0 1.5334
 0 1.18989
 0 1.3965
 0 0.974088
 0 0.733302
 0 1.23033
 0 1.13646
 0 0.517612
 0 1.33419
 0 1.03345
 0 1.22486
 0 0.493422
 0 0.865796
 0 1.07033
 0 1.1288
 0 1.16931
 0 1.34228
 0 1.3074
 0 1.26895
 0 0.648936
 0 1.37958
 0 0.688608
 0 0.860118
 0 0.697226
 0 1.01806
 0 0.805244
 0 0.886806
 0 1.40342
 0 1.21882
 0 0.607668
 0 1.06734
 0 0.85762
 0 0.922194
 0 1.44945
 0 1.64521
 0 1.26973
 0 1.51994
 0 0.84445
 0 1.88541
 0 1.1665
 0 1.31403
 0 1.30281
 0 1.26086
 0 0.646886
 0 0.83195
 0 0.593776
 0 1.18831
 0 1.41613
 0 1.15488
 0 0.653546
 0 1.11492
 0 0.609618
 0 1.0587
 0 0.543264
 0 1.25077
 0 0.650516
 0 1.09926
 0 0.663332
 0 1.2898
 0 0.997092
 0 1.05667
 0 1.76735
 0 1.102
 0 0.919598
 0 1.22325
 0 1.40892
 0 1.27422
 0 1.03839
 0 1.2487
 0 1.48569
 0 1.03521
 0 1.23633
 0 1.03931
 0 1.43163
 0 1.27192
 0 1.21724
 0 0.68296
 0 1.60961
 0 1.29469
 0 1.43808
 0 0.906374
 0 1.38011
 0 1.18441
 0 0.83754
 0 0.449766
 0 1.41399
 0 1.21882
 0 1.46354
 0 1.3311
 0 0.754148
 0 1.05876
 0 1.26297
 0 0.793918
 0 1.09471
 0 1.04345
 0 1.27809
 0 1.56824
 0 0.883344
 0 0.834308
 0 1.12354
 0 1.38996
 0 1.08756
 0 1.6723
 0 0.887712
 0 1.34312
 0 1.1106
 0 1.3091
 0 1.14142
 0 0.984572
 0 0.79323
 0 0.849468
 0 1.65316
 0 0.96688
 0 1.30295
 0 1.34484
 0 1.46597
 0 1.1183
 0 1.42929
 0 0.785138
 0 1.08189
 0 0.5502
 0 1.43778
 0 0.47703
 0 1.25551
 0 1.61784
 0 1.09377
 0 1.03656
 0 0.407816
 0 1.00228
 0 0.899164
 0 1.41191
 0 1.55045
 0 0.79438
 0 1.36516
 0 1.76089
 0 0.998908
 0 1.06956
 0 1.2411
 0 0.988896
 0 1.26911
 0 1.0555
 0 0.548476
 0 1.38434
 0 0.962542
 0 0.831138
 0 0.880304
 0 1.40217
 0 1.6976
 0 1.09401
 0 1.24789
 0 1.06437
 0 0.746974
 0 1.37732
 0 1.48922
 0 1.28782
 0 1.02775
 0 1.05649
 0 0.476722
 0 1.06408
 0 1.21896
 0 1.31226
 0 1.22035
 0 0.919512
 0 1.08523
 0 0.839208
 0 0.863302
 0 0.870278
 0 1.36065
 0 1.26923
 0 1.26156
 0 0.9689
 0 1.0956
 0 0.92819
 0 0.923738
 0 1.04691
 0 0.758694
 0 1.04143
 0 1.28123
 0 1.55303
 0 1.20587
 0 1.29407
 0 1.26111
 0 0.976584
 0 1.01785
 0 0.913534
 0 0.886476
 0 0.930698
 0 0.80831
 0 1.13065
 0 0.802444
 0 1.18922
 0 1.27718
 0 0.969486
 0 0.493962
 0 1.24359
 0 1.27472
 0 1.02133
 0 1.55956
 0 1.55375
 0 1.04313
 0 1.12955
 0 0.985336
 0 1.16752
 0 0.93392
 0 1.07646
 0 1.3435
 0 1.26138
 0 0.785378
 0 1.07492
 0 1.25031
 0 1.30318
 0 0.995346
 0 1.54623
 0 0.94571
 0 0.956426
 0 1.56374
 0 1.35911
 0 1.19204
