535 1 0 0 1
 0 0.542511
 0 0.364948
 0 0.470769
 0 0.336508
 0 0.53915
 0 0.495565
 0 0.638215
 0 0.602377
 0 0.524318
 0 0.556145
 0 0.609296
 0 0.562456
 0 0.589668
 0 0.3472
 0 0.643113
 0 0.545615
 0 0.280964
 0 0.568045
 0 0.691988
 0 0.811131
 0 0.308796
 0 0.296447
 0 0.365079
 0 0.551497
 0 0.602527
 0 0.402307
 0 0.538231
 0 0.57846
 0 0.555031
 0 0.420294
 0 0.553786
 0 0.735379
 0 0.657141
 0 0.602732
 0 0.590822
 0 0.35979
 0 0.510636
 0 0.319538
 0 0.667732
 0 0.598388
 0 0.741216
 0 0.433392
 0 0.38494
 0 0.581346
 0 0.415836
 0 0.815076
 0 0.554999
 0 0.407225
 0 0.646065
 0 0.517939
 0 0.552548
 0 0.730599
 0 0.724394
 0 0.48097
 0 0.38183
 0 0.533321
 0 0.592558
 0 0.699962
 0 0.580583
 0 0.538982
 0 0.478252
 0 0.650638
 0 0.694363
 0 0.497018
 0 0.564363
 0 0.403188
 0 0.667421
 0 0.607589
 0 0.504198
 0 0.414339
 0 0.404074
 0 0.58
 0 0.617257
 0 0.397555
 0 0.723705
 0 0.510662
 0 0.400888
 0 0.488289
 0 0.639377
 0 0.549507
 0 0.705183
 0 0.555526
 0 0.468095
 0 0.402014
 0 0.638768
 0 0.590714
 0 0.573406
 0 0.520472
 0 0.651917
 0 0.498302
 0 0.51013
 0 0.410162
 0 0.271786
 0 0.461656
 0 0.73445
 0 0.555227
 0 0.4472
 0 0.532651
 0 0.423325
 0 0.534197
 0 0.38454
 0 0.389747
 0 0.126159
 0 0.765891
 0 0.65941
 0 0.624681
 0 0.81727
 0 0.429647
 0 0.679514
 0 0.509914
 0 0.495328
 0 0.40387
 0 0.582474
 0 0.596251
 0 0.400468
 0 0.420639
 0 0.481085
 0 0.532751
 0 0.378929
 0 0.458975
 0 0.649628
 0 0.494857
 0 0.454881
 0 0.605225
 0 0.402898
 0 0.551799
 0 0.599779
 0 0.549325
 0 0.531509
 0 0.446549
 0 0.65948
 0 0.441217
 0 0.680414
 0 0.613024
 0 0.570285
 0 0.469316
 0 0.45501
 0 0.515283
 0 0.583429
 0 0.565984
 0 0.428683
 0 0.714951
 0 0.583047
 0 0.575023
 0 0.624918
 0 0.573703
 0 0.810076
 0 0.632164
 0 0.56166
 0 0.685979
 0 0.623434
 0 0.573658
 0 0.687032
 0 0.449771
 0 0.429504
 0 0.696205
 0 0.494748
 0 0.558015
 0 0.454817
 0 0.611335
 0 0.493301
 0 0.507293
 0 0.5238
 0 0.515345
 0 0.616619
 0 0.496519
 0 0.781975
 0 0.484971
 0 0.409802
 0 0.5835
 0 0.44937
 0 0.38947
 0 0.604318
 0 0.639255
 0 0.442144
 0 0.601979
 0 0.603357
 0 0.57544
 0 0.522044
 0 0.461162
 0 0.681582
 0 0.469499
 0 0.449237
 0 0.602503
 0 0.470616
 0 0.757176
 0 0.669478
 0 0.567716
 0 0.516424
 0 0.6192
 0 0.454686
 0 0.671633
 0 0.576005
 0 0.506573
 0 0.499203
 0 0.473669
 0 0.483579
 0 0.560028
 0 0.542755
 0 0.53645
 0 0.601417
 0 0.509829
 0 0.644975
 0 0.674853
 0 0.683145
 0 0.730129
 0 0.617849
 0 0.867741
 0 0.542543
 0 0.612131
 0 0.701273
 0 0.569315
 0 0.673265
 0 0.407049
 0 0.632092
 0 0.730319
 0 0.543205
 0 0.612872
 0 0.274174
 0 0.389
 0 0.55934
 0 0.628755
 0 0.724588
 0 0.564501
 0 0.472325
 0 0.502883
 0 0.445706
 0 0.505377
 0 0.596143
 0 0.509105
 0 0.463839
 0 0.632473
 0 0.377707
 0 0.249169
 0 0.360207
 0 0.591293
 0 0.55851
 0 0.407515
 0 0.616861
 0 0.446628
 0 0.406374
 0 0.456143
 0 0.622242
 0 0.43384
 0 0.601808
 0 0.588864
 0 0.557455
 0 0.480478
 0 0.616885
 0 0.598035
 0 0.430205
 0 0.517085
 0 0.496557
 0 0.553515
 0 0.699454
 0 0.523751
 0 0.563907
 0 0.48513
 0 0.520664
 0 0.616762
 0 0.520179
 0 0.556139
 0 0.408938
 0 0.517906
 0 0.508771
 0 0.552129
 0 0.518255
 0 0.731147
 0 0.663756
 0 0.522343
 0 0.447958
 0 0.855091
 0 0.546794
 0 0.605014
 0 0.565452
 0 0.366411
 0 0.621567
 0 0.640863
 0 0.544768
 0 0.568897
 0 0.671534
 0 0.372361
 0 0.612512
 0 0.572813
 0 0.33245
 0 0.670258
 0 0.425663
 0 0.538247
 0 0.554647
 0 0.58213
 0 0.718786
 0 0.813469
 0 0.547342
 0 0.621468
 0 0.421599
 0 0.545648
 0 0.609417
 0 0.608409
 0 0.486095
 0 0.371922
 0 0.666576
 0 0.731009
 0 0.41249
 0 0.591221
 0 0.480332
 0 0.66978
 0 0.524272
 0 0.588989
 0 0.525154
 0 0.566479
 0 0.539388
 0 0.4846
 0 0.56623
 0 0.459082
 0 0.536991
 0 0.590667
 0 0.576854
 0 0.573076
 0 0.519249
 0 0.467301
 0 0.699575
 0 0.502969
 0 0.826061
 0 0.511668
 0 0.47546
 0 0.506566
 0 0.83998
 0 0.43845
 0 0.403101
 0 0.690807
 0 0.644413
 0 0.532817
 0 0.666556
 0 0.680109
 0 0.634234
 0 0.674043
 0 0.37086
 0 0.570057
 0 0.55305
 0 0.447557
 0 0.660117
 0 0.670243
 0 0.523859
 0 0.53872
 0 0.524972
 0 0.499264
 0 0.533267
 0 0.603187
 0 0.504779
 0 0.507119
 0 0.70372
 0 0.583991
 0 0.744768
 0 0.469951
 0 0.602852
 0 0.566556
 0 0.488511
 0 0.444969
 0 0.523338
 0 0.559366
 0 0.435318
 0 0.559545
 0 0.4885
 0 0.667862
 0 0.368768
 0 0.587847
 0 0.439671
 0 0.618303
 0 0.480886
 0 0.752873
 0 0.754482
 0 0.434766
 0 0.579404
 0 0.511956
 0 0.570014
 0 0.480355
 0 0.583702
 0 0.445226
 0 0.519807
 0 0.501297
 0 0.353604
 0 0.422508
 0 0.513642
 0 0.418438
 0 0.508394
 0 0.521367
 0 0.498761
 0 0.421051
 0 0.432504
 0 0.523611
 0 0.626098
 0 0.657798
 0 0.594682
 0 0.481964
 0 0.733172
 0 0.669556
 0 0.503911
 0 0.356454
 0 0.391749
 0 0.643924
 0 0.574693
 0 0.55283
 0 0.603243
 0 0.663359
 0 0.540819
 0 0.465506
 0 0.428297
 0 0.807937
 0 0.621677
 0 0.537941
 0 0.621708
 0 0.606431
 0 0.516568
 0 0.49818
 0 0.508899
 0 0.416151
 0 0.374253
 0 0.547883
 0 0.417745
 0 0.49039
 0 0.704909
 0 0.623039
 0 0.789592
 0 0.341237
 0 0.677397
 0 0.518458
 0 0.552045
 0 0.579414
 0 0.723019
 0 0.575977
 0 0.551739
 0 0.547399
 0 0.559682
 0 0.641944
 0 0.614521
 0 0.407625
 0 0.65918
 0 0.439521
 0 0.518481
 0 0.537459
 0 0.672221
 0 0.482509
 0 0.625376
 0 0.650858
 0 0.766753
 0 0.458412
 0 0.375715
 0 0.72745
 0 0.615478
 0 0.582817
 0 0.505476
 0 0.564363
 0 0.570921
 0 0.641888
 0 0.544392
 0 0.356106
 0 0.548349
 0 0.545894
 0 0.600366
 0 0.658836
 0 0.578143
 0 0.411247
 0 0.769874
 0 0.415401
 0 0.338525
 0 0.613088
 0 0.545998
 0 0.589898
 0 0.530273
 0 0.557978
 0 0.632382
 0 0.507744
 0 0.524392
 0 0.611507
 0 0.605326
 0 0.750334
 0 0.54595
 0 0.53444
 0 0.560171
 0 0.543341
 0 0.53466
 0 0.762535
 0 0.503677
 0 0.454408
 0 0.549938
 0 0.433919
 0 0.601273
 0 0.552618
 0 0.716564
 0 0.440591
 0 0.499529
 0 0.56135
 0 0.524332
 0 0.700981
 0 0.470331
 0 0.360594
 0 0.520165
 0 0.593587
 0 0.528477
 0 0.320401
 0 0.444281
 0 0.599627
 0 0.484268
 0 0.634087
 0 0.522466
 0 0.431893
 0 0.444897
 0 0.393176
 0 0.453108
 0 0.692099
 0 0.474961
 0 0.493564
 0 0.673436
 0 0.459466
 0 0.638582
 0 0.626702
 0 0.582817
 0 0.635932
 0 0.602449
 0 0.492775
 0 0.509927
 0 0.639413
 0 0.417661
 0 0.461981
 0 0.426455
 0 0.667415
 0 0.4073
 0 0.624365
 0 0.498806
 0 0.606023
 0 0.476721
 0 0.435042
 0 0.620899
 0 0.477406
 0 0.264458
