535 1 0 0 1
 0 1.11744
 0 0.770472
 0 0.804592
 0 1.18444
 0 1.04801
 0 1.19538
 0 1.26405
 0 1.08561
 0 1.07003
 0 0.862806
 0 0.823886
 0 1.16812
 0 1.07949
 0 0.943672
 0 1.11455
 0 0.982674
 0 1.09629
 0 1.06668
 0 0.980634
 0 1.34162
 0 1.04098
 0 1.14216
 0 1.03431
 0 1.0191
 0 1.03588
 0 1.1109
 0 0.940924
 0 1.05252
 0 1.0327
 0 1.24119
 0 0.929858
 0 0.854956
 0 0.897712
 0 0.883048
 0 0.872136
 0 1.21514
 0 1.15963
 0 0.884854
 0 1.19056
 0 0.889978
 0 1.10481
 0 1.05194
 0 1.10855
 0 1.0423
 0 1.10364
 0 1.0915
 0 1.07974
 0 0.891326
 0 0.802096
 0 1.35801
 0 0.905804
 0 1.30388
 0 0.841896
 0 1.09527
 0 0.945094
 0 1.09206
 0 0.887904
 0 0.892386
 0 1.12512
 0 0.98934
 0 1.11248
 0 0.810612
 0 0.909976
 0 0.921692
 0 0.943132
 0 1.22876
 0 0.7084
 0 0.919462
 0 1.16994
 0 0.994272
 0 0.834222
 0 1.20136
 0 1.29583
 0 1.18644
 0 1.3331
 0 1.0712
 0 1.06606
 0 1.21262
 0 1.32122
 0 1.2088
 0 1.19432
 0 1.22032
 0 0.910412
 0 0.853498
 0 1.11181
 0 1.06281
 0 0.926884
 0 0.792996
 0 1.03252
 0 1.30618
 0 1.13502
 0 1.09946
 0 1.03851
 0 1.2788
 0 0.990062
 0 1.01316
 0 0.935122
 0 1.11416
 0 0.815906
 0 1.29731
 0 1.28504
 0 1.27209
 0 0.964688
 0 1.09525
 0 0.937528
 0 1.034
 0 1.14594
 0 1.00789
 0 0.98558
 0 0.912472
 0 0.755302
 0 0.93047
 0 1.15571
 0 1.22775
 0 0.73204
 0 0.70482
 0 0.913714
 0 0.962872
 0 0.871152
 0 0.830834
 0 1.15475
 0 1.4741
 0 1.09923
 0 1.10213
 0 1.01939
 0 1.13421
 0 0.910144
 0 1.13682
 0 0.86083
 0 1.03439
 0 1.0671
 0 1.12565
 0 0.914498
 0 0.834238
 0 0.877164
 0 0.869522
 0 0.94286
 0 1.25694
 0 0.873712
 0 0.880344
 0 1.14578
 0 1.30317
 0 1.28351
 0 1.06025
 0 0.998256
 0 1.10148
 0 0.842128
 0 0.9284
 0 1.10677
 0 1.12552
 0 0.912066
 0 0.853568
 0 1.25464
 0 0.960844
 0 1.20111
 0 1.32714
 0 0.883664
 0 1.11775
 0 1.07614
 0 0.913792
 0 1.04133
 0 1.36773
 0 1.05071
 0 0.995804
 0 0.769758
 0 0.978656
 0 1.10731
 0 1.1415
 0 1.02573
 0 0.997558
 0 1.11382
 0 0.959854
 0 1.16163
 0 1.02392
 0 0.9694
 0 1.31542
 0 0.85009
 0 1.00644
 0 1.13578
 0 1.24103
 0 0.967166
 0 0.951218
 0 0.879716
 0 0.89874
 0 1.09552
 0 1.38971
 0 1.04295
 0 1.08491
 0 1.34639
 0 1.36155
 0 0.89667
 0 0.936494
 0 1.11279
 0 0.864338
 0 0.93901
 0 1.18785
 0 1.23745
 0 0.842214
 0 1.20906
 0 0.963568
 0 0.862272
 0 1.06885
 0 0.870224
 0 0.822082
 0 1.11071
 0 0.94988
 0 1.05
 0 0.976042
 0 1.12152
 0 1.01912
 0 1.04017
 0 0.793546
 0 0.960886
 0 0.807498
 0 0.959658
 0 1.07527
 0 1.1381
 0 1.08356
 0 0.961286
 0 1.07838
 0 1.27494
 0 0.672024
 0 0.944
 0 1.14023
 0 0.926042
 0 0.980478
 0 1.12352
 0 1.08156
 0 1.32373
 0 0.935528
 0 1.05463
 0 1.20783
 0 0.947078
 0 0.828294
 0 0.6253
 0 1.12166
 0 1.09204
 0 1.04224
 0 1.03797
 0 1.10735
 0 1.00005
 0 1.10181
 0 1.22031
 0 0.912418
 0 1.06083
 0 1.1129
 0 1.10223
 0 1.00284
 0 1.02543
 0 1.1486
 0 0.89326
 0 0.90581
 0 1.21509
 0 1.03297
 0 1.04588
 0 1.02691
 0 0.983982
 0 1.08034
 0 1.28598
 0 1.04024
 0 1.11226
 0 0.878116
 0 1.10227
 0 1.14893
 0 0.964958
 0 1.00184
 0 0.800808
 0 1.07958
 0 0.894886
 0 0.907906
 0 0.89889
 0 0.921778
 0 1.18844
 0 0.833212
 0 0.934734
 0 1.14351
 0 1.17183
 0 1.01358
 0 1.15497
 0 1.27082
 0 1.32126
 0 0.90747
 0 1.00773
 0 1.26591
 0 0.730264
 0 1.04595
 0 1.33981
 0 1.07276
 0 1.04027
 0 0.764992
 0 0.893044
 0 1.17999
 0 1.03278
 0 0.927594
 0 1.0447
 0 1.01056
 0 0.916818
 0 1.33104
 0 1.22233
 0 1.11468
 0 1.17132
 0 1.06528
 0 0.946116
 0 1.11911
 0 0.830092
 0 1.35477
 0 1.04511
 0 0.88272
 0 0.7637
 0 1.28865
 0 0.948648
 0 0.911608
 0 0.581482
 0 1.12762
 0 0.97349
 0 1.008
 0 0.903608
 0 0.873482
 0 1.14979
 0 1.23255
 0 0.926438
 0 0.897448
 0 1.27307
 0 1.09591
 0 0.8304
 0 1.03765
 0 0.92436
 0 1.28604
 0 1.17216
 0 1.16954
 0 1.4455
 0 1.04318
 0 1.03125
 0 1.01954
 0 1.03912
 0 0.786808
 0 0.952382
 0 1.41354
 0 0.964612
 0 0.981086
 0 1.30496
 0 1.00994
 0 0.777462
 0 1.02918
 0 1.10775
 0 1.14812
 0 0.990544
 0 0.684472
 0 1.209
 0 1.01794
 0 1.00777
 0 1.33456
 0 0.86388
 0 0.845284
 0 1.19275
 0 1.20251
 0 1.13699
 0 1.05057
 0 1.00375
 0 1.14113
 0 0.764468
 0 0.83371
 0 1.02694
 0 1.03686
 0 0.7583
 0 0.97462
 0 1.01125
 0 0.88301
 0 1.03754
 0 0.89886
 0 1.23368
 0 1.10412
 0 1.1666
 0 1.18019
 0 0.843162
 0 1.21927
 0 0.953626
 0 0.907342
 0 1.0704
 0 0.886154
 0 1.21489
 0 0.915136
 0 0.855676
 0 0.841836
 0 0.9426
 0 0.963556
 0 1.22154
 0 0.87995
 0 1.00779
 0 0.925888
 0 1.18819
 0 0.792772
 0 0.974174
 0 1.09797
 0 0.82245
 0 0.784868
 0 1.06645
 0 0.99196
 0 0.90268
 0 1.21919
 0 0.997872
 0 1.15873
 0 1.2022
 0 1.18666
 0 1.24988
 0 1.17742
 0 1.09506
 0 0.824384
 0 1.14781
 0 0.825218
 0 1.2135
 0 0.855268
 0 0.841966
 0 0.999064
 0 0.968834
 0 0.91143
 0 1.07071
 0 1.28512
 0 1.08682
 0 0.991912
 0 0.897814
 0 1.07532
 0 1.07468
 0 1.02435
 0 1.17724
 0 0.854062
 0 1.04325
 0 1.06304
 0 1.05168
 0 1.23993
 0 0.965868
 0 0.860008
 0 1.11765
 0 1.22651
 0 0.914282
 0 1.07061
 0 1.24395
 0 0.856798
 0 1.15146
 0 0.791058
 0 1.19465
 0 0.921162
 0 1.19775
 0 1.20552
 0 0.925878
 0 0.753792
 0 0.945078
 0 1.09607
 0 1.04128
 0 1.21064
 0 1.15605
 0 1.34363
 0 1.31325
 0 1.18763
 0 0.687786
 0 0.654798
 0 1.00479
 0 1.02986
 0 0.925082
 0 1.2263
 0 1.07954
 0 1.10274
 0 0.908584
 0 1.17983
 0 1.32261
 0 1.22372
 0 1.03554
 0 0.961312
 0 0.894604
 0 1.22426
 0 1.52225
 0 1.03629
 0 1.01932
 0 0.896446
 0 1.06607
 0 1.23139
 0 1.07313
 0 0.749124
 0 1.31878
 0 1.18632
 0 0.90218
 0 1.02198
 0 1.03058
 0 1.24766
 0 1.02799
 0 1.22012
 0 1.11688
 0 1.19256
 0 0.996278
 0 0.817394
 0 1.18886
 0 1.44581
 0 0.883792
 0 0.986376
 0 0.983468
 0 0.668588
 0 0.6718
 0 1.07939
 0 1.07849
 0 1.02211
 0 1.01851
 0 1.05157
 0 0.89028
 0 1.04119
 0 1.01428
 0 1.0207
 0 0.945152
 0 0.94657
 0 1.1517
 0 1.46297
 0 0.892194
 0 0.904096
 0 1.16078
 0 0.97923
 0 1.12444
 0 1.11943
 0 0.988296
 0 1.07098
 0 1.08039
 0 0.871176
 0 0.97066
 0 0.834988
 0 1.09368
 0 1.01664
 0 0.912536
 0 1.03689
 0 1.13005
 0 0.93564
 0 1.0773
 0 1.12638
 0 1.17327
 0 0.870512
 0 0.86033
 0 1.22284
 0 1.07264
