535 1 0 0 1
 0 -0.856786
 0 -0.870042
 0 -0.918708
 0 -0.934416
 0 -0.884612
 0 -0.811334
 0 -1.01626
 0 -1.45491
 0 -0.886728
 0 -0.5451
 0 -0.89944
 0 -0.725572
 0 -0.73021
 0 -1.36336
 0 -1.22306
 0 -0.755292
 0 -0.880846
 0 -0.975558
 0 -0.782434
 0 -0.637646
 0 -0.60995
 0 -0.937038
 0 -0.679894
 0 -0.88636
 0 -0.489342
 0 -1.31117
 0 -0.971974
 0 -1.13912
 0 -0.972366
 0 -0.777716
 0 -1.30047
 0 -1.20368
 0 -1.0371
 0 -1.06939
 0 -0.46166
 0 -0.640648
 0 -1.14357
 0 -0.839938
 0 -1.15584
 0 -1.03723
 0 -0.665722
 0 -0.874688
 0 -0.79757
 0 -1.21311
 0 -0.536834
 0 -0.860626
 0 -1.07864
 0 -0.900222
 0 -0.570372
 0 -1.06402
 0 -1.03033
 0 -1.21567
 0 -1.11291
 0 -1.10754
 0 -1.24488
 0 -0.934986
 0 -1.15311
 0 -0.800594
 0 -1.07193
 0 -1.00526
 0 -1.0296
 0 -0.973296
 0 -0.850834
 0 -0.83417
 0 -0.407638
 0 -0.80095
 0 -0.815012
 0 -0.91064
 0 -0.76888
 0 -0.368604
 0 -0.901642
 0 -0.977098
 0 -0.995938
 0 -1.08363
 0 -0.826964
 0 -1.12567
 0 -0.775478
 0 -1.02958
 0 -0.835846
 0 -0.919868
 0 -1.37065
 0 -0.7628
 0 -1.18805
 0 -0.665696
 0 -0.823318
 0 -1.0938
 0 -1.39656
 0 -0.791894
 0 -0.709916
 0 -0.882254
 0 -1.02863
 0 -0.845424
 0 -0.872738
 0 -0.920422
 0 -0.76357
 0 -1.2749
 0 -1.00225
 0 -0.647042
 0 -0.850818
 0 -1.13598
 0 -0.894682
 0 -1.0144
 0 -0.527078
 0 -0.917802
 0 -1.23864
 0 -1.14672
 0 -1.04211
 0 -1.0902
 0 -0.871204
 0 -0.48872
 0 -0.880164
 0 -1.1938
 0 -0.72822
 0 -1.09793
 0 -0.825874
 0 -0.881024
 0 -0.59282
 0 -0.83922
 0 -0.802344
 0 -0.84153
 0 -0.771452
 0 -1.26973
 0 -1.01218
 0 -1.29167
 0 -1.02307
 0 -0.728128
 0 -1.18851
 0 -0.8437
 0 -1.1715
 0 -1.0423
 0 -0.76254
 0 -0.924278
 0 -1.10204
 0 -0.845252
 0 -0.797774
 0 -1.01033
 0 -0.97265
 0 -1.03461
 0 -0.836116
 0 -0.85191
 0 -1.1608
 0 -1.13506
 0 -0.931572
 0 -0.883878
 0 -0.837428
 0 -0.74464
 0 -1.05187
 0 -0.845366
 0 -0.957104
 0 -1.07959
 0 -1.05252
 0 -0.983802
 0 -1.13011
 0 -0.726222
 0 -0.542456
 0 -0.867388
 0 -0.800458
 0 -1.16243
 0 -0.591702
 0 -1.49984
 0 -0.99566
 0 -0.802318
 0 -0.715816
 0 -1.06944
 0 -0.94399
 0 -0.89488
 0 -1.03947
 0 -0.804454
 0 -0.841922
 0 -1.12801
 0 -0.766304
 0 -1.44939
 0 -1.5961
 0 -1.42848
 0 -0.55793
 0 -1.14461
 0 -1.07632
 0 -0.995444
 0 -0.61824
 0 -0.90443
 0 -0.721028
 0 -1.07636
 0 -0.963038
 0 -0.8456
 0 -0.99289
 0 -1.00994
 0 -1.24174
 0 -0.740332
 0 -1.36316
 0 -0.931804
 0 -1.13519
 0 -1.25394
 0 -1.03058
 0 -1.15185
 0 -0.695074
 0 -0.786866
 0 -1.22536
 0 -0.91587
 0 -0.862004
 0 -1.09425
 0 -0.835526
 0 -0.992178
 0 -0.873192
 0 -1.21685
 0 -0.862082
 0 -0.84498
 0 -0.749986
 0 -0.833568
 0 -0.7698
 0 -1.007
 0 -1.05812
 0 -1.10309
 0 -0.899874
 0 -1.05236
 0 -0.894748
 0 -1.00872
 0 -1.45269
 0 -1.07398
 0 -1.13559
 0 -1.09607
 0 -0.802564
 0 -1.43905
 0 -1.25939
 0 -0.623632
 0 -0.840028
 0 -0.353364
 0 -1.06672
 0 -0.901768
 0 -1.00388
 0 -0.779708
 0 -1.07551
 0 -0.787768
 0 -0.871536
 0 -1.05833
 0 -0.767056
 0 -0.714404
 0 -0.97164
 0 -1.128
 0 -0.988734
 0 -0.723138
 0 -0.696906
 0 -1.01868
 0 -1.06579
 0 -0.697244
 0 -0.813276
 0 -0.68694
 0 -1.2119
 0 -0.968698
 0 -1.0806
 0 -1.21915
 0 -0.851736
 0 -0.922582
 0 -1.02462
 0 -0.783926
 0 -1.42329
 0 -1.06442
 0 -0.973466
 0 -1.39378
 0 -1.11788
 0 -1.01416
 0 -0.759546
 0 -0.751346
 0 -0.974218
 0 -0.773278
 0 -1.0698
 0 -1.24093
 0 -0.935148
 0 -1.12936
 0 -1.28398
 0 -0.76713
 0 -0.716858
 0 -1.11035
 0 -1.16157
 0 -0.963094
 0 -1.16964
 0 -0.98861
 0 -1.27556
 0 -1.16692
 0 -1.37939
 0 -0.584304
 0 -0.90511
 0 -0.735838
 0 -0.86591
 0 -1.21343
 0 -0.927264
 0 -0.802746
 0 -1.01097
 0 -0.867434
 0 -1.7034
 0 -0.792016
 0 -0.665746
 0 -1.09425
 0 -0.676058
 0 -0.864674
 0 -1.167
 0 -0.857916
 0 -1.16759
 0 -0.84163
 0 -1.14926
 0 -1.13259
 0 -0.909696
 0 -1.44354
 0 -1.15643
 0 -1.02231
 0 -0.743256
 0 -0.934792
 0 -0.639352
 0 -0.759384
 0 -1.19123
 0 -1.14705
 0 -1.15491
 0 -0.973636
 0 -0.765638
 0 -1.00389
 0 -1.18225
 0 -0.723566
 0 -0.45557
 0 -0.629902
 0 -0.74169
 0 -1.02707
 0 -0.826852
 0 -0.671936
 0 -0.908146
 0 -1.0517
 0 -0.894728
 0 -1.35675
 0 -1.26881
 0 -1.17166
 0 -0.718654
 0 -1.00253
 0 -0.926612
 0 -0.755334
 0 -0.940828
 0 -1.11551
 0 -1.09631
 0 -0.71687
 0 -0.6461
 0 -1.31315
 0 -0.679094
 0 -0.710882
 0 -1.618
 0 -1.12407
 0 -1.04488
 0 -0.941232
 0 -0.779668
 0 -0.811406
 0 -0.667942
 0 -1.20902
 0 -1.16333
 0 -0.522218
 0 -1.21713
 0 -1.45524
 0 -1.15578
 0 -0.526986
 0 -1.02809
 0 -1.13094
 0 -1.00359
 0 -1.01182
 0 -1.19394
 0 -0.709826
 0 -0.721428
 0 -0.830208
 0 -0.911746
 0 -1.26807
 0 -1.35535
 0 -1.03826
 0 -0.800934
 0 -0.481242
 0 -0.642832
 0 -1.48277
 0 -0.916296
 0 -1.11758
 0 -0.766196
 0 -0.683664
 0 -0.888036
 0 -0.921238
 0 -0.615286
 0 -1.10209
 0 -1.41045
 0 -0.569846
 0 -1.06526
 0 -0.966206
 0 -0.993816
 0 -1.19373
 0 -0.77141
 0 -0.819042
 0 -1.1245
 0 -0.833442
 0 -0.713464
 0 -0.97073
 0 -1.27266
 0 -0.939458
 0 -0.870098
 0 -1.04724
 0 -1.34543
 0 -1.06701
 0 -1.03448
 0 -1.25412
 0 -1.21045
 0 -1.21416
 0 -0.912228
 0 -1.00804
 0 -1.63353
 0 -1.12694
 0 -1.05907
 0 -0.879864
 0 -1.06789
 0 -0.48232
 0 -1.25064
 0 -0.89445
 0 -0.960338
 0 -0.81807
 0 -1.1583
 0 -1.29318
 0 -0.892512
 0 -0.515288
 0 -0.793246
 0 -0.896892
 0 -0.488724
 0 -1.19319
 0 -1.1128
 0 -1.03468
 0 -1.01157
 0 -1.10267
 0 -1.05467
 0 -0.75839
 0 -0.633208
 0 -1.11101
 0 -0.943926
 0 -1.10333
 0 -0.84938
 0 -0.727986
 0 -1.24936
 0 -0.61844
 0 -1.06841
 0 -0.862468
 0 -1.32042
 0 -0.2861
 0 -1.15723
 0 -0.615418
 0 -0.900374
 0 -1.32856
 0 -1.29413
 0 -1.23707
 0 -0.658598
 0 -1.02054
 0 -1.11239
 0 -0.968506
 0 -0.888916
 0 -0.978934
 0 -0.62067
 0 -1.40957
 0 -0.972978
 0 -0.855004
 0 -1.39757
 0 -0.942666
 0 -0.660096
 0 -1.06302
 0 -0.865454
 0 -1.13172
 0 -0.872144
 0 -0.825634
 0 -1.20165
 0 -0.941708
 0 -0.616346
 0 -1.32824
 0 -1.09202
 0 -1.05694
 0 -1.08103
 0 -0.890492
 0 -1.38005
 0 -1.03524
 0 -0.900032
 0 -1.50448
 0 -0.777644
 0 -0.891628
 0 -0.865094
 0 -1.07302
 0 -1.33372
 0 -1.15908
 0 -1.25789
 0 -0.961294
 0 -0.975138
 0 -0.800498
 0 -1.07703
 0 -0.798362
 0 -0.714014
 0 -1.21915
 0 -1.23622
 0 -0.755002
 0 -0.920784
 0 -0.944638
 0 -1.43445
 0 -1.13415
 0 -0.716432
 0 -1.16299
 0 -0.903798
 0 -0.888404
 0 -0.81998
 0 -0.710072
 0 -0.822572
 0 -0.735236
 0 -0.654668
 0 -0.60117
 0 -0.670716
 0 -0.8601
 0 -0.92223
 0 -1.11751
 0 -0.677304
 0 -0.993006
 0 -1.12173
 0 -1.03678
 0 -1.22422
 0 -0.702038
 0 -1.13256
 0 -1.26296
 0 -1.01964
 0 -1.15216
 0 -0.95749
 0 -1.11952
 0 -0.775254
 0 -1.28903
 0 -1.32732
 0 -1.1361
 0 -0.863768
 0 -0.973954
 0 -0.991016
 0 -1.06891
 0 -1.0244
 0 -0.789096
 0 -1.61205
 0 -0.893482
 0 -0.72949
 0 -1.02292
 0 -1.0377
