535 1 0 0 1
 0 0.877706
 0 0.686932
 0 0.98513
 0 1.05591
 0 1.04886
 0 1.0494
 0 1.17898
 0 0.85205
 0 1.16149
 0 0.485758
 0 0.883796
 0 1.31769
 0 1.02287
 0 1.34109
 0 1.36187
 0 0.820796
 0 0.878552
 0 1.24811
 0 0.534656
 0 1.15087
 0 0.964456
 0 1.21829
 0 0.809576
 0 1.22737
 0 1.0398
 0 0.894436
 0 1.12279
 0 1.1468
 0 1.01078
 0 0.953592
 0 1.21044
 0 1.21221
 0 1.25217
 0 0.976166
 0 1.20039
 0 1.11232
 0 0.861518
 0 1.13436
 0 1.16019
 0 0.834186
 0 1.2777
 0 0.791058
 0 1.24219
 0 1.0037
 0 0.947676
 0 0.821162
 0 1.07081
 0 0.532908
 0 0.594262
 0 0.737632
 0 1.01451
 0 1.20829
 0 1.0422
 0 0.82261
 0 1.02688
 0 1.13689
 0 0.824676
 0 1.0914
 0 0.935614
 0 0.984046
 0 1.12372
 0 1.21696
 0 1.03345
 0 1.09617
 0 0.905854
 0 1.56763
 0 1.13658
 0 1.00153
 0 0.817768
 0 0.979518
 0 0.888736
 0 1.01853
 0 0.877096
 0 1.08912
 0 0.686982
 0 0.892518
 0 1.26306
 0 0.718432
 0 0.917018
 0 1.13376
 0 1.10834
 0 0.883022
 0 1.2624
 0 1.18827
 0 0.85576
 0 0.829468
 0 1.28206
 0 0.91312
 0 1.18434
 0 0.934612
 0 0.956196
 0 1.05754
 0 1.04472
 0 0.771394
 0 0.76547
 0 1.25467
 0 1.23533
 0 0.743064
 0 0.947868
 0 1.38374
 0 0.587906
 0 0.951332
 0 0.952394
 0 1.35108
 0 1.6385
 0 0.927866
 0 1.14173
 0 0.926592
 0 0.83438
 0 0.608254
 0 1.30919
 0 1.04936
 0 0.8069
 0 1.32243
 0 1.11781
 0 0.92919
 0 0.878544
 0 0.782174
 0 0.492882
 0 1.0406
 0 1.04355
 0 1.16442
 0 1.30827
 0 1.27677
 0 0.996708
 0 0.690802
 0 0.992288
 0 0.95577
 0 1.11218
 0 1.15919
 0 0.86526
 0 1.14388
 0 1.32295
 0 1.24878
 0 1.09368
 0 1.04335
 0 1.2349
 0 1.1795
 0 1.04397
 0 1.18924
 0 1.02864
 0 1.17922
 0 0.92261
 0 1.02899
 0 0.8886
 0 0.729396
 0 1.01412
 0 0.94748
 0 0.826804
 0 0.969546
 0 1.50749
 0 0.83241
 0 0.939924
 0 0.953874
 0 0.698
 0 1.41992
 0 0.688152
 0 1.27165
 0 0.99424
 0 1.05461
 0 1.0795
 0 0.884122
 0 0.747326
 0 1.07191
 0 1.49203
 0 0.852132
 0 0.80444
 0 0.874816
 0 1.01135
 0 1.20258
 0 0.515302
 0 1.15739
 0 1.29193
 0 1.64436
 0 0.90561
 0 0.971484
 0 1.11518
 0 0.612246
 0 1.06195
 0 0.776642
 0 0.91907
 0 1.19478
 0 1.42963
 0 0.83724
 0 0.849522
 0 1.05312
 0 1.1417
 0 0.809178
 0 1.22381
 0 0.658262
 0 0.950434
 0 0.804216
 0 1.33243
 0 1.20788
 0 1.16333
 0 0.925032
 0 0.99869
 0 0.863464
 0 0.778192
 0 1.24083
 0 1.07011
 0 1.03664
 0 0.850158
 0 0.955332
 0 1.13321
 0 1.23901
 0 1.07318
 0 1.08815
 0 0.818508
 0 0.836856
 0 1.15917
 0 1.06286
 0 0.99757
 0 1.05357
 0 0.92875
 0 1.25159
 0 1.06885
 0 1.40957
 0 1.05163
 0 0.932306
 0 0.92524
 0 1.26075
 0 0.723778
 0 0.78491
 0 0.656824
 0 0.694936
 0 1.07327
 0 0.918058
 0 0.965042
 0 1.03686
 0 0.712142
 0 1.25027
 0 1.00876
 0 1.18395
 0 1.2581
 0 1.17265
 0 1.14591
 0 1.54287
 0 1.12196
 0 0.941538
 0 1.22131
 0 1.24163
 0 0.97535
 0 1.16016
 0 1.0399
 0 0.80497
 0 1.07734
 0 0.927094
 0 0.788068
 0 0.866684
 0 1.08681
 0 0.632262
 0 0.919396
 0 0.94784
 0 1.65388
 0 1.16241
 0 1.06782
 0 1.13845
 0 1.15706
 0 1.03419
 0 1.414
 0 1.1558
 0 0.830422
 0 1.13468
 0 0.81095
 0 1.07974
 0 0.988204
 0 0.81781
 0 0.996112
 0 0.956102
 0 0.924956
 0 1.06875
 0 1.07875
 0 0.92407
 0 0.943896
 0 0.984338
 0 0.99477
 0 0.824352
 0 1.11642
 0 0.831716
 0 1.12779
 0 0.730074
 0 0.996726
 0 1.2331
 0 1.07661
 0 1.15171
 0 1.08041
 0 0.852858
 0 0.947106
 0 0.896916
 0 1.17123
 0 0.775124
 0 0.757652
 0 1.1329
 0 1.2642
 0 1.22066
 0 1.11726
 0 0.905422
 0 0.93305
 0 1.16128
 0 0.638958
 0 1.2737
 0 1.0989
 0 1.19827
 0 0.833816
 0 1.35472
 0 0.797048
 0 1.13886
 0 1.02061
 0 1.0765
 0 1.4138
 0 0.940458
 0 1.16342
 0 1.15727
 0 0.587428
 0 0.783596
 0 1.31022
 0 0.89719
 0 1.02328
 0 1.20878
 0 0.804374
 0 0.711406
 0 1.1365
 0 1.03315
 0 0.873068
 0 1.32245
 0 1.00351
 0 1.22168
 0 0.907758
 0 0.974968
 0 0.89199
 0 0.970044
 0 0.946978
 0 1.13755
 0 1.14876
 0 0.975256
 0 0.625442
 0 1.29998
 0 1.05645
 0 0.989038
 0 1.15941
 0 1.26237
 0 1.46596
 0 1.22045
 0 1.19044
 0 0.535588
 0 0.793448
 0 1.28989
 0 1.07944
 0 0.924694
 0 1.42403
 0 1.07657
 0 1.31033
 0 0.742042
 0 1.48228
 0 1.005
 0 1.2437
 0 0.93231
 0 0.931422
 0 1.16295
 0 0.753362
 0 1.09232
 0 0.900292
 0 0.670344
 0 1.08488
 0 1.15992
 0 1.02832
 0 0.691348
 0 0.736116
 0 1.78014
 0 1.2625
 0 0.960872
 0 1.0888
 0 0.938764
 0 0.73003
 0 0.825796
 0 1.3766
 0 1.10375
 0 1.45949
 0 1.23871
 0 1.1263
 0 1.16451
 0 1.13032
 0 0.88181
 0 0.972104
 0 0.906006
 0 1.11555
 0 0.90606
 0 1.00883
 0 0.524056
 0 1.13415
 0 1.09599
 0 0.82201
 0 1.22905
 0 1.43001
 0 1.04373
 0 0.967072
 0 0.9475
 0 0.539842
 0 1.55363
 0 0.722508
 0 1.01486
 0 1.24005
 0 1.08029
 0 1.12032
 0 0.862302
 0 0.974344
 0 1.01603
 0 0.772056
 0 0.724212
 0 0.940488
 0 0.921028
 0 1.08258
 0 1.34746
 0 1.11925
 0 0.677312
 0 0.786834
 0 1.07536
 0 0.679126
 0 1.50364
 0 1.03522
 0 0.966918
 0 1.16709
 0 0.956128
 0 1.08392
 0 1.00305
 0 1.29529
 0 1.02207
 0 0.82148
 0 0.833798
 0 1.2957
 0 1.24989
 0 1.05613
 0 1.10943
 0 0.599838
 0 0.94856
 0 1.22023
 0 0.717362
 0 1.11664
 0 1.03217
 0 0.778408
 0 1.1781
 0 0.86129
 0 0.960606
 0 1.00414
 0 0.737614
 0 1.17966
 0 1.02627
 0 1.20125
 0 0.99007
 0 0.870692
 0 1.39508
 0 0.875994
 0 1.33629
 0 1.31025
 0 1.21895
 0 0.837268
 0 1.19288
 0 1.12108
 0 1.39166
 0 1.07183
 0 1.11042
 0 0.944322
 0 1.18365
 0 1.3447
 0 1.20115
 0 1.02047
 0 0.809996
 0 0.777164
 0 1.54548
 0 1.11079
 0 1.34006
 0 0.812516
 0 1.20607
 0 0.869912
 0 0.863968
 0 0.70571
 0 1.09547
 0 1.01561
 0 0.684708
 0 1.31305
 0 1.00888
 0 1.08755
 0 1.01622
 0 1.42596
 0 0.674242
 0 0.895034
 0 0.99538
 0 1.31552
 0 0.64891
 0 1.22253
 0 0.886996
 0 1.3174
 0 0.877362
 0 0.820776
 0 1.51501
 0 1.14502
 0 0.988176
 0 1.24563
 0 0.830022
 0 1.03614
 0 1.13853
 0 0.80444
 0 0.731572
 0 0.992988
 0 1.27486
 0 0.536264
 0 1.02462
 0 0.842542
 0 1.49002
 0 1.05455
 0 1.03019
 0 1.33345
 0 0.83912
 0 0.916244
 0 1.08848
 0 1.0143
 0 1.07394
 0 1.08486
 0 1.34993
 0 0.57139
 0 1.17241
 0 1.48729
 0 1.04004
 0 1.26144
 0 1.01242
 0 0.954906
 0 0.835116
 0 0.645714
 0 1.04086
 0 1.37575
 0 0.781072
 0 0.821556
 0 1.02414
 0 1.112
