535 1 0 0 1
 0 0.451227
 0 0.323858
 0 0.692716
 0 0.577051
 0 0.499828
 0 0.512848
 0 0.819831
 0 0.427265
 0 0.437315
 0 0.376858
 0 0.30855
 0 0.694528
 0 0.506624
 0 0.531897
 0 0.467037
 0 0.729127
 0 0.505551
 0 0.77369
 0 0.683907
 0 0.514214
 0 0.583424
 0 0.425697
 0 0.392144
 0 0.492748
 0 0.447007
 0 0.58606
 0 0.596079
 0 0.688147
 0 0.457695
 0 0.31789
 0 0.55541
 0 0.601989
 0 0.491941
 0 0.622535
 0 0.542238
 0 0.639765
 0 0.574973
 0 0.37157
 0 0.43542
 0 0.690712
 0 0.742332
 0 0.255788
 0 0.377035
 0 0.561361
 0 0.299595
 0 0.463089
 0 0.33234
 0 0.682106
 0 0.454665
 0 0.496701
 0 0.567409
 0 0.617282
 0 0.55457
 0 0.513509
 0 0.42675
 0 0.665093
 0 0.521529
 0 0.379973
 0 0.539918
 0 0.602745
 0 0.513543
 0 0.576676
 0 0.496944
 0 0.580202
 0 0.589631
 0 0.582255
 0 0.596054
 0 0.577842
 0 0.368047
 0 0.44521
 0 0.320782
 0 0.573317
 0 0.502307
 0 0.427439
 0 0.317321
 0 0.443691
 0 0.417772
 0 0.423866
 0 0.574506
 0 0.466974
 0 0.575702
 0 0.469677
 0 0.783774
 0 0.72074
 0 0.564563
 0 0.856788
 0 0.506543
 0 0.615453
 0 0.618779
 0 0.590253
 0 0.530814
 0 0.503441
 0 0.798424
 0 0.47198
 0 0.571544
 0 0.464347
 0 0.612084
 0 0.636642
 0 0.457815
 0 0.943407
 0 0.614678
 0 0.556746
 0 0.349567
 0 0.679564
 0 0.557297
 0 0.503218
 0 0.489094
 0 0.643604
 0 0.386276
 0 0.718616
 0 0.474268
 0 0.546268
 0 0.527122
 0 0.803017
 0 0.447036
 0 0.575102
 0 0.724357
 0 0.699706
 0 0.415883
 0 0.314432
 0 0.526197
 0 0.556752
 0 0.464176
 0 0.568399
 0 0.45489
 0 0.510221
 0 0.65959
 0 0.50393
 0 0.418593
 0 0.525118
 0 0.38486
 0 0.532195
 0 0.712113
 0 0.539456
 0 0.488706
 0 0.688067
 0 0.433815
 0 0.586816
 0 0.558913
 0 0.403684
 0 0.656355
 0 0.396795
 0 0.56662
 0 0.440496
 0 0.440058
 0 0.433111
 0 0.566337
 0 0.606123
 0 0.525275
 0 0.485936
 0 0.663464
 0 0.623329
 0 0.490746
 0 0.645888
 0 0.427978
 0 0.528991
 0 0.661265
 0 0.469814
 0 0.318947
 0 0.514328
 0 0.607666
 0 0.439448
 0 0.446316
 0 0.51646
 0 0.769376
 0 0.480303
 0 0.73907
 0 0.40588
 0 0.457989
 0 0.689409
 0 0.603854
 0 0.633545
 0 0.719086
 0 0.744228
 0 0.553934
 0 0.802164
 0 0.542515
 0 0.442933
 0 0.53942
 0 0.525969
 0 0.321566
 0 0.693739
 0 0.463772
 0 0.536607
 0 0.435466
 0 0.565397
 0 0.500967
 0 0.465642
 0 0.582654
 0 0.583709
 0 0.527426
 0 0.502797
 0 0.462994
 0 0.521315
 0 0.510327
 0 0.884425
 0 0.743233
 0 0.53448
 0 0.62739
 0 0.578388
 0 0.318209
 0 0.469177
 0 0.599635
 0 0.696519
 0 0.362406
 0 0.305351
 0 0.61248
 0 0.641162
 0 0.496073
 0 0.519152
 0 0.476235
 0 0.542679
 0 0.34478
 0 0.641831
 0 0.458204
 0 0.512439
 0 0.72084
 0 0.528452
 0 0.437891
 0 0.68111
 0 0.618705
 0 0.376044
 0 0.541482
 0 0.394739
 0 0.369544
 0 0.43202
 0 0.487124
 0 0.634754
 0 0.571888
 0 1.04671
 0 0.469863
 0 0.75212
 0 0.465729
 0 0.940941
 0 0.715353
 0 0.604605
 0 0.436082
 0 0.601454
 0 0.581966
 0 0.701681
 0 0.710541
 0 0.526103
 0 0.48239
 0 0.526399
 0 0.645152
 0 0.634724
 0 0.524001
 0 0.445893
 0 0.585031
 0 0.583115
 0 0.692816
 0 0.454895
 0 0.540502
 0 0.403369
 0 0.659704
 0 0.434253
 0 0.67984
 0 0.570423
 0 0.653269
 0 0.290675
 0 0.86494
 0 0.43321
 0 0.7384
 0 0.300954
 0 0.563796
 0 0.550689
 0 0.440008
 0 0.413981
 0 0.609066
 0 0.461565
 0 0.202558
 0 0.369023
 0 0.608226
 0 0.646005
 0 0.86202
 0 0.566349
 0 0.503207
 0 0.582462
 0 0.453969
 0 0.352028
 0 0.567419
 0 0.585091
 0 0.563826
 0 0.430078
 0 0.718892
 0 0.415156
 0 0.589082
 0 0.516816
 0 0.329933
 0 0.243843
 0 0.68523
 0 0.41197
 0 0.426908
 0 0.424408
 0 0.615745
 0 0.495326
 0 0.701117
 0 0.435857
 0 0.524346
 0 0.495889
 0 0.624575
 0 0.5644
 0 0.505601
 0 0.352993
 0 0.396306
 0 0.64155
 0 0.70434
 0 0.4861
 0 0.463042
 0 0.634759
 0 0.598513
 0 0.551746
 0 0.461076
 0 0.576343
 0 0.532986
 0 0.777523
 0 0.532786
 0 0.7667
 0 0.594946
 0 0.698251
 0 0.487044
 0 0.366651
 0 0.615163
 0 0.568232
 0 0.258806
 0 0.667096
 0 0.516724
 0 0.612428
 0 0.246711
 0 0.432898
 0 0.535164
 0 0.564399
 0 0.584655
 0 0.671141
 0 0.653698
 0 0.634475
 0 0.324468
 0 0.689788
 0 0.344304
 0 0.430059
 0 0.348613
 0 0.509029
 0 0.402622
 0 0.443403
 0 0.70171
 0 0.609411
 0 0.303834
 0 0.533671
 0 0.42881
 0 0.461097
 0 0.724726
 0 0.822605
 0 0.634863
 0 0.759968
 0 0.422225
 0 0.942706
 0 0.583251
 0 0.657017
 0 0.651407
 0 0.63043
 0 0.323443
 0 0.415975
 0 0.296888
 0 0.594153
 0 0.708064
 0 0.577438
 0 0.326773
 0 0.557461
 0 0.304809
 0 0.529351
 0 0.271632
 0 0.625386
 0 0.325258
 0 0.549632
 0 0.331666
 0 0.644902
 0 0.498546
 0 0.528334
 0 0.883677
 0 0.551
 0 0.459799
 0 0.611626
 0 0.704461
 0 0.637112
 0 0.519197
 0 0.62435
 0 0.742847
 0 0.517603
 0 0.618167
 0 0.519655
 0 0.715815
 0 0.635961
 0 0.60862
 0 0.34148
 0 0.804803
 0 0.647346
 0 0.71904
 0 0.453187
 0 0.690056
 0 0.592206
 0 0.41877
 0 0.224883
 0 0.706997
 0 0.609408
 0 0.731769
 0 0.66555
 0 0.377074
 0 0.529382
 0 0.631484
 0 0.396959
 0 0.547357
 0 0.521727
 0 0.639045
 0 0.784119
 0 0.441672
 0 0.417154
 0 0.561769
 0 0.694981
 0 0.543779
 0 0.836152
 0 0.443856
 0 0.67156
 0 0.5553
 0 0.65455
 0 0.570711
 0 0.492286
 0 0.396615
 0 0.424734
 0 0.826579
 0 0.48344
 0 0.651476
 0 0.672419
 0 0.732984
 0 0.559152
 0 0.714645
 0 0.392569
 0 0.540947
 0 0.2751
 0 0.718892
 0 0.238515
 0 0.627754
 0 0.808921
 0 0.546884
 0 0.51828
 0 0.203908
 0 0.501139
 0 0.449582
 0 0.705953
 0 0.775226
 0 0.39719
 0 0.68258
 0 0.880444
 0 0.499454
 0 0.53478
 0 0.620551
 0 0.494448
 0 0.634554
 0 0.52775
 0 0.274238
 0 0.692172
 0 0.481271
 0 0.415569
 0 0.440152
 0 0.701084
 0 0.848801
 0 0.547004
 0 0.623945
 0 0.532186
 0 0.373487
 0 0.68866
 0 0.744609
 0 0.64391
 0 0.513877
 0 0.528243
 0 0.238361
 0 0.532039
 0 0.609482
 0 0.656128
 0 0.610174
 0 0.459756
 0 0.542617
 0 0.419604
 0 0.431651
 0 0.435139
 0 0.680326
 0 0.634614
 0 0.630778
 0 0.48445
 0 0.547802
 0 0.464095
 0 0.461869
 0 0.523453
 0 0.379347
 0 0.520713
 0 0.640616
 0 0.776513
 0 0.602933
 0 0.647035
 0 0.630557
 0 0.488292
 0 0.508927
 0 0.456767
 0 0.443238
 0 0.465349
 0 0.404155
 0 0.565325
 0 0.401222
 0 0.59461
 0 0.638592
 0 0.484743
 0 0.246981
 0 0.621794
 0 0.63736
 0 0.510667
 0 0.779779
 0 0.776874
 0 0.521566
 0 0.564775
 0 0.492668
 0 0.583761
 0 0.46696
 0 0.538231
 0 0.671749
 0 0.630688
 0 0.392689
 0 0.53746
 0 0.625153
 0 0.651592
 0 0.497673
 0 0.773117
 0 0.472855
 0 0.478213
 0 0.781868
 0 0.679555
 0 0.596018
