535 1 0 0 1
 0 1.47273
 0 0.625092
 0 0.864502
 0 1.25684
 0 1.34496
 0 0.73429
 0 1.11784
 0 1.4498
 0 1.05694
 0 0.809408
 0 0.93502
 0 1.22969
 0 1.27898
 0 1.1837
 0 0.768128
 0 0.68661
 0 0.830898
 0 1.04843
 0 0.807838
 0 1.13914
 0 0.653948
 0 1.01557
 0 1.15979
 0 0.797582
 0 1.20215
 0 1.12877
 0 0.889664
 0 1.29036
 0 1.19958
 0 0.555416
 0 1.29591
 0 1.28167
 0 1.11058
 0 1.1915
 0 1.15885
 0 1.19672
 0 1.39687
 0 1.13779
 0 0.943472
 0 0.968244
 0 0.971964
 0 0.762524
 0 1.04783
 0 1.27577
 0 0.851348
 0 1.17961
 0 1.27329
 0 0.968092
 0 0.814402
 0 1.07228
 0 0.934604
 0 1.32891
 0 1.03651
 0 1.09828
 0 1.16893
 0 0.864356
 0 1.05291
 0 1.01699
 0 0.80736
 0 1.25976
 0 0.822346
 0 1.14386
 0 0.903636
 0 1.00763
 0 1.1602
 0 0.793002
 0 0.715242
 0 1.12642
 0 1.08735
 0 1.07671
 0 1.14299
 0 1.00471
 0 1.27175
 0 0.946244
 0 1.05475
 0 1.08173
 0 0.836498
 0 0.956696
 0 0.681248
 0 1.10735
 0 1.00089
 0 0.913374
 0 0.862084
 0 1.03178
 0 1.16754
 0 1.08397
 0 1.18433
 0 0.909888
 0 1.14309
 0 1.04944
 0 1.05917
 0 0.970108
 0 1.05834
 0 1.5252
 0 1.28996
 0 0.931134
 0 1.21846
 0 1.20009
 0 1.0353
 0 1.27989
 0 0.786624
 0 0.8775
 0 1.12572
 0 0.933494
 0 0.877668
 0 1.05629
 0 1.23528
 0 1.08504
 0 1.06663
 0 0.763268
 0 0.731486
 0 1.58419
 0 0.846876
 0 1.10839
 0 0.900588
 0 0.794268
 0 1.11226
 0 1.00449
 0 1.02055
 0 1.33316
 0 1.45997
 0 0.867206
 0 0.862516
 0 0.877514
 0 1.02297
 0 0.750202
 0 1.54429
 0 1.02678
 0 1.36655
 0 0.912374
 0 1.49007
 0 1.21475
 0 1.45808
 0 0.964552
 0 1.2979
 0 1.07333
 0 1.35604
 0 1.4261
 0 0.880422
 0 1.1553
 0 1.15293
 0 1.05612
 0 0.962724
 0 0.976322
 0 1.08396
 0 0.962466
 0 0.717804
 0 0.906518
 0 1.21615
 0 1.15931
 0 1.39115
 0 0.98647
 0 0.766944
 0 0.662714
 0 0.853132
 0 1.21162
 0 1.11849
 0 1.25656
 0 1.09605
 0 1.01603
 0 1.10886
 0 1.19469
 0 1.40173
 0 1.5239
 0 1.30513
 0 0.894194
 0 1.26884
 0 1.14011
 0 1.15175
 0 0.996038
 0 1.0272
 0 1.15541
 0 0.923686
 0 1.53323
 0 1.05996
 0 1.03459
 0 0.868734
 0 1.01224
 0 0.948806
 0 1.05021
 0 1.18803
 0 1.25962
 0 1.05911
 0 1.38142
 0 1.11374
 0 1.15991
 0 0.853372
 0 0.946506
 0 1.45085
 0 1.15549
 0 1.03919
 0 1.22882
 0 1.29403
 0 0.854168
 0 0.583534
 0 1.09985
 0 1.4106
 0 1.21476
 0 1.15822
 0 1.13912
 0 0.671916
 0 1.23142
 0 1.14847
 0 1.10095
 0 1.16269
 0 1.01933
 0 0.998904
 0 1.03033
 0 1.01758
 0 1.12564
 0 1.23311
 0 0.999304
 0 1.00313
 0 1.16914
 0 1.12869
 0 1.2622
 0 1.01702
 0 1.35647
 0 1.30473
 0 1.4674
 0 0.971586
 0 1.14339
 0 1.30602
 0 1.19235
 0 1.17467
 0 0.944942
 0 1.18468
 0 1.20895
 0 1.04563
 0 1.18078
 0 1.09065
 0 1.10664
 0 0.948362
 0 0.961288
 0 1.20203
 0 1.41993
 0 0.889038
 0 1.02421
 0 1.23927
 0 0.934966
 0 0.686422
 0 1.26062
 0 1.24785
 0 0.987706
 0 1.1806
 0 1.0333
 0 0.703524
 0 1.00517
 0 0.955886
 0 0.891298
 0 1.06079
 0 0.899106
 0 1.15541
 0 1.17138
 0 1.27355
 0 1.21497
 0 0.898876
 0 0.70805
 0 1.07143
 0 1.01377
 0 1.03414
 0 0.752868
 0 1.30079
 0 0.789466
 0 0.823578
 0 1.11487
 0 1.08965
 0 1.12555
 0 1.01244
 0 1.06078
 0 1.35355
 0 0.965552
 0 1.05615
 0 1.48675
 0 1.54756
 0 0.937868
 0 1.07295
 0 1.34271
 0 1.20612
 0 0.963906
 0 1.09956
 0 0.808616
 0 0.9902
 0 1.01534
 0 0.824708
 0 0.984176
 0 1.376
 0 1.33021
 0 0.99203
 0 0.521114
 0 1.24372
 0 0.99213
 0 0.918914
 0 1.10724
 0 1.26626
 0 0.954728
 0 1.12973
 0 1.33548
 0 0.901618
 0 0.952774
 0 1.34543
 0 1.5575
 0 0.995296
 0 1.12113
 0 0.77272
 0 1.04378
 0 0.832848
 0 1.47371
 0 1.15032
 0 0.859808
 0 0.948966
 0 1.25256
 0 1.19492
 0 1.32648
 0 1.03954
 0 1.16491
 0 1.15768
 0 1.1683
 0 1.20489
 0 1.04205
 0 1.28416
 0 1.02039
 0 1.01912
 0 0.992338
 0 0.831702
 0 1.03639
 0 1.23532
 0 0.86762
 0 1.02521
 0 0.829964
 0 0.9978
 0 1.3923
 0 0.993156
 0 0.911536
 0 1.08442
 0 0.837304
 0 0.82123
 0 1.26493
 0 1.34603
 0 0.92581
 0 1.19192
 0 1.22475
 0 1.01873
 0 1.30691
 0 1.22347
 0 1.12903
 0 0.942924
 0 0.912358
 0 1.30364
 0 0.890078
 0 0.884992
 0 1.45552
 0 1.08707
 0 0.889208
 0 1.32934
 0 1.25565
 0 1.325
 0 0.928884
 0 1.14746
 0 1.07451
 0 0.809368
 0 1.30668
 0 0.991622
 0 1.03128
 0 0.799334
 0 1.18859
 0 0.877684
 0 0.763348
 0 1.01614
 0 1.27227
 0 1.3401
 0 1.26458
 0 1.18403
 0 1.00136
 0 0.904212
 0 1.05889
 0 1.13464
 0 1.29826
 0 1.05314
 0 1.33658
 0 1.3581
 0 0.817846
 0 0.912264
 0 1.12809
 0 1.0855
 0 1.07626
 0 0.836468
 0 0.997952
 0 1.22453
 0 1.14434
 0 1.05043
 0 0.91636
 0 1.27041
 0 1.10537
 0 1.00547
 0 1.06903
 0 1.19494
 0 0.746424
 0 0.982266
 0 1.24814
 0 1.25378
 0 1.34402
 0 1.18019
 0 0.793856
 0 1.05225
 0 1.1831
 0 1.23738
 0 0.844234
 0 1.63266
 0 0.844876
 0 0.92984
 0 0.958948
 0 1.07072
 0 1.32087
 0 0.671808
 0 0.975232
 0 1.08911
 0 0.791788
 0 0.726708
 0 0.652424
 0 1.10304
 0 0.979886
 0 0.95761
 0 1.17502
 0 0.98981
 0 1.11437
 0 1.13249
 0 1.76755
 0 0.827326
 0 1.09047
 0 0.968296
 0 1.16821
 0 1.20042
 0 0.75668
 0 1.13641
 0 1.23066
 0 0.720716
 0 0.903484
 0 1.0777
 0 1.10837
 0 0.640396
 0 1.01194
 0 1.09334
 0 1.14377
 0 0.73056
 0 1.14874
 0 1.49912
 0 0.877744
 0 1.08768
 0 1.11538
 0 1.28526
 0 1.37434
 0 1.13346
 0 1.25656
 0 0.995294
 0 0.826196
 0 1.1719
 0 1.10805
 0 1.12202
 0 1.16007
 0 0.955786
 0 1.56071
 0 1.18365
 0 1.35979
 0 0.736074
 0 1.45468
 0 0.956586
 0 0.838922
 0 1.27963
 0 1.12473
 0 1.34357
 0 1.15831
 0 0.875872
 0 0.745874
 0 1.22329
 0 1.55933
 0 0.951752
 0 1.02164
 0 1.29437
 0 1.13407
 0 1.22922
 0 1.39297
 0 1.04894
 0 1.07006
 0 0.935596
 0 1.02487
 0 0.816714
 0 0.844856
 0 1.19856
 0 1.04962
 0 0.903064
 0 1.05714
 0 0.892838
 0 1.03539
 0 1.1707
 0 1.32706
 0 0.816112
 0 0.873766
 0 0.926674
 0 1.37273
 0 0.971876
 0 0.789248
 0 0.961676
 0 1.461
 0 0.894838
 0 1.15701
 0 1.40623
 0 1.1519
 0 1.09162
 0 1.28497
 0 1.21967
 0 1.22914
 0 1.46121
 0 1.1194
 0 0.931986
 0 1.20064
 0 1.12624
 0 1.07991
 0 1.28935
 0 0.680004
 0 1.16112
 0 1.02351
 0 1.13759
 0 1.29508
 0 0.94367
 0 0.93712
 0 0.94754
 0 1.30453
 0 0.94761
 0 0.805582
 0 0.823002
 0 0.98053
 0 0.903952
 0 1.19671
 0 1.13814
