535 1 0 0 1
 0 0.379537
 0 0.523742
 0 0.636915
 0 0.618368
 0 0.449349
 0 0.599258
 0 0.634706
 0 0.445832
 0 0.372657
 0 0.236742
 0 0.557958
 0 0.47705
 0 0.517603
 0 0.842712
 0 0.934271
 0 0.506412
 0 0.328836
 0 0.709041
 0 0.470663
 0 0.50734
 0 0.62251
 0 0.49589
 0 0.455354
 0 0.35919
 0 0.592747
 0 0.50699
 0 0.541105
 0 0.862891
 0 0.442031
 0 0.367318
 0 0.629818
 0 0.490291
 0 0.574905
 0 0.554375
 0 0.673403
 0 0.493201
 0 0.580473
 0 0.675124
 0 0.413744
 0 0.623485
 0 0.566428
 0 0.595234
 0 0.801002
 0 0.322061
 0 0.415158
 0 0.506707
 0 0.425525
 0 0.189632
 0 0.424925
 0 0.555243
 0 0.643793
 0 0.449867
 0 0.408754
 0 0.380007
 0 0.456472
 0 0.470854
 0 0.540639
 0 0.700839
 0 0.516357
 0 0.484773
 0 0.514861
 0 0.497399
 0 0.399092
 0 0.707902
 0 0.210566
 0 0.588025
 0 0.465677
 0 0.530102
 0 0.590547
 0 0.438814
 0 0.529629
 0 0.337613
 0 0.538601
 0 0.732609
 0 0.641806
 0 0.423186
 0 0.704401
 0 0.584222
 0 0.290152
 0 0.460744
 0 0.768584
 0 0.302252
 0 0.559698
 0 0.564651
 0 0.561849
 0 0.543586
 0 0.593224
 0 0.63245
 0 0.306086
 0 0.489728
 0 0.4934
 0 0.60349
 0 0.528554
 0 0.232236
 0 0.372643
 0 0.388102
 0 0.742249
 0 0.422839
 0 0.520383
 0 0.342922
 0 0.247176
 0 0.532852
 0 0.618626
 0 0.800482
 0 0.536028
 0 0.395493
 0 0.528393
 0 0.298664
 0 0.348946
 0 0.542094
 0 0.601796
 0 0.808341
 0 0.624476
 0 0.669177
 0 0.457921
 0 0.5323
 0 0.486948
 0 0.524881
 0 0.48949
 0 0.503902
 0 0.56416
 0 0.455353
 0 0.464543
 0 0.698962
 0 0.440047
 0 0.60385
 0 0.600046
 0 0.412184
 0 0.547383
 0 0.471137
 0 0.438348
 0 0.550391
 0 0.744689
 0 0.747317
 0 0.67037
 0 0.494793
 0 0.440671
 0 0.494756
 0 0.556839
 0 0.305425
 0 0.605544
 0 0.855853
 0 0.55045
 0 0.475788
 0 0.487847
 0 0.301376
 0 0.509393
 0 0.319463
 0 0.564031
 0 0.622425
 0 0.69361
 0 0.726149
 0 0.540645
 0 0.627383
 0 0.541161
 0 0.777521
 0 0.401424
 0 0.560277
 0 0.486225
 0 0.520704
 0 0.423946
 0 0.732221
 0 0.477338
 0 0.440648
 0 0.809902
 0 0.318548
 0 0.403156
 0 0.536427
 0 0.569342
 0 0.676149
 0 0.635683
 0 0.678384
 0 0.479613
 0 0.774092
 0 0.230072
 0 0.658611
 0 0.750026
 0 0.519039
 0 0.656878
 0 0.589094
 0 0.407118
 0 0.497249
 0 0.489513
 0 0.347143
 0 0.323149
 0 0.414634
 0 0.655496
 0 0.653335
 0 0.69002
 0 0.273842
 0 0.359115
 0 0.257966
 0 0.677445
 0 0.756463
 0 0.487436
 0 0.641363
 0 0.61186
 0 0.49238
 0 0.447493
 0 0.634563
 0 0.581869
 0 0.364313
 0 0.517743
 0 0.414069
 0 0.34281
 0 0.66026
 0 0.626337
 0 0.527987
 0 0.558606
 0 0.601993
 0 0.686244
 0 0.406039
 0 0.62568
 0 0.561298
 0 0.74076
 0 0.469943
 0 0.618158
 0 0.598265
 0 0.520971
 0 0.489925
 0 0.568356
 0 0.640791
 0 0.460697
 0 0.49284
 0 0.425318
 0 0.101175
 0 0.516665
 0 0.478575
 0 0.451685
 0 0.659643
 0 0.704816
 0 0.511354
 0 0.575228
 0 0.571822
 0 0.643444
 0 0.820877
 0 0.665592
 0 0.652175
 0 0.608728
 0 0.451076
 0 0.464724
 0 0.639742
 0 0.537112
 0 0.399683
 0 0.672717
 0 0.42281
 0 0.626757
 0 0.552598
 0 0.440444
 0 0.568449
 0 0.556299
 0 0.449436
 0 0.514087
 0 0.5246
 0 0.795381
 0 0.898145
 0 0.505429
 0 0.511456
 0 0.476601
 0 0.499509
 0 0.474231
 0 0.522394
 0 0.38123
 0 0.516408
 0 0.539564
 0 0.465096
 0 0.275637
 0 0.563806
 0 0.236109
 0 0.466214
 0 0.567666
 0 0.718791
 0 0.656948
 0 0.561219
 0 0.323635
 0 0.432507
 0 0.603361
 0 0.319409
 0 0.495365
 0 0.692468
 0 0.515175
 0 0.414202
 0 0.406673
 0 0.46572
 0 0.576609
 0 0.527991
 0 0.497246
 0 0.60491
 0 0.623416
 0 0.683299
 0 0.701572
 0 0.355494
 0 0.283233
 0 0.502235
 0 0.621382
 0 0.55458
 0 0.619854
 0 0.336992
 0 0.489666
 0 0.718611
 0 0.407175
 0 0.824362
 0 0.748668
 0 0.483526
 0 0.36784
 0 0.807375
 0 0.40341
 0 0.610198
 0 0.463306
 0 0.534314
 0 0.606796
 0 0.412003
 0 0.466347
 0 0.358886
 0 0.490205
 0 0.388195
 0 0.525265
 0 0.685516
 0 0.466009
 0 0.585234
 0 0.403315
 0 0.432879
 0 0.682516
 0 0.658799
 0 0.611287
 0 0.696583
 0 0.630777
 0 0.510513
 0 0.621177
 0 0.492375
 0 0.348224
 0 0.336821
 0 0.47594
 0 0.488571
 0 0.531755
 0 0.562665
 0 0.488207
 0 0.65078
 0 0.354647
 0 0.439807
 0 0.464552
 0 0.577941
 0 0.6198
 0 0.540222
 0 0.844345
 0 0.486996
 0 0.435001
 0 0.595351
 0 0.492038
 0 0.458475
 0 0.886309
 0 0.547652
 0 0.40629
 0 0.430678
 0 0.665555
 0 0.464208
 0 0.443731
 0 0.40189
 0 0.460759
 0 0.510488
 0 0.399642
 0 0.591555
 0 0.52708
 0 0.726859
 0 0.499967
 0 0.581901
 0 0.558863
 0 0.347775
 0 0.353765
 0 0.778295
 0 0.448459
 0 0.242663
 0 0.69195
 0 0.556799
 0 0.404743
 0 0.681639
 0 0.553456
 0 0.627092
 0 0.529757
 0 0.561345
 0 0.603585
 0 0.723166
 0 0.367576
 0 0.54267
 0 0.678332
 0 0.624711
 0 0.612932
 0 0.490925
 0 0.466095
 0 0.320411
 0 0.617682
 0 0.593592
 0 0.568177
 0 0.52267
 0 0.860273
 0 0.575175
 0 0.400835
 0 0.498782
 0 0.410019
 0 0.743302
 0 0.408505
 0 0.674088
 0 0.591414
 0 0.536241
 0 0.622497
 0 0.623993
 0 0.531308
 0 0.216416
 0 0.582074
 0 0.60687
 0 0.461345
 0 0.533306
 0 0.495658
 0 0.724378
 0 0.716966
 0 0.244318
 0 0.54434
 0 0.515409
 0 0.351435
 0 0.547836
 0 0.758198
 0 0.455381
 0 0.546231
 0 0.307054
 0 0.598423
 0 0.501973
 0 0.675983
 0 0.617706
 0 0.367101
 0 0.441638
 0 0.652835
 0 0.551466
 0 0.611286
 0 0.47319
 0 0.386276
 0 0.40107
 0 0.709303
 0 0.221252
 0 0.602759
 0 0.521722
 0 0.504918
 0 0.585084
 0 0.587459
 0 0.847845
 0 0.460487
 0 0.524178
 0 0.57295
 0 0.411875
 0 0.670881
 0 0.237951
 0 0.420675
 0 0.807059
 0 0.519313
 0 0.660959
 0 0.428701
 0 0.602568
 0 0.308711
 0 0.52268
 0 0.347466
 0 0.66008
 0 0.717764
 0 0.495628
 0 0.269112
 0 0.549861
 0 0.761468
 0 0.736296
 0 0.459807
 0 0.280491
 0 0.410733
 0 0.404652
 0 0.694173
 0 0.499984
 0 0.487568
 0 0.400297
 0 0.558038
 0 0.371364
 0 0.375202
 0 0.640343
 0 0.198132
 0 0.434918
 0 0.420375
 0 0.620344
 0 0.615385
 0 0.673755
 0 0.762719
 0 0.28457
 0 0.90363
 0 0.796261
 0 0.75087
 0 0.329946
 0 0.439276
 0 0.317359
 0 0.545151
 0 0.58539
 0 0.74932
 0 0.473979
 0 0.701552
 0 0.50126
 0 0.604138
 0 0.438814
 0 0.415937
 0 0.640119
 0 0.297825
 0 0.423039
 0 0.490227
 0 0.579805
 0 0.347371
 0 0.973074
 0 0.697132
 0 0.711333
 0 0.562774
 0 0.624439
 0 0.659827
 0 0.400826
 0 0.540778
 0 0.711907
 0 0.485311
 0 0.573032
 0 0.532677
 0 0.584447
 0 0.465544
 0 0.663214
 0 0.601983
 0 0.400895
 0 0.532426
 0 0.186422
 0 0.422921
 0 0.599408
 0 0.423082
 0 0.48944
 0 0.670296
 0 0.334721
 0 0.452553
 0 0.62746
 0 0.441722
