535 1 0 0 1
 0 0.759074
 0 1.04748
 0 1.27383
 0 1.23674
 0 0.898698
 0 1.19852
 0 1.26941
 0 0.891664
 0 0.745314
 0 0.473484
 0 1.11592
 0 0.9541
 0 1.03521
 0 1.68542
 0 1.86854
 0 1.01282
 0 0.657672
 0 1.41808
 0 0.941326
 0 1.01468
 0 1.24502
 0 0.99178
 0 0.910708
 0 0.71838
 0 1.18549
 0 1.01398
 0 1.08221
 0 1.72578
 0 0.884062
 0 0.734636
 0 1.25964
 0 0.980582
 0 1.14981
 0 1.10875
 0 1.34681
 0 0.986402
 0 1.16095
 0 1.35025
 0 0.827488
 0 1.24697
 0 1.13286
 0 1.19047
 0 1.602
 0 0.644122
 0 0.830316
 0 1.01341
 0 0.85105
 0 0.379264
 0 0.84985
 0 1.11049
 0 1.28759
 0 0.899734
 0 0.817508
 0 0.760014
 0 0.912944
 0 0.941708
 0 1.08128
 0 1.40168
 0 1.03271
 0 0.969546
 0 1.02972
 0 0.994798
 0 0.798184
 0 1.4158
 0 0.421132
 0 1.17605
 0 0.931354
 0 1.0602
 0 1.18109
 0 0.877628
 0 1.05926
 0 0.675226
 0 1.0772
 0 1.46522
 0 1.28361
 0 0.846372
 0 1.4088
 0 1.16844
 0 0.580304
 0 0.921488
 0 1.53717
 0 0.604504
 0 1.1194
 0 1.1293
 0 1.1237
 0 1.08717
 0 1.18645
 0 1.2649
 0 0.612172
 0 0.979456
 0 0.9868
 0 1.20698
 0 1.05711
 0 0.464472
 0 0.745286
 0 0.776204
 0 1.4845
 0 0.845678
 0 1.04077
 0 0.685844
 0 0.494352
 0 1.0657
 0 1.23725
 0 1.60096
 0 1.07206
 0 0.790986
 0 1.05679
 0 0.597328
 0 0.697892
 0 1.08419
 0 1.20359
 0 1.61668
 0 1.24895
 0 1.33835
 0 0.915842
 0 1.0646
 0 0.973896
 0 1.04976
 0 0.97898
 0 1.0078
 0 1.12832
 0 0.910706
 0 0.929086
 0 1.39792
 0 0.880094
 0 1.2077
 0 1.20009
 0 0.824368
 0 1.09477
 0 0.942274
 0 0.876696
 0 1.10078
 0 1.48938
 0 1.49463
 0 1.34074
 0 0.989586
 0 0.881342
 0 0.989512
 0 1.11368
 0 0.61085
 0 1.21109
 0 1.71171
 0 1.1009
 0 0.951576
 0 0.975694
 0 0.602752
 0 1.01879
 0 0.638926
 0 1.12806
 0 1.24485
 0 1.38722
 0 1.4523
 0 1.08129
 0 1.25477
 0 1.08232
 0 1.55504
 0 0.802848
 0 1.12055
 0 0.97245
 0 1.04141
 0 0.847892
 0 1.46444
 0 0.954676
 0 0.881296
 0 1.6198
 0 0.637096
 0 0.806312
 0 1.07285
 0 1.13868
 0 1.3523
 0 1.27137
 0 1.35677
 0 0.959226
 0 1.54818
 0 0.460144
 0 1.31722
 0 1.50005
 0 1.03808
 0 1.31376
 0 1.17819
 0 0.814236
 0 0.994498
 0 0.979026
 0 0.694286
 0 0.646298
 0 0.829268
 0 1.31099
 0 1.30667
 0 1.38004
 0 0.547684
 0 0.71823
 0 0.515932
 0 1.35489
 0 1.51293
 0 0.974872
 0 1.28273
 0 1.22372
 0 0.98476
 0 0.894986
 0 1.26913
 0 1.16374
 0 0.728626
 0 1.03549
 0 0.828138
 0 0.68562
 0 1.32052
 0 1.25267
 0 1.05597
 0 1.11721
 0 1.20399
 0 1.37249
 0 0.812078
 0 1.25136
 0 1.1226
 0 1.48152
 0 0.939886
 0 1.23632
 0 1.19653
 0 1.04194
 0 0.97985
 0 1.13671
 0 1.28158
 0 0.921394
 0 0.98568
 0 0.850636
 0 0.20235
 0 1.03333
 0 0.95715
 0 0.90337
 0 1.31929
 0 1.40963
 0 1.02271
 0 1.15046
 0 1.14364
 0 1.28689
 0 1.64175
 0 1.33118
 0 1.30435
 0 1.21746
 0 0.902152
 0 0.929448
 0 1.27948
 0 1.07422
 0 0.799366
 0 1.34543
 0 0.84562
 0 1.25351
 0 1.1052
 0 0.880888
 0 1.1369
 0 1.1126
 0 0.898872
 0 1.02817
 0 1.0492
 0 1.59076
 0 1.79629
 0 1.01086
 0 1.02291
 0 0.953202
 0 0.999018
 0 0.948462
 0 1.04479
 0 0.76246
 0 1.03282
 0 1.07913
 0 0.930192
 0 0.551274
 0 1.12761
 0 0.472218
 0 0.932428
 0 1.13533
 0 1.43758
 0 1.3139
 0 1.12244
 0 0.64727
 0 0.865014
 0 1.20672
 0 0.638818
 0 0.99073
 0 1.38494
 0 1.03035
 0 0.828404
 0 0.813346
 0 0.93144
 0 1.15322
 0 1.05598
 0 0.994492
 0 1.20982
 0 1.24683
 0 1.3666
 0 1.40314
 0 0.710988
 0 0.566466
 0 1.00447
 0 1.24276
 0 1.10916
 0 1.23971
 0 0.673984
 0 0.979332
 0 1.43722
 0 0.81435
 0 1.64872
 0 1.49734
 0 0.967052
 0 0.73568
 0 1.61475
 0 0.80682
 0 1.2204
 0 0.926612
 0 1.06863
 0 1.21359
 0 0.824006
 0 0.932694
 0 0.717772
 0 0.98041
 0 0.77639
 0 1.05053
 0 1.37103
 0 0.932018
 0 1.17047
 0 0.80663
 0 0.865758
 0 1.36503
 0 1.3176
 0 1.22257
 0 1.39317
 0 1.26155
 0 1.02103
 0 1.24235
 0 0.98475
 0 0.696448
 0 0.673642
 0 0.95188
 0 0.977142
 0 1.06351
 0 1.12533
 0 0.976414
 0 1.30156
 0 0.709294
 0 0.879614
 0 0.929104
 0 1.15588
 0 1.2396
 0 1.08044
 0 1.68869
 0 0.973992
 0 0.870002
 0 1.1907
 0 0.984076
 0 0.91695
 0 1.77262
 0 1.0953
 0 0.81258
 0 0.861356
 0 1.33111
 0 0.928416
 0 0.887462
 0 0.80378
 0 0.921518
 0 1.02098
 0 0.799284
 0 1.18311
 0 1.05416
 0 1.45372
 0 0.999934
 0 1.1638
 0 1.11773
 0 0.69555
 0 0.70753
 0 1.55659
 0 0.896918
 0 0.485326
 0 1.3839
 0 1.1136
 0 0.809486
 0 1.36328
 0 1.10691
 0 1.25418
 0 1.05951
 0 1.12269
 0 1.20717
 0 1.44633
 0 0.735152
 0 1.08534
 0 1.35666
 0 1.24942
 0 1.22586
 0 0.98185
 0 0.93219
 0 0.640822
 0 1.23536
 0 1.18718
 0 1.13635
 0 1.04534
 0 1.72055
 0 1.15035
 0 0.80167
 0 0.997564
 0 0.820038
 0 1.4866
 0 0.81701
 0 1.34818
 0 1.18283
 0 1.07248
 0 1.24499
 0 1.24799
 0 1.06262
 0 0.432832
 0 1.16415
 0 1.21374
 0 0.92269
 0 1.06661
 0 0.991316
 0 1.44876
 0 1.43393
 0 0.488636
 0 1.08868
 0 1.03082
 0 0.70287
 0 1.09567
 0 1.5164
 0 0.910762
 0 1.09246
 0 0.614108
 0 1.19685
 0 1.00395
 0 1.35197
 0 1.23541
 0 0.734202
 0 0.883276
 0 1.30567
 0 1.10293
 0 1.22257
 0 0.94638
 0 0.772552
 0 0.80214
 0 1.41861
 0 0.442504
 0 1.20552
 0 1.04344
 0 1.00984
 0 1.17017
 0 1.17492
 0 1.69569
 0 0.920974
 0 1.04836
 0 1.1459
 0 0.82375
 0 1.34176
 0 0.475902
 0 0.84135
 0 1.61412
 0 1.03863
 0 1.32192
 0 0.857402
 0 1.20514
 0 0.617422
 0 1.04536
 0 0.694932
 0 1.32016
 0 1.43553
 0 0.991256
 0 0.538224
 0 1.09972
 0 1.52294
 0 1.47259
 0 0.919614
 0 0.560982
 0 0.821466
 0 0.809304
 0 1.38835
 0 0.999968
 0 0.975136
 0 0.800594
 0 1.11608
 0 0.742728
 0 0.750404
 0 1.28069
 0 0.396264
 0 0.869836
 0 0.84075
 0 1.24069
 0 1.23077
 0 1.34751
 0 1.52544
 0 0.56914
 0 1.80726
 0 1.59252
 0 1.50174
 0 0.659892
 0 0.878552
 0 0.634718
 0 1.0903
 0 1.17078
 0 1.49864
 0 0.947958
 0 1.4031
 0 1.00252
 0 1.20828
 0 0.877628
 0 0.831874
 0 1.28024
 0 0.59565
 0 0.846078
 0 0.980454
 0 1.15961
 0 0.694742
 0 1.94615
 0 1.39426
 0 1.42267
 0 1.12555
 0 1.24888
 0 1.31965
 0 0.801652
 0 1.08156
 0 1.42381
 0 0.970622
 0 1.14606
 0 1.06535
 0 1.16889
 0 0.931088
 0 1.32643
 0 1.20397
 0 0.80179
 0 1.06485
 0 0.372844
 0 0.845842
 0 1.19882
 0 0.846164
 0 0.97888
 0 1.34059
 0 0.669442
 0 0.905106
 0 1.25492
 0 0.883444
