535 1 0 0 1
 0 0.428393
 0 0.435021
 0 0.459354
 0 0.467208
 0 0.442306
 0 0.405667
 0 0.508129
 0 0.727455
 0 0.443364
 0 0.27255
 0 0.44972
 0 0.362786
 0 0.365105
 0 0.681678
 0 0.611529
 0 0.377646
 0 0.440423
 0 0.487779
 0 0.391217
 0 0.318823
 0 0.304975
 0 0.468519
 0 0.339947
 0 0.44318
 0 0.244671
 0 0.655584
 0 0.485987
 0 0.56956
 0 0.486183
 0 0.388858
 0 0.650235
 0 0.601839
 0 0.518549
 0 0.534696
 0 0.23083
 0 0.320324
 0 0.571786
 0 0.419969
 0 0.577921
 0 0.518617
 0 0.332861
 0 0.437344
 0 0.398785
 0 0.606556
 0 0.268417
 0 0.430313
 0 0.539321
 0 0.450111
 0 0.285186
 0 0.532012
 0 0.515165
 0 0.607837
 0 0.556457
 0 0.553771
 0 0.622442
 0 0.467493
 0 0.576554
 0 0.400297
 0 0.535967
 0 0.502631
 0 0.5148
 0 0.486648
 0 0.425417
 0 0.417085
 0 0.203819
 0 0.400475
 0 0.407506
 0 0.45532
 0 0.38444
 0 0.184302
 0 0.450821
 0 0.488549
 0 0.497969
 0 0.541816
 0 0.413482
 0 0.562833
 0 0.387739
 0 0.514789
 0 0.417923
 0 0.459934
 0 0.685323
 0 0.3814
 0 0.594023
 0 0.332848
 0 0.411659
 0 0.546902
 0 0.698279
 0 0.395947
 0 0.354958
 0 0.441127
 0 0.514313
 0 0.422712
 0 0.436369
 0 0.460211
 0 0.381785
 0 0.637448
 0 0.501123
 0 0.323521
 0 0.425409
 0 0.567988
 0 0.447341
 0 0.507201
 0 0.263539
 0 0.458901
 0 0.619319
 0 0.573361
 0 0.521055
 0 0.545101
 0 0.435602
 0 0.24436
 0 0.440082
 0 0.596899
 0 0.36411
 0 0.548967
 0 0.412937
 0 0.440512
 0 0.29641
 0 0.41961
 0 0.401172
 0 0.420765
 0 0.385726
 0 0.634867
 0 0.506092
 0 0.645837
 0 0.511533
 0 0.364064
 0 0.594256
 0 0.42185
 0 0.585748
 0 0.521149
 0 0.38127
 0 0.462139
 0 0.551019
 0 0.422626
 0 0.398887
 0 0.505167
 0 0.486325
 0 0.517306
 0 0.418058
 0 0.425955
 0 0.580398
 0 0.567528
 0 0.465786
 0 0.441939
 0 0.418714
 0 0.37232
 0 0.525934
 0 0.422683
 0 0.478552
 0 0.539793
 0 0.52626
 0 0.491901
 0 0.565053
 0 0.363111
 0 0.271228
 0 0.433694
 0 0.400229
 0 0.581217
 0 0.295851
 0 0.749921
 0 0.49783
 0 0.401159
 0 0.357908
 0 0.534718
 0 0.471995
 0 0.44744
 0 0.519737
 0 0.402227
 0 0.420961
 0 0.564003
 0 0.383152
 0 0.724697
 0 0.798052
 0 0.714238
 0 0.278965
 0 0.572307
 0 0.53816
 0 0.497722
 0 0.30912
 0 0.452215
 0 0.360514
 0 0.538178
 0 0.481519
 0 0.4228
 0 0.496445
 0 0.50497
 0 0.620871
 0 0.370166
 0 0.68158
 0 0.465902
 0 0.567596
 0 0.626971
 0 0.515292
 0 0.575923
 0 0.347537
 0 0.393433
 0 0.612678
 0 0.457935
 0 0.431002
 0 0.547126
 0 0.417763
 0 0.496089
 0 0.436596
 0 0.608427
 0 0.431041
 0 0.42249
 0 0.374993
 0 0.416784
 0 0.3849
 0 0.503501
 0 0.529058
 0 0.551547
 0 0.449937
 0 0.526181
 0 0.447374
 0 0.504361
 0 0.726344
 0 0.536989
 0 0.567795
 0 0.548034
 0 0.401282
 0 0.719527
 0 0.629697
 0 0.311816
 0 0.420014
 0 0.176682
 0 0.533362
 0 0.450884
 0 0.501942
 0 0.389854
 0 0.537755
 0 0.393884
 0 0.435768
 0 0.529163
 0 0.383528
 0 0.357202
 0 0.48582
 0 0.564002
 0 0.494367
 0 0.361569
 0 0.348453
 0 0.50934
 0 0.532894
 0 0.348622
 0 0.406638
 0 0.34347
 0 0.605951
 0 0.484349
 0 0.540298
 0 0.609574
 0 0.425868
 0 0.461291
 0 0.512309
 0 0.391963
 0 0.711647
 0 0.532208
 0 0.486733
 0 0.696892
 0 0.558938
 0 0.507082
 0 0.379773
 0 0.375673
 0 0.487109
 0 0.386639
 0 0.534898
 0 0.620466
 0 0.467574
 0 0.564678
 0 0.641992
 0 0.383565
 0 0.358429
 0 0.555175
 0 0.580786
 0 0.481547
 0 0.584818
 0 0.494305
 0 0.637778
 0 0.583458
 0 0.689693
 0 0.292152
 0 0.452555
 0 0.367919
 0 0.432955
 0 0.606714
 0 0.463632
 0 0.401373
 0 0.505484
 0 0.433717
 0 0.851698
 0 0.396008
 0 0.332873
 0 0.547126
 0 0.338029
 0 0.432337
 0 0.583501
 0 0.428958
 0 0.583794
 0 0.420815
 0 0.574629
 0 0.566297
 0 0.454848
 0 0.721772
 0 0.578213
 0 0.511156
 0 0.371628
 0 0.467396
 0 0.319676
 0 0.379692
 0 0.595614
 0 0.573526
 0 0.577453
 0 0.486818
 0 0.382819
 0 0.501943
 0 0.591123
 0 0.361783
 0 0.227785
 0 0.314951
 0 0.370845
 0 0.513537
 0 0.413426
 0 0.335968
 0 0.454073
 0 0.525848
 0 0.447364
 0 0.678377
 0 0.634406
 0 0.585832
 0 0.359327
 0 0.501264
 0 0.463306
 0 0.377667
 0 0.470414
 0 0.557755
 0 0.548155
 0 0.358435
 0 0.32305
 0 0.656573
 0 0.339547
 0 0.355441
 0 0.809
 0 0.562034
 0 0.522438
 0 0.470616
 0 0.389834
 0 0.405703
 0 0.333971
 0 0.604512
 0 0.581663
 0 0.261109
 0 0.608564
 0 0.727622
 0 0.577888
 0 0.263493
 0 0.514046
 0 0.565471
 0 0.501795
 0 0.50591
 0 0.596971
 0 0.354913
 0 0.360714
 0 0.415104
 0 0.455873
 0 0.634037
 0 0.677675
 0 0.519128
 0 0.400467
 0 0.240621
 0 0.321416
 0 0.741384
 0 0.458148
 0 0.558791
 0 0.383098
 0 0.341832
 0 0.444018
 0 0.460619
 0 0.307643
 0 0.551046
 0 0.705223
 0 0.284923
 0 0.532631
 0 0.483103
 0 0.496908
 0 0.596863
 0 0.385705
 0 0.409521
 0 0.562248
 0 0.416721
 0 0.356732
 0 0.485365
 0 0.636328
 0 0.469729
 0 0.435049
 0 0.52362
 0 0.672715
 0 0.533504
 0 0.51724
 0 0.627059
 0 0.605227
 0 0.607081
 0 0.456114
 0 0.504018
 0 0.816763
 0 0.563468
 0 0.529537
 0 0.439932
 0 0.533946
 0 0.24116
 0 0.625321
 0 0.447225
 0 0.480169
 0 0.409035
 0 0.579151
 0 0.646588
 0 0.446256
 0 0.257644
 0 0.396623
 0 0.448446
 0 0.244362
 0 0.596596
 0 0.556398
 0 0.517339
 0 0.505784
 0 0.551333
 0 0.527337
 0 0.379195
 0 0.316604
 0 0.555503
 0 0.471963
 0 0.551667
 0 0.42469
 0 0.363993
 0 0.624678
 0 0.30922
 0 0.534206
 0 0.431234
 0 0.66021
 0 0.14305
 0 0.578616
 0 0.307709
 0 0.450187
 0 0.664281
 0 0.647066
 0 0.618535
 0 0.329299
 0 0.510272
 0 0.556196
 0 0.484253
 0 0.444458
 0 0.489467
 0 0.310335
 0 0.704784
 0 0.486489
 0 0.427502
 0 0.698786
 0 0.471333
 0 0.330048
 0 0.53151
 0 0.432727
 0 0.565861
 0 0.436072
 0 0.412817
 0 0.600823
 0 0.470854
 0 0.308173
 0 0.664118
 0 0.546009
 0 0.528468
 0 0.540515
 0 0.445246
 0 0.690026
 0 0.51762
 0 0.450016
 0 0.75224
 0 0.388822
 0 0.445814
 0 0.432547
 0 0.536511
 0 0.66686
 0 0.57954
 0 0.628943
 0 0.480647
 0 0.487569
 0 0.400249
 0 0.538513
 0 0.399181
 0 0.357007
 0 0.609575
 0 0.618112
 0 0.377501
 0 0.460392
 0 0.472319
 0 0.717223
 0 0.567075
 0 0.358216
 0 0.581495
 0 0.451899
 0 0.444202
 0 0.40999
 0 0.355036
 0 0.411286
 0 0.367618
 0 0.327334
 0 0.300585
 0 0.335358
 0 0.43005
 0 0.461115
 0 0.558754
 0 0.338652
 0 0.496503
 0 0.560866
 0 0.518389
 0 0.612112
 0 0.351019
 0 0.566281
 0 0.631478
 0 0.509818
 0 0.576079
 0 0.478745
 0 0.55976
 0 0.387627
 0 0.644513
 0 0.663659
 0 0.568048
 0 0.431884
 0 0.486977
 0 0.495508
 0 0.534454
 0 0.512198
 0 0.394548
 0 0.806027
 0 0.446741
 0 0.364745
 0 0.511461
 0 0.518849
