535 1 0 0 1
 0 1.08067
 0 0.706186
 0 0.862418
 0 1.1136
 0 1.14452
 0 1.05172
 0 1.73095
 0 1.10242
 0 1.33503
 0 0.99911
 0 0.940432
 0 1.16357
 0 1.00932
 0 1.00712
 0 1.01308
 0 1.1516
 0 1.02145
 0 0.902116
 0 1.22759
 0 1.26546
 0 0.738982
 0 1.1663
 0 1.02949
 0 0.996324
 0 0.844862
 0 0.905352
 0 0.96024
 0 0.920866
 0 1.32574
 0 0.967264
 0 0.922898
 0 0.841888
 0 1.13787
 0 0.777224
 0 1.15367
 0 1.066
 0 0.944668
 0 1.35474
 0 1.03489
 0 1.0635
 0 1.01356
 0 0.952996
 0 0.994006
 0 0.828998
 0 1.34511
 0 1.43645
 0 0.752234
 0 0.775704
 0 1.04503
 0 1.13581
 0 0.998818
 0 1.27484
 0 1.12298
 0 0.861952
 0 0.745346
 0 0.97611
 0 0.966682
 0 0.77517
 0 0.77359
 0 1.20961
 0 1.22082
 0 1.3429
 0 1.06394
 0 1.2898
 0 0.611262
 0 1.18162
 0 0.94577
 0 1.06874
 0 1.12597
 0 1.02716
 0 0.81277
 0 0.783294
 0 0.840708
 0 0.927384
 0 0.878758
 0 0.617078
 0 0.868044
 0 1.05179
 0 1.186
 0 1.30386
 0 0.883324
 0 1.05502
 0 0.763
 0 1.13877
 0 1.08128
 0 0.882226
 0 1.56943
 0 1.19521
 0 1.20511
 0 1.30453
 0 0.897868
 0 1.28996
 0 0.979704
 0 1.08759
 0 0.762308
 0 1.14861
 0 0.86048
 0 0.75864
 0 1.10093
 0 0.829072
 0 0.845108
 0 1.04128
 0 0.658118
 0 1.13288
 0 1.05227
 0 0.836346
 0 1.17213
 0 0.862486
 0 0.982304
 0 1.02581
 0 0.96418
 0 1.21284
 0 1.18519
 0 1.05049
 0 1.11567
 0 1.51609
 0 0.956668
 0 0.826708
 0 1.06792
 0 0.890118
 0 1.13722
 0 1.24676
 0 0.878876
 0 1.07063
 0 0.90247
 0 1.00078
 0 1.3149
 0 0.796472
 0 1.30799
 0 0.935978
 0 1.10201
 0 1.31269
 0 1.25275
 0 1.06259
 0 1.25315
 0 1.38529
 0 0.798054
 0 1.01126
 0 1.07689
 0 1.25587
 0 0.973836
 0 1.13209
 0 1.15463
 0 0.717032
 0 0.989084
 0 0.833684
 0 0.81919
 0 1.22451
 0 1.27041
 0 0.921038
 0 1.08317
 0 1.0586
 0 1.30647
 0 1.11259
 0 0.602324
 0 1.38034
 0 1.18099
 0 1.09387
 0 0.617944
 0 1.24418
 0 1.10995
 0 1.04613
 0 1.14824
 0 1.02086
 0 0.999606
 0 1.02793
 0 1.04691
 0 0.865148
 0 0.996474
 0 0.887572
 0 0.939214
 0 1.00165
 0 1.33865
 0 1.01248
 0 1.28824
 0 1.11137
 0 1.52454
 0 0.996238
 0 1.45009
 0 0.808034
 0 0.612892
 0 1.45544
 0 0.860994
 0 1.08675
 0 1.1976
 0 0.773878
 0 0.739996
 0 1.29986
 0 1.18227
 0 0.97112
 0 0.668282
 0 0.833836
 0 1.42064
 0 1.16145
 0 0.91981
 0 0.76733
 0 1.01043
 0 0.978688
 0 1.06262
 0 1.06975
 0 0.776008
 0 0.924954
 0 0.92882
 0 1.0936
 0 0.947214
 0 1.00216
 0 1.0299
 0 0.814022
 0 1.04268
 0 1.25083
 0 0.703078
 0 1.29536
 0 1.122
 0 1.03335
 0 0.523626
 0 1.26525
 0 1.48477
 0 0.879648
 0 1.05921
 0 1.23926
 0 1.2299
 0 1.09185
 0 1.22417
 0 1.21395
 0 1.33087
 0 0.534348
 0 1.16427
 0 1.02222
 0 0.938198
 0 0.786228
 0 1.09608
 0 1.18065
 0 1.04211
 0 1.12019
 0 0.704038
 0 0.868554
 0 1.1744
 0 0.526988
 0 0.705248
 0 0.69282
 0 1.03986
 0 0.780812
 0 0.829056
 0 1.27552
 0 1.35707
 0 1.02726
 0 1.31075
 0 0.84881
 0 0.927676
 0 1.04413
 0 0.870452
 0 1.00564
 0 1.13813
 0 0.8607
 0 1.36023
 0 1.57686
 0 1.07738
 0 1.08137
 0 1.05045
 0 0.905204
 0 1.06501
 0 0.866596
 0 1.08356
 0 0.971794
 0 0.957656
 0 0.94568
 0 0.929888
 0 0.944466
 0 1.06709
 0 1.22732
 0 0.812898
 0 1.36118
 0 1.62834
 0 1.15584
 0 1.33472
 0 1.36809
 0 1.15602
 0 1.08078
 0 0.73506
 0 1.14563
 0 1.00063
 0 1.19668
 0 1.08255
 0 1.10395
 0 1.09725
 0 0.808768
 0 1.0933
 0 0.877072
 0 1.22492
 0 0.9874
 0 1.21801
 0 0.85312
 0 1.15319
 0 0.916494
 0 1.30362
 0 1.29495
 0 1.03109
 0 1.15671
 0 1.10547
 0 0.79708
 0 1.3045
 0 1.09266
 0 0.963778
 0 1.19741
 0 1.09312
 0 0.787418
 0 1.16149
 0 1.34818
 0 0.964706
 0 0.951412
 0 0.687038
 0 1.27168
 0 0.864642
 0 1.24798
 0 1.02787
 0 1.16798
 0 1.0074
 0 1.00006
 0 0.784838
 0 0.64756
 0 1.10138
 0 0.73303
 0 1.23931
 0 0.99647
 0 0.896086
 0 1.18254
 0 1.11511
 0 1.14222
 0 1.25448
 0 1.08079
 0 1.18557
 0 1.17716
 0 1.397
 0 0.818568
 0 0.965798
 0 0.859332
 0 0.567884
 0 0.964156
 0 0.84092
 0 1.14374
 0 1.1626
 0 0.949186
 0 1.18163
 0 0.89871
 0 0.906914
 0 1.21666
 0 1.0501
 0 0.667872
 0 1.03711
 0 0.91601
 0 1.1768
 0 1.27737
 0 1.27709
 0 0.6111
 0 0.867098
 0 1.14861
 0 0.783918
 0 1.19468
 0 0.812022
 0 1.06525
 0 0.699952
 0 0.82919
 0 1.13476
 0 1.14611
 0 0.837664
 0 1.0859
 0 1.03462
 0 0.84295
 0 1.20441
 0 1.42259
 0 1.3807
 0 1.05783
 0 0.918398
 0 1.3218
 0 1.05818
 0 1.11431
 0 0.87291
 0 1.14113
 0 1.24841
 0 1.16173
 0 1.16992
 0 1.26792
 0 1.09392
 0 1.1038
 0 1.2074
 0 1.07901
 0 1.06912
 0 0.869682
 0 0.921202
 0 1.03492
 0 0.909448
 0 1.42958
 0 1.20492
 0 0.87789
 0 1.24012
 0 0.943262
 0 1.03089
 0 1.08246
 0 1.31027
 0 1.32016
 0 1.01986
 0 0.951712
 0 1.2601
 0 1.1114
 0 1.06227
 0 0.95757
 0 1.03311
 0 1.05008
 0 1.01537
 0 0.869608
 0 0.743614
 0 1.00228
 0 0.469306
 0 1.01558
 0 1.05649
 0 0.585444
 0 0.871902
 0 0.894624
 0 0.892896
 0 0.82664
 0 0.883282
 0 0.594824
 0 0.516422
 0 1.19301
 0 0.895226
 0 1.09648
 0 1.02364
 0 1.32044
 0 1.04526
 0 1.1072
 0 1.05307
 0 0.98646
 0 1.21996
 0 0.46885
 0 0.768184
 0 0.995272
 0 0.955654
 0 0.274296
 0 0.819866
 0 0.719658
 0 0.837268
 0 1.05536
 0 1.34666
 0 0.875272
 0 1.21708
 0 1.23414
 0 1.41406
 0 0.871616
 0 0.88323
 0 0.83893
 0 1.24581
 0 0.81221
 0 1.45747
 0 1.18149
 0 0.41886
 0 1.46513
 0 1.24409
 0 0.721618
 0 1.1634
 0 1.03259
 0 0.603142
 0 0.769514
 0 1.23583
 0 0.997016
 0 1.06427
 0 1.19716
 0 0.854418
 0 0.927066
 0 1.04216
 0 0.884028
 0 1.26839
 0 1.04773
 0 0.828648
 0 0.699664
 0 0.870124
 0 1.31103
 0 1.31539
 0 1.16257
 0 1.44636
 0 0.791266
 0 0.68976
 0 1.02601
 0 1.01687
 0 1.00429
 0 0.749112
 0 1.31998
 0 1.34011
 0 1.29344
 0 1.38436
 0 0.962854
 0 0.972052
 0 1.40818
 0 1.26273
 0 0.60226
 0 1.25603
 0 0.96419
 0 0.785734
 0 1.14104
 0 1.15145
 0 1.21152
 0 0.934016
 0 1.03419
 0 0.699558
 0 0.801596
 0 0.816636
 0 1.17037
 0 1.25828
 0 1.56738
 0 1.23179
 0 1.30422
 0 1.11658
 0 1.02239
 0 0.879318
 0 0.834426
 0 1.20331
 0 1.17535
 0 1.30929
 0 1.15877
 0 1.01844
 0 1.31949
 0 1.16298
 0 0.656534
 0 1.2247
 0 1.10771
 0 1.25541
 0 1.00506
 0 0.79416
 0 0.815298
 0 0.675516
 0 0.845526
 0 0.897976
 0 1.00567
 0 1.37955
 0 0.628864
 0 1.01833
