535 1 0 0 1
 0 0.407501
 0 0.41744
 0 0.351746
 0 0.392849
 0 0.42858
 0 0.487234
 0 0.649747
 0 0.523411
 0 0.4463
 0 0.409458
 0 0.655176
 0 0.652986
 0 0.384563
 0 0.641748
 0 0.610229
 0 0.365203
 0 0.401566
 0 0.586336
 0 0.600203
 0 0.358678
 0 0.468916
 0 0.438519
 0 0.362392
 0 0.453904
 0 0.349073
 0 0.516783
 0 0.450291
 0 0.560273
 0 0.425117
 0 0.491037
 0 0.560055
 0 0.640955
 0 0.563443
 0 0.382224
 0 0.375398
 0 0.393606
 0 0.547615
 0 0.576855
 0 0.389212
 0 0.507157
 0 0.533747
 0 0.45886
 0 0.482197
 0 0.465003
 0 0.264047
 0 0.60824
 0 0.449964
 0 0.461189
 0 0.351043
 0 0.380001
 0 0.445841
 0 0.761686
 0 0.438607
 0 0.346403
 0 0.591968
 0 0.439157
 0 0.496453
 0 0.345725
 0 0.451788
 0 0.321974
 0 0.71057
 0 0.530654
 0 0.425479
 0 0.526539
 0 0.41519
 0 0.634764
 0 0.420183
 0 0.617282
 0 0.471071
 0 0.200094
 0 0.522709
 0 0.475629
 0 0.407544
 0 0.353185
 0 0.577736
 0 0.548226
 0 0.556512
 0 0.406741
 0 0.436052
 0 0.556737
 0 0.639681
 0 0.44742
 0 0.482366
 0 0.333585
 0 0.547214
 0 0.651451
 0 0.589472
 0 0.624845
 0 0.478976
 0 0.611195
 0 0.462596
 0 0.390877
 0 0.496781
 0 0.62337
 0 0.479073
 0 0.720486
 0 0.644168
 0 0.441202
 0 0.435257
 0 0.738449
 0 0.36006
 0 0.506327
 0 0.425462
 0 0.524885
 0 0.725963
 0 0.607534
 0 0.667673
 0 0.503745
 0 0.499334
 0 0.267862
 0 0.58266
 0 0.417967
 0 0.432747
 0 0.586077
 0 0.42996
 0 0.399767
 0 0.451067
 0 0.416454
 0 0.371626
 0 0.468337
 0 0.54018
 0 0.570015
 0 0.560346
 0 0.621407
 0 0.225539
 0 0.288228
 0 0.56143
 0 0.474484
 0 0.497921
 0 0.441014
 0 0.373323
 0 0.567236
 0 0.570669
 0 0.427301
 0 0.411001
 0 0.539008
 0 0.389914
 0 0.462369
 0 0.521295
 0 0.471129
 0 0.47685
 0 0.570187
 0 0.552167
 0 0.520805
 0 0.573483
 0 0.274447
 0 0.611954
 0 0.483581
 0 0.471141
 0 0.520795
 0 0.614454
 0 0.380525
 0 0.585551
 0 0.482706
 0 0.261873
 0 0.56543
 0 0.379481
 0 0.559107
 0 0.523558
 0 0.576793
 0 0.359813
 0 0.401026
 0 0.37051
 0 0.571589
 0 0.455826
 0 0.533081
 0 0.674322
 0 0.494492
 0 0.40031
 0 0.610909
 0 0.251272
 0 0.536037
 0 0.730695
 0 0.58627
 0 0.378972
 0 0.531324
 0 0.544151
 0 0.577444
 0 0.562138
 0 0.561372
 0 0.442521
 0 0.528116
 0 0.514693
 0 0.427507
 0 0.483103
 0 0.53512
 0 0.651659
 0 0.48399
 0 0.737342
 0 0.381122
 0 0.501223
 0 0.357473
 0 0.703149
 0 0.519264
 0 0.489806
 0 0.425855
 0 0.396337
 0 0.454599
 0 0.513101
 0 0.399652
 0 0.386216
 0 0.613309
 0 0.605501
 0 0.492183
 0 0.53142
 0 0.557822
 0 0.497364
 0 0.502521
 0 0.498278
 0 0.2875
 0 0.571833
 0 0.624953
 0 0.453291
 0 0.348387
 0 0.67047
 0 0.46096
 0 0.568026
 0 0.433807
 0 0.481557
 0 0.699028
 0 0.593728
 0 0.542747
 0 0.652039
 0 0.302493
 0 0.405375
 0 0.50383
 0 0.404168
 0 0.517704
 0 0.564368
 0 0.358977
 0 0.381388
 0 0.409886
 0 0.36422
 0 0.422523
 0 0.37176
 0 0.433519
 0 0.571629
 0 0.58477
 0 0.560774
 0 0.343619
 0 0.619784
 0 0.605837
 0 0.520382
 0 0.458309
 0 0.570714
 0 0.524295
 0 0.469161
 0 0.460565
 0 0.501814
 0 0.665337
 0 0.406718
 0 0.387479
 0 0.496021
 0 0.47868
 0 0.808534
 0 0.471916
 0 0.440591
 0 0.634813
 0 0.507003
 0 0.399442
 0 0.464256
 0 0.5457
 0 0.373303
 0 0.546013
 0 0.322498
 0 0.548917
 0 0.413262
 0 0.496071
 0 0.456569
 0 0.474829
 0 0.410856
 0 0.628603
 0 0.536695
 0 0.579338
 0 0.527903
 0 0.555366
 0 0.576832
 0 0.465152
 0 0.476263
 0 0.506937
 0 0.536829
 0 0.369755
 0 0.532626
 0 0.631011
 0 0.33516
 0 0.61286
 0 0.551771
 0 0.450011
 0 0.672253
 0 0.415181
 0 0.449659
 0 0.507518
 0 0.555874
 0 0.692811
 0 0.620529
 0 0.279503
 0 0.53114
 0 0.550649
 0 0.42396
 0 0.486767
 0 0.492688
 0 0.574126
 0 0.58425
 0 0.436893
 0 0.494734
 0 0.574099
 0 0.475508
 0 0.582506
 0 0.484154
 0 0.624902
 0 0.510608
 0 0.423329
 0 0.474856
 0 0.662818
 0 0.434274
 0 0.425308
 0 0.511564
 0 0.435797
 0 0.514267
 0 0.511436
 0 0.616389
 0 0.442637
 0 0.617109
 0 0.605111
 0 0.470703
 0 0.542021
 0 0.599272
 0 0.442056
 0 0.394397
 0 0.536516
 0 0.482283
 0 0.459903
 0 0.53905
 0 0.67736
 0 0.521235
 0 0.608571
 0 0.282212
 0 0.768874
 0 0.42397
 0 0.442549
 0 0.684351
 0 0.662352
 0 0.57786
 0 0.482372
 0 0.447016
 0 0.439708
 0 0.517307
 0 0.404597
 0 0.56178
 0 0.380616
 0 0.562323
 0 0.663895
 0 0.698636
 0 0.481199
 0 0.50823
 0 0.57001
 0 0.447185
 0 0.455315
 0 0.545102
 0 0.391131
 0 0.497769
 0 0.42755
 0 0.461739
 0 0.701761
 0 0.583984
 0 0.620502
 0 0.609064
 0 0.410024
 0 0.491376
 0 0.711208
 0 0.491922
 0 0.417781
 0 0.59701
 0 0.332406
 0 0.342739
 0 0.566887
 0 0.39606
 0 0.495903
 0 0.595527
 0 0.391479
 0 0.434962
 0 0.645619
 0 0.318168
 0 0.490991
 0 0.367916
 0 0.514422
 0 0.444881
 0 0.556468
 0 0.370886
 0 0.530554
 0 0.486926
 0 0.487266
 0 0.601291
 0 0.640745
 0 0.66542
 0 0.394135
 0 0.477382
 0 0.445708
 0 0.455872
 0 0.532926
 0 0.546058
 0 0.415879
 0 0.554503
 0 0.575654
 0 0.618562
 0 0.459295
 0 0.646717
 0 0.165611
 0 0.620863
 0 0.579899
 0 0.593624
 0 0.359268
 0 0.438059
 0 0.681152
 0 0.564635
 0 0.415861
 0 0.476269
 0 0.514475
 0 0.393268
 0 0.46838
 0 0.65174
 0 0.617062
 0 0.487676
 0 0.482789
 0 0.548824
 0 0.48771
 0 0.593096
 0 0.629786
 0 0.436288
 0 0.516809
 0 0.293466
 0 0.37955
 0 0.512196
 0 0.64101
 0 0.479681
 0 0.375973
 0 0.589144
 0 0.333762
 0 0.510417
 0 0.453356
 0 0.509655
 0 0.521701
 0 0.722439
 0 0.523534
 0 0.570738
 0 0.422264
 0 0.493339
 0 0.506562
 0 0.335249
 0 0.361516
 0 0.452445
 0 0.594789
 0 0.563903
 0 0.592473
 0 0.598593
 0 0.471254
 0 0.282643
 0 0.393205
 0 0.467883
 0 0.648695
 0 0.422507
 0 0.293721
 0 0.423469
 0 0.610989
 0 0.402717
 0 0.601351
 0 0.518349
 0 0.496052
 0 0.504174
 0 0.416256
 0 0.541957
 0 0.573844
 0 0.454478
 0 0.501737
 0 0.403106
 0 0.404298
 0 0.459874
 0 0.43853
 0 0.558814
 0 0.482568
 0 0.508991
 0 0.593067
 0 0.49697
 0 0.453109
 0 0.564726
 0 0.474248
 0 0.530496
 0 0.508053
 0 0.545062
 0 0.431869
 0 0.599108
 0 0.429549
 0 0.648239
 0 0.49856
 0 0.499421
 0 0.425994
 0 0.607081
 0 0.415548
 0 0.600673
 0 0.329872
 0 0.415577
 0 0.686206
 0 0.467028
 0 0.468248
 0 0.339434
 0 0.576201
 0 0.588139
 0 0.566075
 0 0.504602
 0 0.798428
 0 0.545607
 0 0.524286
 0 0.621835
 0 0.392818
 0 0.429315
 0 0.663144
 0 0.537199
 0 0.656255
 0 0.48968
 0 0.565481
 0 0.373847
 0 0.537702
 0 0.55653
 0 0.612711
 0 0.499331
 0 0.501434
 0 0.549038
 0 0.498808
 0 0.537071
 0 0.457468
 0 0.724464
 0 0.35794
 0 0.352912
 0 0.491828
 0 0.470894
