535 1 0 0 1
 0 0.736363
 0 0.312546
 0 0.432251
 0 0.62842
 0 0.672478
 0 0.367145
 0 0.55892
 0 0.724899
 0 0.52847
 0 0.404704
 0 0.46751
 0 0.614846
 0 0.639488
 0 0.591852
 0 0.384064
 0 0.343305
 0 0.415449
 0 0.524216
 0 0.403919
 0 0.569568
 0 0.326974
 0 0.507787
 0 0.579895
 0 0.398791
 0 0.601076
 0 0.564384
 0 0.444832
 0 0.645182
 0 0.59979
 0 0.277708
 0 0.647954
 0 0.640834
 0 0.555291
 0 0.595751
 0 0.579426
 0 0.598361
 0 0.698433
 0 0.568893
 0 0.471736
 0 0.484122
 0 0.485982
 0 0.381262
 0 0.523914
 0 0.637884
 0 0.425674
 0 0.589805
 0 0.636646
 0 0.484046
 0 0.407201
 0 0.536141
 0 0.467302
 0 0.664457
 0 0.518253
 0 0.549138
 0 0.584463
 0 0.432178
 0 0.526453
 0 0.508496
 0 0.40368
 0 0.629878
 0 0.411173
 0 0.571929
 0 0.451818
 0 0.503814
 0 0.580102
 0 0.396501
 0 0.357621
 0 0.563208
 0 0.543676
 0 0.538353
 0 0.571495
 0 0.502355
 0 0.635874
 0 0.473122
 0 0.527375
 0 0.540867
 0 0.418249
 0 0.478348
 0 0.340624
 0 0.553674
 0 0.500444
 0 0.456687
 0 0.431042
 0 0.515892
 0 0.583769
 0 0.541984
 0 0.592163
 0 0.454944
 0 0.571547
 0 0.524721
 0 0.529587
 0 0.485054
 0 0.529168
 0 0.762599
 0 0.644982
 0 0.465567
 0 0.609232
 0 0.600043
 0 0.517652
 0 0.639947
 0 0.393312
 0 0.43875
 0 0.562858
 0 0.466747
 0 0.438834
 0 0.528143
 0 0.617638
 0 0.542518
 0 0.533315
 0 0.381634
 0 0.365743
 0 0.792093
 0 0.423438
 0 0.554196
 0 0.450294
 0 0.397134
 0 0.556131
 0 0.502243
 0 0.510274
 0 0.666581
 0 0.729987
 0 0.433603
 0 0.431258
 0 0.438757
 0 0.511485
 0 0.375101
 0 0.772146
 0 0.51339
 0 0.683273
 0 0.456187
 0 0.745035
 0 0.607377
 0 0.729038
 0 0.482276
 0 0.648948
 0 0.536666
 0 0.678019
 0 0.71305
 0 0.440211
 0 0.577648
 0 0.576463
 0 0.528061
 0 0.481362
 0 0.488161
 0 0.54198
 0 0.481233
 0 0.358902
 0 0.453259
 0 0.608073
 0 0.579657
 0 0.695575
 0 0.493235
 0 0.383472
 0 0.331357
 0 0.426566
 0 0.605812
 0 0.559243
 0 0.628282
 0 0.548024
 0 0.508015
 0 0.554432
 0 0.597344
 0 0.700863
 0 0.76195
 0 0.652564
 0 0.447097
 0 0.63442
 0 0.570057
 0 0.575875
 0 0.498019
 0 0.5136
 0 0.577704
 0 0.461843
 0 0.766617
 0 0.529979
 0 0.517297
 0 0.434367
 0 0.506121
 0 0.474403
 0 0.525107
 0 0.594014
 0 0.629808
 0 0.529556
 0 0.690709
 0 0.55687
 0 0.579954
 0 0.426686
 0 0.473253
 0 0.725423
 0 0.577746
 0 0.519595
 0 0.614409
 0 0.647015
 0 0.427084
 0 0.291767
 0 0.549924
 0 0.7053
 0 0.607378
 0 0.579109
 0 0.569561
 0 0.335958
 0 0.615709
 0 0.574237
 0 0.550474
 0 0.581345
 0 0.509666
 0 0.499452
 0 0.515166
 0 0.508792
 0 0.562821
 0 0.616553
 0 0.499652
 0 0.501567
 0 0.584568
 0 0.564347
 0 0.631099
 0 0.508509
 0 0.678236
 0 0.652363
 0 0.733702
 0 0.485793
 0 0.571694
 0 0.653012
 0 0.596176
 0 0.587333
 0 0.472471
 0 0.592342
 0 0.604477
 0 0.522816
 0 0.590389
 0 0.545326
 0 0.553319
 0 0.474181
 0 0.480644
 0 0.601017
 0 0.709967
 0 0.444519
 0 0.512104
 0 0.619634
 0 0.467483
 0 0.343211
 0 0.630312
 0 0.623927
 0 0.493853
 0 0.590299
 0 0.516649
 0 0.351762
 0 0.502585
 0 0.477943
 0 0.445649
 0 0.530395
 0 0.449553
 0 0.577706
 0 0.585689
 0 0.636773
 0 0.607487
 0 0.449438
 0 0.354025
 0 0.535715
 0 0.506883
 0 0.517069
 0 0.376434
 0 0.650396
 0 0.394733
 0 0.411789
 0 0.557437
 0 0.544826
 0 0.562777
 0 0.506222
 0 0.530389
 0 0.676776
 0 0.482776
 0 0.528075
 0 0.743374
 0 0.773778
 0 0.468934
 0 0.536477
 0 0.671353
 0 0.603062
 0 0.481953
 0 0.549779
 0 0.404308
 0 0.4951
 0 0.507672
 0 0.412354
 0 0.492088
 0 0.688
 0 0.665107
 0 0.496015
 0 0.260557
 0 0.621858
 0 0.496065
 0 0.459457
 0 0.553618
 0 0.633128
 0 0.477364
 0 0.564867
 0 0.667739
 0 0.450809
 0 0.476387
 0 0.672715
 0 0.778752
 0 0.497648
 0 0.560563
 0 0.38636
 0 0.521889
 0 0.416424
 0 0.736855
 0 0.575158
 0 0.429904
 0 0.474483
 0 0.626278
 0 0.59746
 0 0.663241
 0 0.519772
 0 0.582453
 0 0.578841
 0 0.584148
 0 0.602446
 0 0.521025
 0 0.64208
 0 0.510195
 0 0.50956
 0 0.496169
 0 0.415851
 0 0.518195
 0 0.61766
 0 0.43381
 0 0.512606
 0 0.414982
 0 0.4989
 0 0.696149
 0 0.496578
 0 0.455768
 0 0.542209
 0 0.418652
 0 0.410615
 0 0.632466
 0 0.673014
 0 0.462905
 0 0.595958
 0 0.612374
 0 0.509367
 0 0.653454
 0 0.611733
 0 0.564515
 0 0.471462
 0 0.456179
 0 0.651821
 0 0.445039
 0 0.442496
 0 0.727761
 0 0.543533
 0 0.444604
 0 0.664669
 0 0.627826
 0 0.662498
 0 0.464442
 0 0.573728
 0 0.537257
 0 0.404684
 0 0.653339
 0 0.495811
 0 0.51564
 0 0.399667
 0 0.594295
 0 0.438842
 0 0.381674
 0 0.50807
 0 0.636135
 0 0.670048
 0 0.632289
 0 0.592016
 0 0.500682
 0 0.452106
 0 0.529443
 0 0.567318
 0 0.649132
 0 0.526568
 0 0.668292
 0 0.679051
 0 0.408923
 0 0.456132
 0 0.564047
 0 0.542751
 0 0.538129
 0 0.418234
 0 0.498976
 0 0.612265
 0 0.57217
 0 0.525215
 0 0.45818
 0 0.635206
 0 0.552683
 0 0.502735
 0 0.534513
 0 0.597469
 0 0.373212
 0 0.491133
 0 0.624069
 0 0.626889
 0 0.672012
 0 0.590094
 0 0.396928
 0 0.526127
 0 0.591551
 0 0.618691
 0 0.422117
 0 0.816329
 0 0.422438
 0 0.46492
 0 0.479474
 0 0.535361
 0 0.660434
 0 0.335904
 0 0.487616
 0 0.544554
 0 0.395894
 0 0.363354
 0 0.326212
 0 0.551522
 0 0.489943
 0 0.478805
 0 0.58751
 0 0.494905
 0 0.557187
 0 0.566243
 0 0.883775
 0 0.413663
 0 0.545237
 0 0.484148
 0 0.584107
 0 0.600208
 0 0.37834
 0 0.568203
 0 0.615329
 0 0.360358
 0 0.451742
 0 0.53885
 0 0.554184
 0 0.320198
 0 0.50597
 0 0.546671
 0 0.571887
 0 0.36528
 0 0.574369
 0 0.74956
 0 0.438872
 0 0.543838
 0 0.557692
 0 0.64263
 0 0.687171
 0 0.56673
 0 0.628279
 0 0.497647
 0 0.413098
 0 0.585951
 0 0.554023
 0 0.561011
 0 0.580037
 0 0.477893
 0 0.780355
 0 0.591825
 0 0.679893
 0 0.368037
 0 0.727339
 0 0.478293
 0 0.419461
 0 0.639817
 0 0.562364
 0 0.671787
 0 0.579155
 0 0.437936
 0 0.372937
 0 0.611647
 0 0.779664
 0 0.475876
 0 0.510821
 0 0.647184
 0 0.567036
 0 0.614611
 0 0.696484
 0 0.52447
 0 0.53503
 0 0.467798
 0 0.512433
 0 0.408357
 0 0.422428
 0 0.599278
 0 0.52481
 0 0.451532
 0 0.528568
 0 0.446419
 0 0.517693
 0 0.585351
 0 0.663528
 0 0.408056
 0 0.436883
 0 0.463337
 0 0.686366
 0 0.485938
 0 0.394624
 0 0.480838
 0 0.730498
 0 0.447419
 0 0.578503
 0 0.703113
 0 0.575952
 0 0.545811
 0 0.642485
 0 0.609837
 0 0.614568
 0 0.730603
 0 0.559701
 0 0.465993
 0 0.60032
 0 0.56312
 0 0.539956
 0 0.644674
 0 0.340002
 0 0.580559
 0 0.511756
 0 0.568797
 0 0.647539
 0 0.471835
 0 0.46856
 0 0.47377
 0 0.652265
 0 0.473805
 0 0.402791
 0 0.411501
 0 0.490265
 0 0.451976
 0 0.598353
 0 0.569068
