535 1 0 0 1
 0 0.42421
 0 0.42295
 0 0.440946
 0 0.434394
 0 0.42169
 0 0.434048
 0 0.44298
 0 0.443338
 0 0.429894
 0 0.4222
 0 0.429216
 0 0.451222
 0 0.446128
 0 0.448038
 0 0.433722
 0 0.434466
 0 0.450868
 0 0.434798
 0 0.437458
 0 0.454262
 0 0.422006
 0 0.430294
 0 0.419484
 0 0.419002
 0 0.445122
 0 0.420992
 0 0.429766
 0 0.448412
 0 0.449174
 0 0.434054
 0 0.446608
 0 0.440174
 0 0.446326
 0 0.421618
 0 0.439186
 0 0.443518
 0 0.446336
 0 0.434598
 0 0.434728
 0 0.44349
 0 0.439684
 0 0.430258
 0 0.437286
 0 0.438384
 0 0.422846
 0 0.433914
 0 0.438488
 0 0.436992
 0 0.440476
 0 0.447134
 0 0.453256
 0 0.440734
 0 0.436906
 0 0.44076
 0 0.427678
 0 0.43276
 0 0.437846
 0 0.438686
 0 0.45353
 0 0.416176
 0 0.4285
 0 0.430102
 0 0.451296
 0 0.435882
 0 0.426816
 0 0.432922
 0 0.431738
 0 0.431154
 0 0.423084
 0 0.437164
 0 0.445962
 0 0.438276
 0 0.444696
 0 0.43527
 0 0.428476
 0 0.44565
 0 0.43624
 0 0.450818
 0 0.431234
 0 0.437892
 0 0.444834
 0 0.449854
 0 0.449316
 0 0.441508
 0 0.43406
 0 0.43051
 0 0.416736
 0 0.442844
 0 0.442324
 0 0.448608
 0 0.438498
 0 0.426776
 0 0.436016
 0 0.441508
 0 0.430344
 0 0.419108
 0 0.43621
 0 0.44411
 0 0.441086
 0 0.442278
 0 0.435284
 0 0.437174
 0 0.419402
 0 0.432974
 0 0.449726
 0 0.446322
 0 0.435738
 0 0.445532
 0 0.424622
 0 0.425834
 0 0.439024
 0 0.446958
 0 0.438864
 0 0.438338
 0 0.446012
 0 0.420416
 0 0.427146
 0 0.430238
 0 0.440798
 0 0.445714
 0 0.455166
 0 0.450376
 0 0.44212
 0 0.43782
 0 0.438492
 0 0.447642
 0 0.42722
 0 0.44324
 0 0.454198
 0 0.44198
 0 0.439488
 0 0.432416
 0 0.427178
 0 0.436118
 0 0.426358
 0 0.434628
 0 0.455582
 0 0.42453
 0 0.45063
 0 0.439306
 0 0.420122
 0 0.433356
 0 0.43369
 0 0.44342
 0 0.440062
 0 0.423624
 0 0.453072
 0 0.44732
 0 0.436572
 0 0.435604
 0 0.441138
 0 0.427928
 0 0.439558
 0 0.431768
 0 0.43533
 0 0.453544
 0 0.456366
 0 0.440692
 0 0.441484
 0 0.429536
 0 0.431654
 0 0.433294
 0 0.440358
 0 0.435564
 0 0.440018
 0 0.42685
 0 0.433656
 0 0.414686
 0 0.441588
 0 0.433132
 0 0.448454
 0 0.445022
 0 0.449976
 0 0.414708
 0 0.4393
 0 0.434858
 0 0.434
 0 0.423338
 0 0.438174
 0 0.438438
 0 0.433366
 0 0.445562
 0 0.43749
 0 0.435944
 0 0.440838
 0 0.430442
 0 0.4424
 0 0.443318
 0 0.439368
 0 0.450572
 0 0.447534
 0 0.433622
 0 0.425154
 0 0.450106
 0 0.441372
 0 0.441296
 0 0.44202
 0 0.447912
 0 0.435392
 0 0.434454
 0 0.446354
 0 0.444104
 0 0.430602
 0 0.450664
 0 0.426344
 0 0.442768
 0 0.43064
 0 0.4361
 0 0.44042
 0 0.44156
 0 0.43083
 0 0.43694
 0 0.435706
 0 0.44274
 0 0.4193
 0 0.4345
 0 0.420652
 0 0.43426
 0 0.439032
 0 0.434852
 0 0.423168
 0 0.450884
 0 0.445284
 0 0.443666
 0 0.444484
 0 0.44303
 0 0.428706
 0 0.426878
 0 0.415304
 0 0.434262
 0 0.431316
 0 0.432416
 0 0.424292
 0 0.410594
 0 0.41376
 0 0.441518
 0 0.418704
 0 0.428604
 0 0.444132
 0 0.42214
 0 0.431296
 0 0.432672
 0 0.444488
 0 0.42017
 0 0.429646
 0 0.42637
 0 0.427682
 0 0.445406
 0 0.427048
 0 0.443532
 0 0.43559
 0 0.435262
 0 0.429524
 0 0.444456
 0 0.443922
 0 0.461448
 0 0.429318
 0 0.43312
 0 0.446128
 0 0.429358
 0 0.430282
 0 0.42199
 0 0.439586
 0 0.44369
 0 0.43928
 0 0.43156
 0 0.423344
 0 0.446756
 0 0.437146
 0 0.435048
 0 0.43125
 0 0.428044
 0 0.447534
 0 0.43625
 0 0.44323
 0 0.44051
 0 0.4438
 0 0.423008
 0 0.434466
 0 0.43584
 0 0.44484
 0 0.42665
 0 0.436968
 0 0.431254
 0 0.427676
 0 0.440696
 0 0.449794
 0 0.433242
 0 0.427488
 0 0.42085
 0 0.432442
 0 0.434796
 0 0.445736
 0 0.429522
 0 0.451926
 0 0.442888
 0 0.423676
 0 0.430816
 0 0.443826
 0 0.443224
 0 0.43894
 0 0.446698
 0 0.463136
 0 0.45074
 0 0.437804
 0 0.44904
 0 0.42619
 0 0.437828
 0 0.441178
 0 0.440944
 0 0.434864
 0 0.44897
 0 0.424662
 0 0.43963
 0 0.443136
 0 0.43286
 0 0.416924
 0 0.42956
 0 0.43228
 0 0.42726
 0 0.417512
 0 0.442542
 0 0.43596
 0 0.423228
 0 0.42746
 0 0.445814
 0 0.43232
 0 0.43553
 0 0.444562
 0 0.429258
 0 0.44485
 0 0.45457
 0 0.438434
 0 0.452766
 0 0.428628
 0 0.436
 0 0.441216
 0 0.433818
 0 0.426514
 0 0.438044
 0 0.425214
 0 0.43073
 0 0.41829
 0 0.427082
 0 0.441
 0 0.42828
 0 0.429146
 0 0.427838
 0 0.43221
 0 0.424944
 0 0.43051
 0 0.447582
 0 0.442046
 0 0.438018
 0 0.43538
 0 0.437574
 0 0.433706
 0 0.43019
 0 0.436626
 0 0.426786
 0 0.430068
 0 0.427694
 0 0.436316
 0 0.434228
 0 0.43459
 0 0.431908
 0 0.448674
 0 0.433502
 0 0.430708
 0 0.440894
 0 0.419106
 0 0.43855
 0 0.43003
 0 0.41639
 0 0.427608
 0 0.427566
 0 0.440736
 0 0.42984
 0 0.450458
 0 0.447894
 0 0.4483
 0 0.448612
 0 0.432102
 0 0.435768
 0 0.43238
 0 0.42114
 0 0.427674
 0 0.43105
 0 0.441726
 0 0.442344
 0 0.442174
 0 0.430176
 0 0.434896
 0 0.455462
 0 0.43077
 0 0.436062
 0 0.442248
 0 0.440416
 0 0.439294
 0 0.45216
 0 0.443388
 0 0.437842
 0 0.431214
 0 0.44436
 0 0.448046
 0 0.445422
 0 0.442304
 0 0.449758
 0 0.445148
 0 0.448608
 0 0.438288
 0 0.441578
 0 0.43377
 0 0.442664
 0 0.45229
 0 0.430782
 0 0.450044
 0 0.437562
 0 0.440568
 0 0.439024
 0 0.43559
 0 0.432828
 0 0.42787
 0 0.43158
 0 0.441066
 0 0.43896
 0 0.453978
 0 0.428646
 0 0.440688
 0 0.443214
 0 0.432772
 0 0.429548
 0 0.422656
 0 0.44761
 0 0.43069
 0 0.451236
 0 0.436612
 0 0.451108
 0 0.438508
 0 0.440712
 0 0.443132
 0 0.442056
 0 0.425728
 0 0.431874
 0 0.438364
 0 0.429448
 0 0.445706
 0 0.437652
 0 0.442026
 0 0.43102
 0 0.435796
 0 0.43421
 0 0.436504
 0 0.429644
 0 0.450508
 0 0.439002
 0 0.451782
 0 0.437168
 0 0.430942
 0 0.43291
 0 0.42741
 0 0.440288
 0 0.438684
 0 0.440656
 0 0.424316
 0 0.425358
 0 0.44517
 0 0.438978
 0 0.445406
 0 0.44012
 0 0.441996
 0 0.439724
 0 0.452188
 0 0.425286
 0 0.44515
 0 0.43441
 0 0.447644
 0 0.444162
 0 0.446906
 0 0.443854
 0 0.442562
 0 0.440206
 0 0.433676
 0 0.434554
 0 0.443286
 0 0.421912
 0 0.436996
 0 0.42304
 0 0.424692
 0 0.435702
 0 0.435484
 0 0.440046
 0 0.43843
 0 0.430286
 0 0.42924
 0 0.441862
 0 0.45191
 0 0.443748
 0 0.436406
 0 0.437428
 0 0.437578
 0 0.427786
 0 0.44137
 0 0.456358
 0 0.451354
 0 0.439292
 0 0.451852
 0 0.437296
 0 0.435572
 0 0.42844
 0 0.444258
 0 0.449516
 0 0.433334
 0 0.438814
 0 0.429758
 0 0.448794
 0 0.446384
 0 0.442802
 0 0.444858
 0 0.432948
 0 0.435528
 0 0.44108
 0 0.432696
 0 0.435586
 0 0.449014
 0 0.441748
 0 0.436824
 0 0.441994
 0 0.441902
 0 0.44435
 0 0.44037
 0 0.444268
 0 0.45121
 0 0.456744
 0 0.434544
