535 1 0 0 1
 0 0.284772
 0 0.293414
 0 0.291792
 0 0.2962
 0 0.292374
 0 0.299026
 0 0.29607
 0 0.302744
 0 0.292626
 0 0.29295
 0 0.296984
 0 0.30017
 0 0.29556
 0 0.293196
 0 0.290272
 0 0.29465
 0 0.28683
 0 0.294508
 0 0.296754
 0 0.291554
 0 0.296802
 0 0.290592
 0 0.287414
 0 0.286472
 0 0.296262
 0 0.2952
 0 0.297996
 0 0.300612
 0 0.30333
 0 0.296024
 0 0.301822
 0 0.299422
 0 0.292584
 0 0.28347
 0 0.301596
 0 0.303604
 0 0.300622
 0 0.297764
 0 0.298842
 0 0.30256
 0 0.294306
 0 0.28956
 0 0.29892
 0 0.293462
 0 0.29559
 0 0.301208
 0 0.301342
 0 0.304052
 0 0.301998
 0 0.305032
 0 0.30372
 0 0.301486
 0 0.291742
 0 0.299836
 0 0.29708
 0 0.295948
 0 0.294038
 0 0.29927
 0 0.306082
 0 0.290982
 0 0.28929
 0 0.288268
 0 0.301106
 0 0.30092
 0 0.290346
 0 0.286124
 0 0.284678
 0 0.297084
 0 0.291218
 0 0.304302
 0 0.295286
 0 0.297
 0 0.300466
 0 0.295026
 0 0.28644
 0 0.290964
 0 0.29178
 0 0.289848
 0 0.29508
 0 0.292926
 0 0.297912
 0 0.294468
 0 0.292676
 0 0.290524
 0 0.295458
 0 0.294994
 0 0.2923
 0 0.30093
 0 0.298162
 0 0.304544
 0 0.306952
 0 0.294564
 0 0.303826
 0 0.294362
 0 0.294892
 0 0.293696
 0 0.296918
 0 0.304784
 0 0.297236
 0 0.291152
 0 0.297684
 0 0.30352
 0 0.286774
 0 0.299768
 0 0.306852
 0 0.303082
 0 0.293638
 0 0.299918
 0 0.291736
 0 0.295434
 0 0.293282
 0 0.293956
 0 0.293082
 0 0.299266
 0 0.294172
 0 0.294434
 0 0.290596
 0 0.292362
 0 0.299808
 0 0.301086
 0 0.30008
 0 0.304512
 0 0.296894
 0 0.294972
 0 0.286222
 0 0.297588
 0 0.292996
 0 0.295722
 0 0.300868
 0 0.299886
 0 0.30645
 0 0.299
 0 0.298204
 0 0.29501
 0 0.29131
 0 0.289934
 0 0.3056
 0 0.295902
 0 0.301994
 0 0.290694
 0 0.291842
 0 0.29751
 0 0.303332
 0 0.303988
 0 0.301956
 0 0.300622
 0 0.313056
 0 0.313684
 0 0.307426
 0 0.300554
 0 0.297348
 0 0.299954
 0 0.296312
 0 0.297888
 0 0.29498
 0 0.301124
 0 0.308174
 0 0.304776
 0 0.301432
 0 0.30342
 0 0.297662
 0 0.299674
 0 0.290192
 0 0.296944
 0 0.303858
 0 0.294828
 0 0.28603
 0 0.292188
 0 0.2935
 0 0.296746
 0 0.297788
 0 0.297072
 0 0.291626
 0 0.291762
 0 0.294126
 0 0.292466
 0 0.29965
 0 0.299822
 0 0.303136
 0 0.290966
 0 0.292756
 0 0.301236
 0 0.306256
 0 0.30198
 0 0.303026
 0 0.307108
 0 0.29287
 0 0.301376
 0 0.299556
 0 0.306918
 0 0.304874
 0 0.29649
 0 0.291016
 0 0.300556
 0 0.299182
 0 0.3011
 0 0.295286
 0 0.303544
 0 0.292086
 0 0.300272
 0 0.296068
 0 0.297842
 0 0.296324
 0 0.312326
 0 0.29273
 0 0.302108
 0 0.295804
 0 0.292326
 0 0.296006
 0 0.293874
 0 0.293608
 0 0.291952
 0 0.291238
 0 0.293928
 0 0.291964
 0 0.292714
 0 0.291786
 0 0.28721
 0 0.296122
 0 0.298288
 0 0.28638
 0 0.29662
 0 0.298322
 0 0.30182
 0 0.300866
 0 0.294872
 0 0.290334
 0 0.283222
 0 0.293256
 0 0.299722
 0 0.296336
 0 0.301786
 0 0.298072
 0 0.286146
 0 0.281234
 0 0.296356
 0 0.281774
 0 0.295486
 0 0.301512
 0 0.296514
 0 0.295068
 0 0.2969
 0 0.294982
 0 0.285456
 0 0.28986
 0 0.294512
 0 0.293016
 0 0.298336
 0 0.284454
 0 0.293606
 0 0.292064
 0 0.297474
 0 0.297396
 0 0.304676
 0 0.305022
 0 0.299382
 0 0.29941
 0 0.294702
 0 0.292826
 0 0.29941
 0 0.296458
 0 0.29047
 0 0.29483
 0 0.292484
 0 0.29177
 0 0.283616
 0 0.292574
 0 0.300308
 0 0.303396
 0 0.296192
 0 0.29673
 0 0.30027
 0 0.299684
 0 0.293112
 0 0.29495
 0 0.28986
 0 0.294234
 0 0.290604
 0 0.296718
 0 0.29896
 0 0.303346
 0 0.286778
 0 0.293
 0 0.295506
 0 0.29811
 0 0.300978
 0 0.297574
 0 0.291848
 0 0.294462
 0 0.286834
 0 0.290002
 0 0.290216
 0 0.292854
 0 0.283702
 0 0.300408
 0 0.305432
 0 0.289442
 0 0.296302
 0 0.29506
 0 0.301666
 0 0.292632
 0 0.2993
 0 0.30323
 0 0.301698
 0 0.291794
 0 0.303006
 0 0.295654
 0 0.300984
 0 0.303352
 0 0.302836
 0 0.302048
 0 0.304392
 0 0.293702
 0 0.299926
 0 0.29982
 0 0.298826
 0 0.294352
 0 0.300316
 0 0.298048
 0 0.30303
 0 0.286038
 0 0.294724
 0 0.297188
 0 0.297392
 0 0.29605
 0 0.300934
 0 0.300296
 0 0.301346
 0 0.290182
 0 0.287898
 0 0.306742
 0 0.304712
 0 0.299334
 0 0.307724
 0 0.298356
 0 0.305054
 0 0.301096
 0 0.293538
 0 0.29888
 0 0.29785
 0 0.280492
 0 0.285656
 0 0.287266
 0 0.29018
 0 0.301514
 0 0.297384
 0 0.296794
 0 0.282068
 0 0.285814
 0 0.2933
 0 0.297544
 0 0.30422
 0 0.297662
 0 0.300306
 0 0.297778
 0 0.290654
 0 0.296666
 0 0.301216
 0 0.304404
 0 0.297866
 0 0.298384
 0 0.29578
 0 0.299392
 0 0.29955
 0 0.29814
 0 0.29954
 0 0.304978
 0 0.300856
 0 0.2963
 0 0.293596
 0 0.28905
 0 0.29631
 0 0.288958
 0 0.290996
 0 0.287332
 0 0.29014
 0 0.291472
 0 0.286284
 0 0.296258
 0 0.30269
 0 0.29817
 0 0.29843
 0 0.293008
 0 0.288556
 0 0.28718
 0 0.289086
 0 0.293828
 0 0.29334
 0 0.297598
 0 0.302372
 0 0.295852
 0 0.289248
 0 0.29531
 0 0.302734
 0 0.29541
 0 0.300076
 0 0.297126
 0 0.304304
 0 0.30434
 0 0.30676
 0 0.305444
 0 0.306744
 0 0.299424
 0 0.306676
 0 0.309468
 0 0.30337
 0 0.305362
 0 0.304666
 0 0.301926
 0 0.30776
 0 0.305304
 0 0.304132
 0 0.28644
 0 0.28987
 0 0.28999
 0 0.292484
 0 0.29647
 0 0.296398
 0 0.287112
 0 0.288614
 0 0.296096
 0 0.293536
 0 0.289814
 0 0.295246
 0 0.305066
 0 0.304658
 0 0.306444
 0 0.29461
 0 0.303974
 0 0.30147
 0 0.300254
 0 0.294392
 0 0.285942
 0 0.290432
 0 0.293726
 0 0.299494
 0 0.287868
 0 0.295976
 0 0.29743
 0 0.297416
 0 0.301582
 0 0.297234
 0 0.292784
 0 0.293996
 0 0.29546
 0 0.294764
 0 0.30182
 0 0.29237
 0 0.299192
 0 0.288932
 0 0.30058
 0 0.301722
 0 0.294842
 0 0.301426
 0 0.297008
 0 0.30313
 0 0.302694
 0 0.302052
 0 0.290996
 0 0.288506
 0 0.294878
 0 0.295354
 0 0.296192
 0 0.287284
 0 0.289056
 0 0.287242
 0 0.294964
 0 0.289302
 0 0.304072
 0 0.293298
 0 0.298024
 0 0.28986
 0 0.307282
 0 0.297944
 0 0.303518
 0 0.30153
 0 0.301062
 0 0.309916
 0 0.30296
 0 0.303412
 0 0.29998
 0 0.310562
 0 0.298604
 0 0.303588
 0 0.305806
 0 0.296064
 0 0.294504
 0 0.289812
 0 0.280536
 0 0.294934
 0 0.299248
 0 0.299286
 0 0.297676
 0 0.295056
 0 0.289328
 0 0.302122
 0 0.298494
 0 0.301182
 0 0.285548
 0 0.288218
 0 0.294364
 0 0.298152
 0 0.29712
 0 0.30114
 0 0.295558
 0 0.295884
 0 0.295948
 0 0.290924
 0 0.289184
 0 0.290684
 0 0.290694
 0 0.296286
 0 0.303362
 0 0.302186
 0 0.297432
 0 0.300214
 0 0.303598
 0 0.299914
 0 0.297278
 0 0.292476
 0 0.301974
 0 0.30008
 0 0.300044
 0 0.301258
 0 0.306248
 0 0.293238
 0 0.301104
 0 0.294066
 0 0.302478
 0 0.303398
 0 0.305114
 0 0.302052
 0 0.307594
 0 0.304044
 0 0.296636
