535 1 0 0 1
 0 0.180761
 0 0.183954
 0 0.185533
 0 0.18631
 0 0.183986
 0 0.186013
 0 0.187032
 0 0.19329
 0 0.183304
 0 0.182419
 0 0.18685
 0 0.188343
 0 0.187858
 0 0.188505
 0 0.183294
 0 0.183375
 0 0.185589
 0 0.184283
 0 0.187186
 0 0.187335
 0 0.187354
 0 0.18235
 0 0.181783
 0 0.179036
 0 0.188778
 0 0.186977
 0 0.188104
 0 0.190671
 0 0.186871
 0 0.187589
 0 0.188356
 0 0.18825
 0 0.185638
 0 0.185342
 0 0.188774
 0 0.189641
 0 0.191302
 0 0.18459
 0 0.188862
 0 0.186746
 0 0.186488
 0 0.183943
 0 0.187807
 0 0.185441
 0 0.185537
 0 0.18671
 0 0.189247
 0 0.187253
 0 0.190729
 0 0.190566
 0 0.192729
 0 0.189724
 0 0.187307
 0 0.18865
 0 0.185361
 0 0.186813
 0 0.186415
 0 0.186817
 0 0.191527
 0 0.181615
 0 0.184206
 0 0.183556
 0 0.190026
 0 0.187098
 0 0.182825
 0 0.182924
 0 0.183124
 0 0.188896
 0 0.182111
 0 0.190193
 0 0.186917
 0 0.188691
 0 0.188703
 0 0.188783
 0 0.185592
 0 0.185873
 0 0.184544
 0 0.187939
 0 0.186232
 0 0.184762
 0 0.188653
 0 0.185551
 0 0.187179
 0 0.185929
 0 0.184815
 0 0.184925
 0 0.185603
 0 0.19173
 0 0.186271
 0 0.189335
 0 0.191293
 0 0.186441
 0 0.189038
 0 0.186217
 0 0.1866
 0 0.185262
 0 0.186705
 0 0.19015
 0 0.189236
 0 0.184886
 0 0.185938
 0 0.189234
 0 0.18366
 0 0.185139
 0 0.191423
 0 0.188691
 0 0.186849
 0 0.185925
 0 0.186956
 0 0.18242
 0 0.188797
 0 0.187033
 0 0.186718
 0 0.189265
 0 0.186798
 0 0.183922
 0 0.182293
 0 0.18372
 0 0.18806
 0 0.191856
 0 0.192152
 0 0.18883
 0 0.187984
 0 0.187443
 0 0.184636
 0 0.189527
 0 0.184779
 0 0.187984
 0 0.187986
 0 0.188264
 0 0.189046
 0 0.186745
 0 0.185104
 0 0.186631
 0 0.186609
 0 0.186069
 0 0.190632
 0 0.186033
 0 0.190654
 0 0.184593
 0 0.181862
 0 0.185343
 0 0.188709
 0 0.187576
 0 0.187046
 0 0.187455
 0 0.18971
 0 0.192653
 0 0.189458
 0 0.186448
 0 0.183755
 0 0.185401
 0 0.184648
 0 0.183074
 0 0.184972
 0 0.188889
 0 0.192219
 0 0.189417
 0 0.188442
 0 0.18875
 0 0.187524
 0 0.18613
 0 0.189358
 0 0.187768
 0 0.190572
 0 0.184659
 0 0.181271
 0 0.183646
 0 0.18789
 0 0.184909
 0 0.187494
 0 0.188169
 0 0.183332
 0 0.182357
 0 0.18573
 0 0.184049
 0 0.191591
 0 0.184321
 0 0.187056
 0 0.185199
 0 0.183639
 0 0.19275
 0 0.190106
 0 0.187901
 0 0.188795
 0 0.191251
 0 0.186427
 0 0.188969
 0 0.188167
 0 0.192144
 0 0.189648
 0 0.18857
 0 0.185497
 0 0.19044
 0 0.187636
 0 0.186933
 0 0.187998
 0 0.190393
 0 0.186298
 0 0.188575
 0 0.18762
 0 0.190988
 0 0.184535
 0 0.194177
 0 0.185561
 0 0.190661
 0 0.188066
 0 0.187599
 0 0.187687
 0 0.183887
 0 0.18444
 0 0.186151
 0 0.184499
 0 0.188688
 0 0.184599
 0 0.186297
 0 0.182699
 0 0.187357
 0 0.186025
 0 0.185897
 0 0.179128
 0 0.189334
 0 0.188196
 0 0.188942
 0 0.190201
 0 0.185098
 0 0.179839
 0 0.176875
 0 0.183389
 0 0.187517
 0 0.186696
 0 0.187436
 0 0.187565
 0 0.181391
 0 0.179379
 0 0.188841
 0 0.180979
 0 0.186917
 0 0.189832
 0 0.184625
 0 0.18576
 0 0.184643
 0 0.187025
 0 0.180831
 0 0.184582
 0 0.182963
 0 0.184264
 0 0.188559
 0 0.180473
 0 0.187912
 0 0.180351
 0 0.188967
 0 0.186453
 0 0.190238
 0 0.191055
 0 0.188744
 0 0.188746
 0 0.185877
 0 0.18689
 0 0.188449
 0 0.187901
 0 0.186043
 0 0.185825
 0 0.186122
 0 0.185809
 0 0.181919
 0 0.182285
 0 0.191886
 0 0.190125
 0 0.187914
 0 0.183896
 0 0.185832
 0 0.188893
 0 0.184467
 0 0.189163
 0 0.184909
 0 0.184119
 0 0.182978
 0 0.186987
 0 0.18934
 0 0.189355
 0 0.185806
 0 0.186729
 0 0.186326
 0 0.186218
 0 0.190158
 0 0.186163
 0 0.184701
 0 0.18589
 0 0.176954
 0 0.186421
 0 0.1852
 0 0.187562
 0 0.185807
 0 0.190313
 0 0.189751
 0 0.183821
 0 0.186412
 0 0.185294
 0 0.189276
 0 0.185656
 0 0.188927
 0 0.191885
 0 0.188374
 0 0.18576
 0 0.19011
 0 0.186229
 0 0.187238
 0 0.189057
 0 0.186163
 0 0.186176
 0 0.188314
 0 0.182976
 0 0.186408
 0 0.188629
 0 0.183388
 0 0.1795
 0 0.183253
 0 0.18334
 0 0.186029
 0 0.181672
 0 0.185992
 0 0.188281
 0 0.184957
 0 0.183243
 0 0.187652
 0 0.187799
 0 0.187114
 0 0.182774
 0 0.181589
 0 0.191964
 0 0.194569
 0 0.185866
 0 0.192046
 0 0.187096
 0 0.1872
 0 0.18893
 0 0.186342
 0 0.188349
 0 0.187379
 0 0.178784
 0 0.181899
 0 0.18246
 0 0.181711
 0 0.186131
 0 0.182578
 0 0.186821
 0 0.179456
 0 0.183325
 0 0.184109
 0 0.188373
 0 0.190935
 0 0.18863
 0 0.187807
 0 0.186389
 0 0.185046
 0 0.186978
 0 0.188055
 0 0.188939
 0 0.184721
 0 0.184442
 0 0.184793
 0 0.187556
 0 0.190262
 0 0.184796
 0 0.185964
 0 0.192094
 0 0.189025
 0 0.186043
 0 0.186777
 0 0.182206
 0 0.187687
 0 0.18301
 0 0.182429
 0 0.1836
 0 0.181875
 0 0.185152
 0 0.185126
 0 0.187621
 0 0.188966
 0 0.190113
 0 0.18776
 0 0.184357
 0 0.182881
 0 0.181721
 0 0.183968
 0 0.186928
 0 0.186728
 0 0.188415
 0 0.189293
 0 0.188762
 0 0.185073
 0 0.185749
 0 0.193009
 0 0.188065
 0 0.184397
 0 0.186012
 0 0.189597
 0 0.188094
 0 0.195373
 0 0.191544
 0 0.191646
 0 0.187897
 0 0.19351
 0 0.194601
 0 0.189269
 0 0.189819
 0 0.190603
 0 0.190736
 0 0.192023
 0 0.18971
 0 0.188639
 0 0.182674
 0 0.18301
 0 0.185681
 0 0.187505
 0 0.190394
 0 0.187575
 0 0.182542
 0 0.182743
 0 0.186565
 0 0.184176
 0 0.182305
 0 0.184913
 0 0.194762
 0 0.189253
 0 0.189779
 0 0.186067
 0 0.190115
 0 0.188144
 0 0.183174
 0 0.184947
 0 0.182472
 0 0.184153
 0 0.18365
 0 0.185768
 0 0.182008
 0 0.185548
 0 0.187664
 0 0.189664
 0 0.188369
 0 0.187485
 0 0.184421
 0 0.185231
 0 0.187086
 0 0.189718
 0 0.188331
 0 0.182618
 0 0.18665
 0 0.182884
 0 0.185759
 0 0.189751
 0 0.188244
 0 0.185323
 0 0.190327
 0 0.188316
 0 0.190787
 0 0.188202
 0 0.185839
 0 0.185209
 0 0.185076
 0 0.188981
 0 0.189413
 0 0.182941
 0 0.184523
 0 0.183278
 0 0.189846
 0 0.185826
 0 0.188919
 0 0.185753
 0 0.190633
 0 0.187046
 0 0.19046
 0 0.186533
 0 0.187006
 0 0.189493
 0 0.187271
 0 0.1933
 0 0.192179
 0 0.188691
 0 0.190387
 0 0.193032
 0 0.187288
 0 0.190423
 0 0.191465
 0 0.185991
 0 0.187342
 0 0.183107
 0 0.18024
 0 0.18601
 0 0.189054
 0 0.188266
 0 0.188039
 0 0.185442
 0 0.183125
 0 0.188638
 0 0.190441
 0 0.188248
 0 0.184551
 0 0.186435
 0 0.184555
 0 0.186777
 0 0.185757
 0 0.188284
 0 0.186615
 0 0.187169
 0 0.185211
 0 0.186709
 0 0.181512
 0 0.183624
 0 0.186131
 0 0.188624
 0 0.187152
 0 0.189479
 0 0.186046
 0 0.190103
 0 0.189365
 0 0.18516
 0 0.185202
 0 0.18405
 0 0.18783
 0 0.187743
 0 0.186606
 0 0.188381
 0 0.189233
 0 0.186295
 0 0.189842
 0 0.183901
 0 0.19092
 0 0.190612
 0 0.190499
 0 0.189277
 0 0.194737
 0 0.192536
 0 0.187561
