535 1 0 0 1
 0 0.142386
 0 0.146707
 0 0.145896
 0 0.1481
 0 0.146187
 0 0.149513
 0 0.148035
 0 0.151372
 0 0.146313
 0 0.146475
 0 0.148492
 0 0.150085
 0 0.14778
 0 0.146598
 0 0.145136
 0 0.147325
 0 0.143415
 0 0.147254
 0 0.148377
 0 0.145777
 0 0.148401
 0 0.145296
 0 0.143707
 0 0.143236
 0 0.148131
 0 0.1476
 0 0.148998
 0 0.150306
 0 0.151665
 0 0.148012
 0 0.150911
 0 0.149711
 0 0.146292
 0 0.141735
 0 0.150798
 0 0.151802
 0 0.150311
 0 0.148882
 0 0.149421
 0 0.15128
 0 0.147153
 0 0.14478
 0 0.14946
 0 0.146731
 0 0.147795
 0 0.150604
 0 0.150671
 0 0.152026
 0 0.150999
 0 0.152516
 0 0.15186
 0 0.150743
 0 0.145871
 0 0.149918
 0 0.14854
 0 0.147974
 0 0.147019
 0 0.149635
 0 0.153041
 0 0.145491
 0 0.144645
 0 0.144134
 0 0.150553
 0 0.15046
 0 0.145173
 0 0.143062
 0 0.142339
 0 0.148542
 0 0.145609
 0 0.152151
 0 0.147643
 0 0.1485
 0 0.150233
 0 0.147513
 0 0.14322
 0 0.145482
 0 0.14589
 0 0.144924
 0 0.14754
 0 0.146463
 0 0.148956
 0 0.147234
 0 0.146338
 0 0.145262
 0 0.147729
 0 0.147497
 0 0.14615
 0 0.150465
 0 0.149081
 0 0.152272
 0 0.153476
 0 0.147282
 0 0.151913
 0 0.147181
 0 0.147446
 0 0.146848
 0 0.148459
 0 0.152392
 0 0.148618
 0 0.145576
 0 0.148842
 0 0.15176
 0 0.143387
 0 0.149884
 0 0.153426
 0 0.151541
 0 0.146819
 0 0.149959
 0 0.145868
 0 0.147717
 0 0.146641
 0 0.146978
 0 0.146541
 0 0.149633
 0 0.147086
 0 0.147217
 0 0.145298
 0 0.146181
 0 0.149904
 0 0.150543
 0 0.15004
 0 0.152256
 0 0.148447
 0 0.147486
 0 0.143111
 0 0.148794
 0 0.146498
 0 0.147861
 0 0.150434
 0 0.149943
 0 0.153225
 0 0.1495
 0 0.149102
 0 0.147505
 0 0.145655
 0 0.144967
 0 0.1528
 0 0.147951
 0 0.150997
 0 0.145347
 0 0.145921
 0 0.148755
 0 0.151666
 0 0.151994
 0 0.150978
 0 0.150311
 0 0.156528
 0 0.156842
 0 0.153713
 0 0.150277
 0 0.148674
 0 0.149977
 0 0.148156
 0 0.148944
 0 0.14749
 0 0.150562
 0 0.154087
 0 0.152388
 0 0.150716
 0 0.15171
 0 0.148831
 0 0.149837
 0 0.145096
 0 0.148472
 0 0.151929
 0 0.147414
 0 0.143015
 0 0.146094
 0 0.14675
 0 0.148373
 0 0.148894
 0 0.148536
 0 0.145813
 0 0.145881
 0 0.147063
 0 0.146233
 0 0.149825
 0 0.149911
 0 0.151568
 0 0.145483
 0 0.146378
 0 0.150618
 0 0.153128
 0 0.15099
 0 0.151513
 0 0.153554
 0 0.146435
 0 0.150688
 0 0.149778
 0 0.153459
 0 0.152437
 0 0.148245
 0 0.145508
 0 0.150278
 0 0.149591
 0 0.15055
 0 0.147643
 0 0.151772
 0 0.146043
 0 0.150136
 0 0.148034
 0 0.148921
 0 0.148162
 0 0.156163
 0 0.146365
 0 0.151054
 0 0.147902
 0 0.146163
 0 0.148003
 0 0.146937
 0 0.146804
 0 0.145976
 0 0.145619
 0 0.146964
 0 0.145982
 0 0.146357
 0 0.145893
 0 0.143605
 0 0.148061
 0 0.149144
 0 0.14319
 0 0.14831
 0 0.149161
 0 0.15091
 0 0.150433
 0 0.147436
 0 0.145167
 0 0.141611
 0 0.146628
 0 0.149861
 0 0.148168
 0 0.150893
 0 0.149036
 0 0.143073
 0 0.140617
 0 0.148178
 0 0.140887
 0 0.147743
 0 0.150756
 0 0.148257
 0 0.147534
 0 0.14845
 0 0.147491
 0 0.142728
 0 0.14493
 0 0.147256
 0 0.146508
 0 0.149168
 0 0.142227
 0 0.146803
 0 0.146032
 0 0.148737
 0 0.148698
 0 0.152338
 0 0.152511
 0 0.149691
 0 0.149705
 0 0.147351
 0 0.146413
 0 0.149705
 0 0.148229
 0 0.145235
 0 0.147415
 0 0.146242
 0 0.145885
 0 0.141808
 0 0.146287
 0 0.150154
 0 0.151698
 0 0.148096
 0 0.148365
 0 0.150135
 0 0.149842
 0 0.146556
 0 0.147475
 0 0.14493
 0 0.147117
 0 0.145302
 0 0.148359
 0 0.14948
 0 0.151673
 0 0.143389
 0 0.1465
 0 0.147753
 0 0.149055
 0 0.150489
 0 0.148787
 0 0.145924
 0 0.147231
 0 0.143417
 0 0.145001
 0 0.145108
 0 0.146427
 0 0.141851
 0 0.150204
 0 0.152716
 0 0.144721
 0 0.148151
 0 0.14753
 0 0.150833
 0 0.146316
 0 0.14965
 0 0.151615
 0 0.150849
 0 0.145897
 0 0.151503
 0 0.147827
 0 0.150492
 0 0.151676
 0 0.151418
 0 0.151024
 0 0.152196
 0 0.146851
 0 0.149963
 0 0.14991
 0 0.149413
 0 0.147176
 0 0.150158
 0 0.149024
 0 0.151515
 0 0.143019
 0 0.147362
 0 0.148594
 0 0.148696
 0 0.148025
 0 0.150467
 0 0.150148
 0 0.150673
 0 0.145091
 0 0.143949
 0 0.153371
 0 0.152356
 0 0.149667
 0 0.153862
 0 0.149178
 0 0.152527
 0 0.150548
 0 0.146769
 0 0.14944
 0 0.148925
 0 0.140246
 0 0.142828
 0 0.143633
 0 0.14509
 0 0.150757
 0 0.148692
 0 0.148397
 0 0.141034
 0 0.142907
 0 0.14665
 0 0.148772
 0 0.15211
 0 0.148831
 0 0.150153
 0 0.148889
 0 0.145327
 0 0.148333
 0 0.150608
 0 0.152202
 0 0.148933
 0 0.149192
 0 0.14789
 0 0.149696
 0 0.149775
 0 0.14907
 0 0.14977
 0 0.152489
 0 0.150428
 0 0.14815
 0 0.146798
 0 0.144525
 0 0.148155
 0 0.144479
 0 0.145498
 0 0.143666
 0 0.14507
 0 0.145736
 0 0.143142
 0 0.148129
 0 0.151345
 0 0.149085
 0 0.149215
 0 0.146504
 0 0.144278
 0 0.14359
 0 0.144543
 0 0.146914
 0 0.14667
 0 0.148799
 0 0.151186
 0 0.147926
 0 0.144624
 0 0.147655
 0 0.151367
 0 0.147705
 0 0.150038
 0 0.148563
 0 0.152152
 0 0.15217
 0 0.15338
 0 0.152722
 0 0.153372
 0 0.149712
 0 0.153338
 0 0.154734
 0 0.151685
 0 0.152681
 0 0.152333
 0 0.150963
 0 0.15388
 0 0.152652
 0 0.152066
 0 0.14322
 0 0.144935
 0 0.144995
 0 0.146242
 0 0.148235
 0 0.148199
 0 0.143556
 0 0.144307
 0 0.148048
 0 0.146768
 0 0.144907
 0 0.147623
 0 0.152533
 0 0.152329
 0 0.153222
 0 0.147305
 0 0.151987
 0 0.150735
 0 0.150127
 0 0.147196
 0 0.142971
 0 0.145216
 0 0.146863
 0 0.149747
 0 0.143934
 0 0.147988
 0 0.148715
 0 0.148708
 0 0.150791
 0 0.148617
 0 0.146392
 0 0.146998
 0 0.14773
 0 0.147382
 0 0.15091
 0 0.146185
 0 0.149596
 0 0.144466
 0 0.15029
 0 0.150861
 0 0.147421
 0 0.150713
 0 0.148504
 0 0.151565
 0 0.151347
 0 0.151026
 0 0.145498
 0 0.144253
 0 0.147439
 0 0.147677
 0 0.148096
 0 0.143642
 0 0.144528
 0 0.143621
 0 0.147482
 0 0.144651
 0 0.152036
 0 0.146649
 0 0.149012
 0 0.14493
 0 0.153641
 0 0.148972
 0 0.151759
 0 0.150765
 0 0.150531
 0 0.154958
 0 0.15148
 0 0.151706
 0 0.14999
 0 0.155281
 0 0.149302
 0 0.151794
 0 0.152903
 0 0.148032
 0 0.147252
 0 0.144906
 0 0.140268
 0 0.147467
 0 0.149624
 0 0.149643
 0 0.148838
 0 0.147528
 0 0.144664
 0 0.151061
 0 0.149247
 0 0.150591
 0 0.142774
 0 0.144109
 0 0.147182
 0 0.149076
 0 0.14856
 0 0.15057
 0 0.147779
 0 0.147942
 0 0.147974
 0 0.145462
 0 0.144592
 0 0.145342
 0 0.145347
 0 0.148143
 0 0.151681
 0 0.151093
 0 0.148716
 0 0.150107
 0 0.151799
 0 0.149957
 0 0.148639
 0 0.146238
 0 0.150987
 0 0.15004
 0 0.150022
 0 0.150629
 0 0.153124
 0 0.146619
 0 0.150552
 0 0.147033
 0 0.151239
 0 0.151699
 0 0.152557
 0 0.151026
 0 0.153797
 0 0.152022
 0 0.148318
