535 1 0 0 1
 0 0.212105
 0 0.211475
 0 0.220473
 0 0.217197
 0 0.210845
 0 0.217024
 0 0.22149
 0 0.221669
 0 0.214947
 0 0.2111
 0 0.214608
 0 0.225611
 0 0.223064
 0 0.224019
 0 0.216861
 0 0.217233
 0 0.225434
 0 0.217399
 0 0.218729
 0 0.227131
 0 0.211003
 0 0.215147
 0 0.209742
 0 0.209501
 0 0.222561
 0 0.210496
 0 0.214883
 0 0.224206
 0 0.224587
 0 0.217027
 0 0.223304
 0 0.220087
 0 0.223163
 0 0.210809
 0 0.219593
 0 0.221759
 0 0.223168
 0 0.217299
 0 0.217364
 0 0.221745
 0 0.219842
 0 0.215129
 0 0.218643
 0 0.219192
 0 0.211423
 0 0.216957
 0 0.219244
 0 0.218496
 0 0.220238
 0 0.223567
 0 0.226628
 0 0.220367
 0 0.218453
 0 0.22038
 0 0.213839
 0 0.21638
 0 0.218923
 0 0.219343
 0 0.226765
 0 0.208088
 0 0.21425
 0 0.215051
 0 0.225648
 0 0.217941
 0 0.213408
 0 0.216461
 0 0.215869
 0 0.215577
 0 0.211542
 0 0.218582
 0 0.222981
 0 0.219138
 0 0.222348
 0 0.217635
 0 0.214238
 0 0.222825
 0 0.21812
 0 0.225409
 0 0.215617
 0 0.218946
 0 0.222417
 0 0.224927
 0 0.224658
 0 0.220754
 0 0.21703
 0 0.215255
 0 0.208368
 0 0.221422
 0 0.221162
 0 0.224304
 0 0.219249
 0 0.213388
 0 0.218008
 0 0.220754
 0 0.215172
 0 0.209554
 0 0.218105
 0 0.222055
 0 0.220543
 0 0.221139
 0 0.217642
 0 0.218587
 0 0.209701
 0 0.216487
 0 0.224863
 0 0.223161
 0 0.217869
 0 0.222766
 0 0.212311
 0 0.212917
 0 0.219512
 0 0.223479
 0 0.219432
 0 0.219169
 0 0.223006
 0 0.210208
 0 0.213573
 0 0.215119
 0 0.220399
 0 0.222857
 0 0.227583
 0 0.225188
 0 0.22106
 0 0.21891
 0 0.219246
 0 0.223821
 0 0.21361
 0 0.22162
 0 0.227099
 0 0.22099
 0 0.219744
 0 0.216208
 0 0.213589
 0 0.218059
 0 0.213179
 0 0.217314
 0 0.227791
 0 0.212265
 0 0.225315
 0 0.219653
 0 0.210061
 0 0.216678
 0 0.216845
 0 0.22171
 0 0.220031
 0 0.211812
 0 0.226536
 0 0.22366
 0 0.218286
 0 0.217802
 0 0.220569
 0 0.213964
 0 0.219779
 0 0.215884
 0 0.217665
 0 0.226772
 0 0.228183
 0 0.220346
 0 0.220742
 0 0.214768
 0 0.215827
 0 0.216647
 0 0.220179
 0 0.217782
 0 0.220009
 0 0.213425
 0 0.216828
 0 0.207343
 0 0.220794
 0 0.216566
 0 0.224227
 0 0.222511
 0 0.224988
 0 0.207354
 0 0.21965
 0 0.217429
 0 0.217
 0 0.211669
 0 0.219087
 0 0.219219
 0 0.216683
 0 0.222781
 0 0.218745
 0 0.217972
 0 0.220419
 0 0.215221
 0 0.2212
 0 0.221659
 0 0.219684
 0 0.225286
 0 0.223767
 0 0.216811
 0 0.212577
 0 0.225053
 0 0.220686
 0 0.220648
 0 0.22101
 0 0.223956
 0 0.217696
 0 0.217227
 0 0.223177
 0 0.222052
 0 0.215301
 0 0.225332
 0 0.213172
 0 0.221384
 0 0.21532
 0 0.21805
 0 0.22021
 0 0.22078
 0 0.215415
 0 0.21847
 0 0.217853
 0 0.22137
 0 0.20965
 0 0.21725
 0 0.210326
 0 0.21713
 0 0.219516
 0 0.217426
 0 0.211584
 0 0.225442
 0 0.222642
 0 0.221833
 0 0.222242
 0 0.221515
 0 0.214353
 0 0.213439
 0 0.207652
 0 0.217131
 0 0.215658
 0 0.216208
 0 0.212146
 0 0.205297
 0 0.20688
 0 0.220759
 0 0.209352
 0 0.214302
 0 0.222066
 0 0.21107
 0 0.215648
 0 0.216336
 0 0.222244
 0 0.210085
 0 0.214823
 0 0.213185
 0 0.213841
 0 0.222703
 0 0.213524
 0 0.221766
 0 0.217795
 0 0.217631
 0 0.214762
 0 0.222228
 0 0.221961
 0 0.230724
 0 0.214659
 0 0.21656
 0 0.223064
 0 0.214679
 0 0.215141
 0 0.210995
 0 0.219793
 0 0.221845
 0 0.21964
 0 0.21578
 0 0.211672
 0 0.223378
 0 0.218573
 0 0.217524
 0 0.215625
 0 0.214022
 0 0.223767
 0 0.218125
 0 0.221615
 0 0.220255
 0 0.2219
 0 0.211504
 0 0.217233
 0 0.21792
 0 0.22242
 0 0.213325
 0 0.218484
 0 0.215627
 0 0.213838
 0 0.220348
 0 0.224897
 0 0.216621
 0 0.213744
 0 0.210425
 0 0.216221
 0 0.217398
 0 0.222868
 0 0.214761
 0 0.225963
 0 0.221444
 0 0.211838
 0 0.215408
 0 0.221913
 0 0.221612
 0 0.21947
 0 0.223349
 0 0.231568
 0 0.22537
 0 0.218902
 0 0.22452
 0 0.213095
 0 0.218914
 0 0.220589
 0 0.220472
 0 0.217432
 0 0.224485
 0 0.212331
 0 0.219815
 0 0.221568
 0 0.21643
 0 0.208462
 0 0.21478
 0 0.21614
 0 0.21363
 0 0.208756
 0 0.221271
 0 0.21798
 0 0.211614
 0 0.21373
 0 0.222907
 0 0.21616
 0 0.217765
 0 0.222281
 0 0.214629
 0 0.222425
 0 0.227285
 0 0.219217
 0 0.226383
 0 0.214314
 0 0.218
 0 0.220608
 0 0.216909
 0 0.213257
 0 0.219022
 0 0.212607
 0 0.215365
 0 0.209145
 0 0.213541
 0 0.2205
 0 0.21414
 0 0.214573
 0 0.213919
 0 0.216105
 0 0.212472
 0 0.215255
 0 0.223791
 0 0.221023
 0 0.219009
 0 0.21769
 0 0.218787
 0 0.216853
 0 0.215095
 0 0.218313
 0 0.213393
 0 0.215034
 0 0.213847
 0 0.218158
 0 0.217114
 0 0.217295
 0 0.215954
 0 0.224337
 0 0.216751
 0 0.215354
 0 0.220447
 0 0.209553
 0 0.219275
 0 0.215015
 0 0.208195
 0 0.213804
 0 0.213783
 0 0.220368
 0 0.21492
 0 0.225229
 0 0.223947
 0 0.22415
 0 0.224306
 0 0.216051
 0 0.217884
 0 0.21619
 0 0.21057
 0 0.213837
 0 0.215525
 0 0.220863
 0 0.221172
 0 0.221087
 0 0.215088
 0 0.217448
 0 0.227731
 0 0.215385
 0 0.218031
 0 0.221124
 0 0.220208
 0 0.219647
 0 0.22608
 0 0.221694
 0 0.218921
 0 0.215607
 0 0.22218
 0 0.224023
 0 0.222711
 0 0.221152
 0 0.224879
 0 0.222574
 0 0.224304
 0 0.219144
 0 0.220789
 0 0.216885
 0 0.221332
 0 0.226145
 0 0.215391
 0 0.225022
 0 0.218781
 0 0.220284
 0 0.219512
 0 0.217795
 0 0.216414
 0 0.213935
 0 0.21579
 0 0.220533
 0 0.21948
 0 0.226989
 0 0.214323
 0 0.220344
 0 0.221607
 0 0.216386
 0 0.214774
 0 0.211328
 0 0.223805
 0 0.215345
 0 0.225618
 0 0.218306
 0 0.225554
 0 0.219254
 0 0.220356
 0 0.221566
 0 0.221028
 0 0.212864
 0 0.215937
 0 0.219182
 0 0.214724
 0 0.222853
 0 0.218826
 0 0.221013
 0 0.21551
 0 0.217898
 0 0.217105
 0 0.218252
 0 0.214822
 0 0.225254
 0 0.219501
 0 0.225891
 0 0.218584
 0 0.215471
 0 0.216455
 0 0.213705
 0 0.220144
 0 0.219342
 0 0.220328
 0 0.212158
 0 0.212679
 0 0.222585
 0 0.219489
 0 0.222703
 0 0.22006
 0 0.220998
 0 0.219862
 0 0.226094
 0 0.212643
 0 0.222575
 0 0.217205
 0 0.223822
 0 0.222081
 0 0.223453
 0 0.221927
 0 0.221281
 0 0.220103
 0 0.216838
 0 0.217277
 0 0.221643
 0 0.210956
 0 0.218498
 0 0.21152
 0 0.212346
 0 0.217851
 0 0.217742
 0 0.220023
 0 0.219215
 0 0.215143
 0 0.21462
 0 0.220931
 0 0.225955
 0 0.221874
 0 0.218203
 0 0.218714
 0 0.218789
 0 0.213893
 0 0.220685
 0 0.228179
 0 0.225677
 0 0.219646
 0 0.225926
 0 0.218648
 0 0.217786
 0 0.21422
 0 0.222129
 0 0.224758
 0 0.216667
 0 0.219407
 0 0.214879
 0 0.224397
 0 0.223192
 0 0.221401
 0 0.222429
 0 0.216474
 0 0.217764
 0 0.22054
 0 0.216348
 0 0.217793
 0 0.224507
 0 0.220874
 0 0.218412
 0 0.220997
 0 0.220951
 0 0.222175
 0 0.220185
 0 0.222134
 0 0.225605
 0 0.228372
 0 0.217272
