600 1 0 0 1
 0 0.149701
 0 0.139344
 0 0.14452
 0 0.142731
 0 0.143773
 0 0.136775
 0 0.148482
 0 0.138516
 0 0.142782
 0 0.155851
 0 0.149837
 0 0.156043
 0 0.149765
 0 0.143817
 0 0.15143
 0 0.143345
 0 0.146118
 0 0.14745
 0 0.154548
 0 0.144903
 0 0.141265
 0 0.141985
 0 0.139351
 0 0.146654
 0 0.135716
 0 0.142807
 0 0.151407
 0 0.143719
 0 0.154524
 0 0.155961
 0 0.144045
 0 0.142639
 0 0.132714
 0 0.150018
 0 0.146418
 0 0.144487
 0 0.155038
 0 0.137259
 0 0.136078
 0 0.147756
 0 0.146707
 0 0.150204
 0 0.141197
 0 0.144646
 0 0.142547
 0 0.144435
 0 0.15699
 0 0.152745
 0 0.143344
 0 0.158245
 0 0.141266
 0 0.143814
 0 0.139973
 0 0.150574
 0 0.141516
 0 0.138747
 0 0.139362
 0 0.14024
 0 0.149269
 0 0.145539
 0 0.144971
 0 0.141981
 0 0.146057
 0 0.148882
 0 0.146298
 0 0.150033
 0 0.143788
 0 0.145904
 0 0.144598
 0 0.152246
 0 0.144412
 0 0.145196
 0 0.141045
 0 0.14431
 0 0.150077
 0 0.141714
 0 0.143098
 0 0.152006
 0 0.15402
 0 0.146897
 0 0.146569
 0 0.144813
 0 0.136871
 0 0.147888
 0 0.146778
 0 0.149082
 0 0.138769
 0 0.1445
 0 0.139962
 0 0.128629
 0 0.151264
 0 0.143879
 0 0.13485
 0 0.153955
 0 0.139755
 0 0.145784
 0 0.145279
 0 0.154595
 0 0.144765
 0 0.149682
 0 0.139134
 0 0.136522
 0 0.151083
 0 0.140836
 0 0.144464
 0 0.144796
 0 0.141128
 0 0.141778
 0 0.139344
 0 0.135501
 0 0.146276
 0 0.137943
 0 0.142662
 0 0.143832
 0 0.15503
 0 0.142787
 0 0.155884
 0 0.150272
 0 0.155626
 0 0.143665
 0 0.147438
 0 0.143159
 0 0.148384
 0 0.145926
 0 0.15024
 0 0.148135
 0 0.14296
 0 0.157477
 0 0.141719
 0 0.149327
 0 0.150622
 0 0.144226
 0 0.148942
 0 0.151742
 0 0.140755
 0 0.147132
 0 0.151418
 0 0.141135
 0 0.152728
 0 0.150142
 0 0.150128
 0 0.143932
 0 0.14581
 0 0.144841
 0 0.136524
 0 0.136236
 0 0.143839
 0 0.143837
 0 0.158861
 0 0.15346
 0 0.14637
 0 0.144245
 0 0.137412
 0 0.147761
 0 0.144917
 0 0.13728
 0 0.147644
 0 0.151476
 0 0.148363
 0 0.153507
 0 0.146736
 0 0.133535
 0 0.15147
 0 0.1441
 0 0.146384
 0 0.147505
 0 0.146885
 0 0.153803
 0 0.153326
 0 0.139161
 0 0.133284
 0 0.13652
 0 0.139035
 0 0.145999
 0 0.147356
 0 0.144019
 0 0.150302
 0 0.14507
 0 0.144061
 0 0.13674
 0 0.144501
 0 0.143623
 0 0.147221
 0 0.159208
 0 0.140346
 0 0.141452
 0 0.140127
 0 0.140611
 0 0.137848
 0 0.143166
 0 0.154849
 0 0.13484
 0 0.140099
 0 0.144834
 0 0.160599
 0 0.139549
 0 0.148747
 0 0.152618
 0 0.147286
 0 0.157288
 0 0.15344
 0 0.151868
 0 0.153572
 0 0.148651
 0 0.142992
 0 0.148713
 0 0.134839
 0 0.139337
 0 0.151326
 0 0.12696
 0 0.153501
 0 0.145099
 0 0.154843
 0 0.143296
 0 0.157729
 0 0.144071
 0 0.15753
 0 0.158443
 0 0.154901
 0 0.151618
 0 0.152407
 0 0.148799
 0 0.148438
 0 0.146834
 0 0.149536
 0 0.151716
 0 0.149335
 0 0.143853
 0 0.159978
 0 0.153212
 0 0.139087
 0 0.136389
 0 0.148031
 0 0.147025
 0 0.14176
 0 0.144796
 0 0.149918
 0 0.143629
 0 0.160037
 0 0.146878
 0 0.145214
 0 0.151451
 0 0.147004
 0 0.145702
 0 0.143713
 0 0.151478
 0 0.146789
 0 0.125661
 0 0.1373
 0 0.140251
 0 0.149703
 0 0.151328
 0 0.1456
 0 0.145016
 0 0.136438
 0 0.13489
 0 0.147504
 0 0.145819
 0 0.155066
 0 0.149083
 0 0.139647
 0 0.152396
 0 0.148787
 0 0.149473
 0 0.137174
 0 0.148234
 0 0.145229
 0 0.151245
 0 0.139709
 0 0.140238
 0 0.148022
 0 0.148009
 0 0.151245
 0 0.149124
 0 0.14675
 0 0.132148
 0 0.146793
 0 0.145523
 0 0.141151
 0 0.136754
 0 0.144313
 0 0.143516
 0 0.134515
 0 0.142039
 0 0.15555
 0 0.145113
 0 0.143039
 0 0.152404
 0 0.142956
 0 0.145523
 0 0.142432
 0 0.148621
 0 0.147814
 0 0.14334
 0 0.15662
 0 0.14975
 0 0.148782
 0 0.146306
 0 0.149958
 0 0.137443
 0 0.144612
 0 0.143644
 0 0.147112
 0 0.153888
 0 0.1531
 0 0.136605
 0 0.148909
 0 0.156541
 0 0.146515
 0 0.143073
 0 0.140503
 0 0.145018
 0 0.139059
 0 0.140275
 0 0.154926
 0 0.140715
 0 0.142725
 0 0.151211
 0 0.142433
 0 0.145637
 0 0.134059
 0 0.141366
 0 0.133131
 0 0.143052
 0 0.133994
 0 0.152657
 0 0.146715
 0 0.151165
 0 0.154076
 0 0.152916
 0 0.14275
 0 0.149366
 0 0.142026
 0 0.149636
 0 0.149193
 0 0.149946
 0 0.14458
 0 0.152305
 0 0.150814
 0 0.143177
 0 0.144206
 0 0.142707
 0 0.145912
 0 0.15229
 0 0.152932
 0 0.151329
 0 0.150166
 0 0.144952
 0 0.137219
 0 0.148507
 0 0.14755
 0 0.154709
 0 0.147771
 0 0.15643
 0 0.144714
 0 0.141526
 0 0.155975
 0 0.141526
 0 0.146106
 0 0.139686
 0 0.150143
 0 0.155247
 0 0.159399
 0 0.151936
 0 0.130969
 0 0.143044
 0 0.147097
 0 0.149931
 0 0.149055
 0 0.155301
 0 0.154352
 0 0.145433
 0 0.142702
 0 0.146782
 0 0.151603
 0 0.154856
 0 0.145454
 0 0.15938
 0 0.145299
 0 0.146776
 0 0.142886
 0 0.139044
 0 0.146157
 0 0.138216
 0 0.159262
 0 0.152591
 0 0.149581
 0 0.141979
 0 0.151017
 0 0.147789
 0 0.136313
 0 0.134692
 0 0.149107
 0 0.160943
 0 0.145264
 0 0.133326
 0 0.144121
 0 0.149593
 0 0.142926
 0 0.145844
 0 0.14927
 0 0.153221
 0 0.152038
 0 0.137993
 0 0.144868
 0 0.140124
 0 0.147155
 0 0.152483
 0 0.139691
 0 0.156273
 0 0.133033
 0 0.142183
 0 0.146205
 0 0.140579
 0 0.157261
 0 0.153648
 0 0.144904
 0 0.144753
 0 0.148367
 0 0.147914
 0 0.146099
 0 0.141692
 0 0.13705
 0 0.14462
 0 0.133599
 0 0.140789
 0 0.148548
 0 0.155595
 0 0.153744
 0 0.151519
 0 0.151677
 0 0.152904
 0 0.144346
 0 0.145936
 0 0.137404
 0 0.150944
 0 0.14537
 0 0.152561
 0 0.146593
 0 0.149493
 0 0.143559
 0 0.149082
 0 0.154072
 0 0.140524
 0 0.139516
 0 0.151144
 0 0.154083
 0 0.141463
 0 0.149956
 0 0.155221
 0 0.153586
 0 0.154101
 0 0.149322
 0 0.148126
 0 0.145663
 0 0.147839
 0 0.15292
 0 0.147192
 0 0.15034
 0 0.154213
 0 0.14911
 0 0.148175
 0 0.133351
 0 0.146724
 0 0.133678
 0 0.138073
 0 0.150931
 0 0.131241
 0 0.142463
 0 0.144635
 0 0.143347
 0 0.137817
 0 0.154565
 0 0.147754
 0 0.156656
 0 0.143379
 0 0.148619
 0 0.150321
 0 0.141415
 0 0.146492
 0 0.144233
 0 0.135692
 0 0.138007
 0 0.148758
 0 0.142381
 0 0.159933
 0 0.149249
 0 0.148036
 0 0.144211
 0 0.140968
 0 0.141038
 0 0.141448
 0 0.139314
 0 0.14682
 0 0.129576
 0 0.139154
 0 0.147409
 0 0.145068
 0 0.153268
 0 0.14558
 0 0.151767
 0 0.141215
 0 0.15203
 0 0.142897
 0 0.151627
 0 0.136811
 0 0.143973
 0 0.136907
 0 0.149125
 0 0.14545
 0 0.144057
 0 0.150796
 0 0.150171
 0 0.141827
 0 0.146581
 0 0.151336
 0 0.139128
 0 0.142984
 0 0.151894
 0 0.144468
 0 0.148279
 0 0.13768
 0 0.147922
 0 0.148199
 0 0.140601
 0 0.148813
 0 0.14447
 0 0.1587
 0 0.146337
 0 0.146025
 0 0.148674
 0 0.154727
 0 0.145984
 0 0.156419
 0 0.150594
 0 0.153033
 0 0.161477
 0 0.150727
 0 0.134583
 0 0.133506
 0 0.147205
 0 0.150185
 0 0.137557
 0 0.145704
 0 0.143621
 0 0.139027
 0 0.148168
 0 0.134783
 0 0.132457
 0 0.14934
 0 0.14331
 0 0.151949
 0 0.14768
 0 0.145749
 0 0.152741
 0 0.144095
 0 0.152229
 0 0.147303
 0 0.147654
 0 0.1461
 0 0.145151
 0 0.140262
 0 0.157021
 0 0.157657
 0 0.142856
 0 0.153347
 0 0.146825
 0 0.153355
 0 0.146448
 0 0.152468
 0 0.138993
 0 0.139023
 0 0.143022
 0 0.151962
 0 0.152168
 0 0.145979
 0 0.148327
 0 0.13986
 0 0.146963
 0 0.143202
 0 0.151579
 0 0.143684
 0 0.151518
 0 0.15332
 0 0.148113
 0 0.15058
 0 0.148374
 0 0.141624
 0 0.14441
 0 0.144992
 0 0.144937
 0 0.142523
 0 0.149834
 0 0.153264
 0 0.142502
 0 0.146745
 0 0.145227
 0 0.143639
 0 0.144385
 0 0.149074
