600 1 0 0 1
 0 0.370878
 0 0.349216
 0 0.33079
 0 0.370768
 0 0.32867
 0 0.277352
 0 0.336154
 0 0.346674
 0 0.320486
 0 0.359062
 0 0.354964
 0 0.351374
 0 0.353206
 0 0.351714
 0 0.363754
 0 0.350188
 0 0.326638
 0 0.362478
 0 0.343502
 0 0.346808
 0 0.335004
 0 0.347796
 0 0.307788
 0 0.352304
 0 0.32094
 0 0.329394
 0 0.3507
 0 0.337036
 0 0.33
 0 0.36677
 0 0.333406
 0 0.372892
 0 0.350796
 0 0.353592
 0 0.34481
 0 0.358478
 0 0.340258
 0 0.335478
 0 0.307642
 0 0.312134
 0 0.34832
 0 0.353208
 0 0.303046
 0 0.33198
 0 0.33195
 0 0.342524
 0 0.347058
 0 0.37336
 0 0.351166
 0 0.367112
 0 0.310914
 0 0.362932
 0 0.339764
 0 0.360832
 0 0.330434
 0 0.33865
 0 0.348836
 0 0.328234
 0 0.358328
 0 0.360116
 0 0.381306
 0 0.356992
 0 0.350026
 0 0.33305
 0 0.339618
 0 0.338562
 0 0.37412
 0 0.353432
 0 0.352748
 0 0.33231
 0 0.353772
 0 0.334112
 0 0.331682
 0 0.364302
 0 0.331418
 0 0.298308
 0 0.334364
 0 0.345586
 0 0.340344
 0 0.324744
 0 0.347226
 0 0.368316
 0 0.322132
 0 0.359652
 0 0.354788
 0 0.372784
 0 0.300332
 0 0.305882
 0 0.339322
 0 0.312788
 0 0.376918
 0 0.32392
 0 0.3234
 0 0.34983
 0 0.316566
 0 0.363692
 0 0.376694
 0 0.35188
 0 0.312658
 0 0.31093
 0 0.304976
 0 0.332422
 0 0.353654
 0 0.355308
 0 0.350444
 0 0.309634
 0 0.373384
 0 0.33769
 0 0.334546
 0 0.315752
 0 0.350962
 0 0.335518
 0 0.345452
 0 0.350006
 0 0.351492
 0 0.349778
 0 0.33943
 0 0.34414
 0 0.331588
 0 0.325688
 0 0.315702
 0 0.330468
 0 0.331706
 0 0.337224
 0 0.357518
 0 0.351406
 0 0.362558
 0 0.330748
 0 0.34028
 0 0.34137
 0 0.342802
 0 0.327574
 0 0.340896
 0 0.357612
 0 0.343054
 0 0.370916
 0 0.362988
 0 0.330262
 0 0.35005
 0 0.357192
 0 0.348436
 0 0.359116
 0 0.39285
 0 0.314822
 0 0.310886
 0 0.343048
 0 0.335606
 0 0.339188
 0 0.387024
 0 0.396512
 0 0.37206
 0 0.324052
 0 0.352178
 0 0.353016
 0 0.316808
 0 0.332806
 0 0.329534
 0 0.33857
 0 0.355842
 0 0.352038
 0 0.330704
 0 0.281538
 0 0.322908
 0 0.33153
 0 0.35664
 0 0.343938
 0 0.347272
 0 0.337522
 0 0.337912
 0 0.344756
 0 0.31754
 0 0.329872
 0 0.331038
 0 0.330376
 0 0.337924
 0 0.368978
 0 0.353246
 0 0.328908
 0 0.35054
 0 0.327758
 0 0.36419
 0 0.347784
 0 0.33814
 0 0.363866
 0 0.331934
 0 0.375652
 0 0.362222
 0 0.362842
 0 0.344096
 0 0.35844
 0 0.349258
 0 0.285252
 0 0.357126
 0 0.349658
 0 0.357522
 0 0.321374
 0 0.326308
 0 0.314442
 0 0.350768
 0 0.338956
 0 0.338212
 0 0.344208
 0 0.3609
 0 0.354664
 0 0.329026
 0 0.349592
 0 0.33056
 0 0.339504
 0 0.349258
 0 0.33909
 0 0.33228
 0 0.344348
 0 0.356444
 0 0.330358
 0 0.36399
 0 0.336652
 0 0.377194
 0 0.36554
 0 0.380444
 0 0.309166
 0 0.332864
 0 0.345786
 0 0.37888
 0 0.35955
 0 0.362428
 0 0.346964
 0 0.349244
 0 0.34542
 0 0.359488
 0 0.375434
 0 0.341158
 0 0.33713
 0 0.367236
 0 0.343276
 0 0.316776
 0 0.343468
 0 0.323828
 0 0.330282
 0 0.347232
 0 0.38637
 0 0.343806
 0 0.364934
 0 0.356906
 0 0.344328
 0 0.329892
 0 0.351178
 0 0.361792
 0 0.3477
 0 0.314254
 0 0.340758
 0 0.342598
 0 0.322532
 0 0.329668
 0 0.32879
 0 0.304518
 0 0.316048
 0 0.336876
 0 0.313134
 0 0.35789
 0 0.345734
 0 0.322828
 0 0.315388
 0 0.335778
 0 0.349344
 0 0.31588
 0 0.35908
 0 0.34776
 0 0.3637
 0 0.3022
 0 0.345954
 0 0.32159
 0 0.383632
 0 0.374646
 0 0.352
 0 0.33082
 0 0.350734
 0 0.331056
 0 0.362336
 0 0.306396
 0 0.314146
 0 0.350724
 0 0.33924
 0 0.322462
 0 0.343944
 0 0.346108
 0 0.332686
 0 0.328876
 0 0.360032
 0 0.358318
 0 0.359286
 0 0.362712
 0 0.37686
 0 0.31954
 0 0.348096
 0 0.364672
 0 0.365522
 0 0.36417
 0 0.340784
 0 0.358484
 0 0.319962
 0 0.345378
 0 0.329022
 0 0.30569
 0 0.350782
 0 0.374804
 0 0.325374
 0 0.32384
 0 0.372618
 0 0.337894
 0 0.349432
 0 0.347102
 0 0.344048
 0 0.352068
 0 0.318792
 0 0.342148
 0 0.311542
 0 0.348648
 0 0.338438
 0 0.338188
 0 0.351782
 0 0.335686
 0 0.33969
 0 0.351718
 0 0.327232
 0 0.308164
 0 0.356084
 0 0.339626
 0 0.367708
 0 0.342278
 0 0.36134
 0 0.333698
 0 0.372048
 0 0.348726
 0 0.358984
 0 0.34483
 0 0.332456
 0 0.347364
 0 0.362074
 0 0.331934
 0 0.336112
 0 0.347384
 0 0.314848
 0 0.353806
 0 0.348728
 0 0.359908
 0 0.375532
 0 0.332658
 0 0.365668
 0 0.324822
 0 0.357144
 0 0.332122
 0 0.32872
 0 0.334416
 0 0.373864
 0 0.348942
 0 0.328644
 0 0.38051
 0 0.315022
 0 0.33297
 0 0.33893
 0 0.33397
 0 0.352344
 0 0.359706
 0 0.344944
 0 0.33218
 0 0.344922
 0 0.327786
 0 0.34973
 0 0.33587
 0 0.323894
 0 0.357944
 0 0.352732
 0 0.334348
 0 0.357074
 0 0.347248
 0 0.362378
 0 0.361506
 0 0.355976
 0 0.380336
 0 0.346498
 0 0.335872
 0 0.346266
 0 0.324332
 0 0.322744
 0 0.341256
 0 0.33808
 0 0.333548
 0 0.361386
 0 0.334014
 0 0.326574
 0 0.319582
 0 0.34535
 0 0.339074
 0 0.409592
 0 0.376282
 0 0.343116
 0 0.354034
 0 0.361218
 0 0.328966
 0 0.329562
 0 0.340526
 0 0.344388
 0 0.34465
 0 0.32222
 0 0.316314
 0 0.34881
 0 0.35812
 0 0.360478
 0 0.342412
 0 0.349316
 0 0.35375
 0 0.331644
 0 0.359272
 0 0.31441
 0 0.38228
 0 0.361388
 0 0.346108
 0 0.344882
 0 0.351954
 0 0.336632
 0 0.325432
 0 0.345858
 0 0.32301
 0 0.346758
 0 0.344184
 0 0.331306
 0 0.31204
 0 0.354376
 0 0.322474
 0 0.36211
 0 0.357114
 0 0.341108
 0 0.330666
 0 0.323966
 0 0.379518
 0 0.330164
 0 0.356318
 0 0.329682
 0 0.359236
 0 0.36968
 0 0.349264
 0 0.331022
 0 0.349494
 0 0.339232
 0 0.315746
 0 0.369414
 0 0.359826
 0 0.315452
 0 0.390552
 0 0.348448
 0 0.370616
 0 0.333204
 0 0.34647
 0 0.318584
 0 0.36336
 0 0.342542
 0 0.394014
 0 0.364146
 0 0.332162
 0 0.355224
 0 0.364768
 0 0.361552
 0 0.332944
 0 0.34605
 0 0.3338
 0 0.337052
 0 0.366486
 0 0.30473
 0 0.300234
 0 0.31948
 0 0.363048
 0 0.35934
 0 0.364478
 0 0.362314
 0 0.354476
 0 0.349334
 0 0.368902
 0 0.358548
 0 0.33162
 0 0.334722
 0 0.340946
 0 0.330936
 0 0.37081
 0 0.34956
 0 0.312892
 0 0.364818
 0 0.344072
 0 0.332644
 0 0.345542
 0 0.357094
 0 0.34532
 0 0.347908
 0 0.313674
 0 0.335498
 0 0.303328
 0 0.317824
 0 0.340312
 0 0.341368
 0 0.356934
 0 0.3412
 0 0.351686
 0 0.315122
 0 0.339974
 0 0.354244
 0 0.33443
 0 0.345228
 0 0.341304
 0 0.334608
 0 0.341788
 0 0.327158
 0 0.344754
 0 0.358542
 0 0.357794
 0 0.353136
 0 0.324492
 0 0.356438
 0 0.335444
 0 0.355728
 0 0.354886
 0 0.327986
 0 0.363736
 0 0.316258
 0 0.354734
 0 0.33671
 0 0.33493
 0 0.332972
 0 0.33703
 0 0.380788
 0 0.359364
 0 0.373782
 0 0.329338
 0 0.372822
 0 0.354694
 0 0.40171
 0 0.362366
 0 0.36288
 0 0.374548
 0 0.37154
 0 0.313306
 0 0.32519
 0 0.333292
 0 0.333322
 0 0.330758
 0 0.368216
 0 0.357974
 0 0.34731
 0 0.354164
 0 0.349784
 0 0.329006
 0 0.34373
 0 0.327732
 0 0.34232
 0 0.348262
 0 0.347932
 0 0.355808
 0 0.364466
 0 0.33946
 0 0.33464
 0 0.326054
 0 0.330756
 0 0.357008
 0 0.33357
 0 0.361416
 0 0.341644
 0 0.351468
 0 0.367896
 0 0.345916
 0 0.367322
 0 0.369068
 0 0.377898
 0 0.335648
 0 0.372914
 0 0.369126
 0 0.347776
 0 0.361118
 0 0.337782
 0 0.335532
 0 0.335508
 0 0.347834
 0 0.344236
 0 0.3594
 0 0.346436
 0 0.320924
 0 0.360544
 0 0.34571
 0 0.357006
 0 0.338306
 0 0.348914
 0 0.34712
 0 0.341968
 0 0.34753
 0 0.355572
 0 0.357032
 0 0.35186
 0 0.33947
 0 0.340822
 0 0.336802
 0 0.321752
 0 0.329606
 0 0.355914
