600 1 0 0 1
 0 0.417374
 0 0.387188
 0 0.409504
 0 0.394488
 0 0.387054
 0 0.399298
 0 0.362066
 0 0.37687
 0 0.367506
 0 0.401596
 0 0.379866
 0 0.417544
 0 0.39797
 0 0.364618
 0 0.407446
 0 0.385432
 0 0.395006
 0 0.356512
 0 0.387492
 0 0.376294
 0 0.383432
 0 0.376004
 0 0.383188
 0 0.400862
 0 0.399178
 0 0.364662
 0 0.378214
 0 0.37085
 0 0.377944
 0 0.421314
 0 0.375598
 0 0.403328
 0 0.388618
 0 0.391852
 0 0.376158
 0 0.412732
 0 0.402246
 0 0.37723
 0 0.42361
 0 0.382092
 0 0.368968
 0 0.42809
 0 0.360778
 0 0.370072
 0 0.378442
 0 0.352926
 0 0.382932
 0 0.389834
 0 0.411074
 0 0.380332
 0 0.379348
 0 0.401348
 0 0.393058
 0 0.423494
 0 0.420462
 0 0.378326
 0 0.396132
 0 0.362352
 0 0.362734
 0 0.416378
 0 0.37633
 0 0.394448
 0 0.335524
 0 0.363986
 0 0.432002
 0 0.38792
 0 0.400426
 0 0.384008
 0 0.390454
 0 0.36363
 0 0.394662
 0 0.390096
 0 0.371804
 0 0.382742
 0 0.383118
 0 0.376438
 0 0.378618
 0 0.382736
 0 0.36694
 0 0.376532
 0 0.37069
 0 0.394894
 0 0.413
 0 0.351844
 0 0.391312
 0 0.403524
 0 0.328506
 0 0.383052
 0 0.406244
 0 0.352166
 0 0.427658
 0 0.401366
 0 0.361512
 0 0.396976
 0 0.371366
 0 0.380032
 0 0.391832
 0 0.407176
 0 0.385068
 0 0.395186
 0 0.390518
 0 0.403452
 0 0.415546
 0 0.376296
 0 0.412974
 0 0.407704
 0 0.406828
 0 0.385138
 0 0.382386
 0 0.414544
 0 0.38747
 0 0.397768
 0 0.410158
 0 0.36233
 0 0.388176
 0 0.380572
 0 0.397604
 0 0.380156
 0 0.376774
 0 0.39291
 0 0.374502
 0 0.394426
 0 0.366574
 0 0.378454
 0 0.389066
 0 0.367386
 0 0.415156
 0 0.370394
 0 0.425178
 0 0.429202
 0 0.38018
 0 0.409186
 0 0.41176
 0 0.427944
 0 0.401556
 0 0.382884
 0 0.421364
 0 0.393354
 0 0.420018
 0 0.406312
 0 0.372598
 0 0.397684
 0 0.388578
 0 0.369326
 0 0.384516
 0 0.384972
 0 0.38447
 0 0.382418
 0 0.424136
 0 0.383748
 0 0.383354
 0 0.38122
 0 0.357524
 0 0.384928
 0 0.38059
 0 0.368262
 0 0.427908
 0 0.38543
 0 0.409482
 0 0.398288
 0 0.387586
 0 0.344256
 0 0.40434
 0 0.38977
 0 0.433216
 0 0.356702
 0 0.382766
 0 0.39728
 0 0.424488
 0 0.41597
 0 0.37796
 0 0.384542
 0 0.416402
 0 0.415226
 0 0.38156
 0 0.404164
 0 0.379684
 0 0.39633
 0 0.357574
 0 0.366646
 0 0.381148
 0 0.410178
 0 0.3808
 0 0.400948
 0 0.3646
 0 0.359432
 0 0.38215
 0 0.390516
 0 0.383588
 0 0.363696
 0 0.43562
 0 0.44385
 0 0.397616
 0 0.37417
 0 0.36946
 0 0.411012
 0 0.371426
 0 0.41163
 0 0.393882
 0 0.38836
 0 0.407182
 0 0.388288
 0 0.355324
 0 0.372856
 0 0.370644
 0 0.39766
 0 0.38917
 0 0.40841
 0 0.409624
 0 0.430486
 0 0.398228
 0 0.391768
 0 0.39321
 0 0.400572
 0 0.432414
 0 0.399584
 0 0.446608
 0 0.407728
 0 0.377846
 0 0.39399
 0 0.409374
 0 0.389608
 0 0.39242
 0 0.385656
 0 0.416706
 0 0.420934
 0 0.394636
 0 0.4038
 0 0.41076
 0 0.437352
 0 0.359334
 0 0.345758
 0 0.400458
 0 0.398482
 0 0.369594
 0 0.404928
 0 0.38155
 0 0.366938
 0 0.435472
 0 0.38793
 0 0.365856
 0 0.381124
 0 0.363756
 0 0.395882
 0 0.4053
 0 0.374404
 0 0.393086
 0 0.342562
 0 0.375662
 0 0.39324
 0 0.409166
 0 0.417092
 0 0.396808
 0 0.410236
 0 0.401472
 0 0.402184
 0 0.397724
 0 0.385446
 0 0.380478
 0 0.373112
 0 0.388638
 0 0.410272
 0 0.36683
 0 0.38371
 0 0.380976
 0 0.392726
 0 0.360408
 0 0.399476
 0 0.360302
 0 0.3627
 0 0.396496
 0 0.413118
 0 0.401406
 0 0.380118
 0 0.368128
 0 0.349898
 0 0.414218
 0 0.406258
 0 0.393272
 0 0.384136
 0 0.358822
 0 0.38599
 0 0.366798
 0 0.379426
 0 0.39177
 0 0.397176
 0 0.379494
 0 0.420984
 0 0.397264
 0 0.403146
 0 0.382726
 0 0.401874
 0 0.403128
 0 0.35436
 0 0.379228
 0 0.354958
 0 0.391614
 0 0.37465
 0 0.377716
 0 0.415024
 0 0.395676
 0 0.396318
 0 0.401676
 0 0.367928
 0 0.39887
 0 0.379752
 0 0.399122
 0 0.39605
 0 0.392098
 0 0.398714
 0 0.36908
 0 0.387752
 0 0.380106
 0 0.34404
 0 0.406462
 0 0.371518
 0 0.366642
 0 0.382596
 0 0.410914
 0 0.377254
 0 0.37488
 0 0.379008
 0 0.369408
 0 0.387822
 0 0.367592
 0 0.418636
 0 0.364392
 0 0.417496
 0 0.400404
 0 0.384458
 0 0.363858
 0 0.40869
 0 0.371248
 0 0.40621
 0 0.37394
 0 0.42686
 0 0.409746
 0 0.375422
 0 0.375024
 0 0.399512
 0 0.416446
 0 0.40046
 0 0.380878
 0 0.380264
 0 0.393452
 0 0.380538
 0 0.373216
 0 0.37212
 0 0.353376
 0 0.392618
 0 0.411074
 0 0.416622
 0 0.384544
 0 0.3782
 0 0.379128
 0 0.392222
 0 0.410124
 0 0.363796
 0 0.382854
 0 0.370676
 0 0.424212
 0 0.368124
 0 0.374424
 0 0.4159
 0 0.391752
 0 0.390022
 0 0.421266
 0 0.394282
 0 0.386256
 0 0.401436
 0 0.383024
 0 0.407478
 0 0.400708
 0 0.391648
 0 0.369878
 0 0.421082
 0 0.37138
 0 0.428962
 0 0.42549
 0 0.411196
 0 0.384554
 0 0.389416
 0 0.364304
 0 0.392216
 0 0.39836
 0 0.377032
 0 0.395916
 0 0.416848
 0 0.402154
 0 0.370836
 0 0.366922
 0 0.385294
 0 0.38326
 0 0.412438
 0 0.391716
 0 0.394052
 0 0.392392
 0 0.409978
 0 0.376396
 0 0.38178
 0 0.404862
 0 0.373022
 0 0.394434
 0 0.373174
 0 0.375002
 0 0.36175
 0 0.43088
 0 0.389032
 0 0.374052
 0 0.384592
 0 0.384788
 0 0.349444
 0 0.351666
 0 0.360974
 0 0.423642
 0 0.384114
 0 0.376814
 0 0.396446
 0 0.369362
 0 0.39413
 0 0.358934
 0 0.36249
 0 0.37792
 0 0.402152
 0 0.392858
 0 0.356676
 0 0.398832
 0 0.37662
 0 0.400786
 0 0.373148
 0 0.386068
 0 0.374972
 0 0.407818
 0 0.37357
 0 0.364474
 0 0.395114
 0 0.366824
 0 0.39751
 0 0.379322
 0 0.416996
 0 0.374182
 0 0.408652
 0 0.396576
 0 0.375614
 0 0.375318
 0 0.338608
 0 0.407564
 0 0.381236
 0 0.389478
 0 0.39684
 0 0.374486
 0 0.388464
 0 0.41908
 0 0.396272
 0 0.39125
 0 0.411552
 0 0.4107
 0 0.395118
 0 0.39746
 0 0.409126
 0 0.369004
 0 0.399198
 0 0.36811
 0 0.387544
 0 0.426638
 0 0.371884
 0 0.395256
 0 0.355156
 0 0.378014
 0 0.36995
 0 0.404146
 0 0.388352
 0 0.395374
 0 0.386756
 0 0.402622
 0 0.373546
 0 0.392986
 0 0.362988
 0 0.400144
 0 0.347044
 0 0.380212
 0 0.379994
 0 0.373044
 0 0.404936
 0 0.355976
 0 0.42961
 0 0.352692
 0 0.420136
 0 0.388382
 0 0.374298
 0 0.404874
 0 0.354524
 0 0.355742
 0 0.348808
 0 0.339676
 0 0.400322
 0 0.40556
 0 0.364936
 0 0.390532
 0 0.358064
 0 0.377238
 0 0.3914
 0 0.365114
 0 0.389184
 0 0.406394
 0 0.377178
 0 0.400272
 0 0.38372
 0 0.356332
 0 0.399894
 0 0.379698
 0 0.409738
 0 0.400856
 0 0.402756
 0 0.426972
 0 0.391102
 0 0.351196
 0 0.399034
 0 0.404086
 0 0.380446
 0 0.404998
 0 0.359292
 0 0.40146
 0 0.37623
 0 0.357006
 0 0.390354
 0 0.388472
 0 0.41587
 0 0.393376
 0 0.38421
 0 0.405198
 0 0.396366
 0 0.400506
 0 0.418682
 0 0.407776
 0 0.39244
 0 0.422966
 0 0.393214
 0 0.361654
 0 0.373962
 0 0.386174
 0 0.400976
 0 0.35968
 0 0.39212
 0 0.450426
 0 0.390618
 0 0.377114
 0 0.367598
 0 0.380294
 0 0.383934
 0 0.376634
 0 0.362052
 0 0.377332
 0 0.402322
 0 0.400554
 0 0.37192
 0 0.409878
 0 0.425968
 0 0.384164
 0 0.384934
 0 0.37183
 0 0.395274
 0 0.389536
 0 0.417934
 0 0.367326
 0 0.407384
 0 0.368956
 0 0.377318
 0 0.372844
 0 0.406254
 0 0.360184
 0 0.350464
 0 0.3941
 0 0.403458
 0 0.37662
 0 0.378326
 0 0.374404
 0 0.395388
 0 0.398734
 0 0.374446
 0 0.368266
 0 0.412946
 0 0.389778
 0 0.42195
 0 0.396538
 0 0.415906
 0 0.40342
 0 0.382928
 0 0.382796
 0 0.357954
 0 0.408462
 0 0.387018
 0 0.384836
 0 0.362402
 0 0.377536
 0 0.401998
 0 0.397786
 0 0.405288
 0 0.38391
 0 0.41149
