600 1 0 0 1
 0 0.216682
 0 0.220952
 0 0.21744
 0 0.226228
 0 0.222428
 0 0.21497
 0 0.237236
 0 0.219572
 0 0.240914
 0 0.239326
 0 0.227344
 0 0.226004
 0 0.22455
 0 0.222658
 0 0.234284
 0 0.230742
 0 0.225404
 0 0.221594
 0 0.226576
 0 0.21608
 0 0.226994
 0 0.21701
 0 0.211416
 0 0.222196
 0 0.2269
 0 0.20812
 0 0.227294
 0 0.23392
 0 0.226344
 0 0.238706
 0 0.228494
 0 0.22866
 0 0.209764
 0 0.23387
 0 0.234262
 0 0.219938
 0 0.232652
 0 0.21757
 0 0.213672
 0 0.220018
 0 0.217472
 0 0.22435
 0 0.227152
 0 0.225104
 0 0.221566
 0 0.234852
 0 0.229366
 0 0.23464
 0 0.237888
 0 0.237496
 0 0.218486
 0 0.216782
 0 0.219792
 0 0.23505
 0 0.227714
 0 0.213746
 0 0.216184
 0 0.206686
 0 0.234956
 0 0.226554
 0 0.239864
 0 0.228938
 0 0.225238
 0 0.234266
 0 0.228042
 0 0.225346
 0 0.21787
 0 0.238162
 0 0.23874
 0 0.235046
 0 0.2307
 0 0.213988
 0 0.210016
 0 0.222408
 0 0.23077
 0 0.22401
 0 0.24137
 0 0.228546
 0 0.219022
 0 0.21455
 0 0.232982
 0 0.22834
 0 0.214304
 0 0.237064
 0 0.225416
 0 0.233778
 0 0.222198
 0 0.237224
 0 0.218538
 0 0.206534
 0 0.239704
 0 0.237676
 0 0.226788
 0 0.219114
 0 0.219506
 0 0.227218
 0 0.23368
 0 0.247358
 0 0.23141
 0 0.226898
 0 0.228976
 0 0.230036
 0 0.231872
 0 0.243312
 0 0.231746
 0 0.236324
 0 0.220142
 0 0.221344
 0 0.221366
 0 0.22693
 0 0.222542
 0 0.220762
 0 0.2216
 0 0.21574
 0 0.232566
 0 0.229388
 0 0.221956
 0 0.2285
 0 0.224558
 0 0.224378
 0 0.232166
 0 0.219306
 0 0.212152
 0 0.225322
 0 0.22583
 0 0.224318
 0 0.231622
 0 0.23032
 0 0.227802
 0 0.23183
 0 0.248662
 0 0.235988
 0 0.23833
 0 0.23857
 0 0.222744
 0 0.235758
 0 0.24473
 0 0.22472
 0 0.241888
 0 0.223336
 0 0.216066
 0 0.239682
 0 0.22421
 0 0.20941
 0 0.202832
 0 0.236208
 0 0.221242
 0 0.22884
 0 0.225322
 0 0.23672
 0 0.22996
 0 0.218432
 0 0.217268
 0 0.226576
 0 0.234772
 0 0.21998
 0 0.223732
 0 0.231352
 0 0.23497
 0 0.22678
 0 0.230776
 0 0.210098
 0 0.23629
 0 0.233676
 0 0.232898
 0 0.223996
 0 0.233482
 0 0.226252
 0 0.244464
 0 0.224604
 0 0.22762
 0 0.222414
 0 0.22506
 0 0.246476
 0 0.233928
 0 0.237948
 0 0.22981
 0 0.226728
 0 0.23386
 0 0.233922
 0 0.222778
 0 0.235416
 0 0.232426
 0 0.229688
 0 0.22185
 0 0.228994
 0 0.23097
 0 0.229702
 0 0.231946
 0 0.227932
 0 0.247918
 0 0.23105
 0 0.217412
 0 0.21834
 0 0.215252
 0 0.234432
 0 0.224714
 0 0.231146
 0 0.22889
 0 0.233022
 0 0.228526
 0 0.217028
 0 0.234656
 0 0.233406
 0 0.218776
 0 0.229556
 0 0.22751
 0 0.237518
 0 0.234864
 0 0.221196
 0 0.234128
 0 0.235888
 0 0.228264
 0 0.231756
 0 0.238016
 0 0.211556
 0 0.254608
 0 0.248504
 0 0.225376
 0 0.211052
 0 0.233128
 0 0.238016
 0 0.224926
 0 0.232116
 0 0.239416
 0 0.24187
 0 0.229574
 0 0.2298
 0 0.234642
 0 0.242052
 0 0.220216
 0 0.20795
 0 0.22527
 0 0.217594
 0 0.219042
 0 0.222596
 0 0.225864
 0 0.220278
 0 0.232684
 0 0.232662
 0 0.23142
 0 0.223504
 0 0.234156
 0 0.228608
 0 0.22737
 0 0.239016
 0 0.237862
 0 0.22162
 0 0.230164
 0 0.234686
 0 0.21738
 0 0.245826
 0 0.232032
 0 0.228366
 0 0.230932
 0 0.22127
 0 0.237252
 0 0.223762
 0 0.245262
 0 0.229428
 0 0.225954
 0 0.22289
 0 0.23588
 0 0.22647
 0 0.22936
 0 0.226154
 0 0.225534
 0 0.231486
 0 0.221754
 0 0.212702
 0 0.214406
 0 0.225422
 0 0.23729
 0 0.239458
 0 0.241306
 0 0.220694
 0 0.234982
 0 0.229904
 0 0.220876
 0 0.2221
 0 0.224964
 0 0.233918
 0 0.218254
 0 0.214478
 0 0.231418
 0 0.236256
 0 0.23606
 0 0.240284
 0 0.229096
 0 0.240888
 0 0.232218
 0 0.24162
 0 0.239776
 0 0.223702
 0 0.224128
 0 0.229006
 0 0.230686
 0 0.235464
 0 0.228284
 0 0.224822
 0 0.225054
 0 0.246052
 0 0.23806
 0 0.228786
 0 0.236014
 0 0.216854
 0 0.23419
 0 0.221994
 0 0.238542
 0 0.23722
 0 0.233334
 0 0.230734
 0 0.233026
 0 0.224884
 0 0.241942
 0 0.232256
 0 0.230182
 0 0.23214
 0 0.23279
 0 0.229872
 0 0.23461
 0 0.228544
 0 0.220054
 0 0.228348
 0 0.232204
 0 0.242452
 0 0.222014
 0 0.236278
 0 0.232912
 0 0.236248
 0 0.2225
 0 0.247604
 0 0.21891
 0 0.236488
 0 0.21517
 0 0.234112
 0 0.22693
 0 0.235446
 0 0.226978
 0 0.23317
 0 0.22572
 0 0.228806
 0 0.237396
 0 0.239452
 0 0.227722
 0 0.23486
 0 0.232778
 0 0.229582
 0 0.213724
 0 0.233954
 0 0.2324
 0 0.24089
 0 0.233212
 0 0.241204
 0 0.231414
 0 0.227046
 0 0.223946
 0 0.23825
 0 0.2365
 0 0.231674
 0 0.226066
 0 0.227396
 0 0.22624
 0 0.2288
 0 0.227662
 0 0.223228
 0 0.23533
 0 0.230962
 0 0.227348
 0 0.233048
 0 0.230246
 0 0.238788
 0 0.22442
 0 0.223634
 0 0.229244
 0 0.232504
 0 0.234762
 0 0.244848
 0 0.21241
 0 0.232766
 0 0.23235
 0 0.223866
 0 0.237734
 0 0.229812
 0 0.236248
 0 0.23742
 0 0.241558
 0 0.223636
 0 0.23223
 0 0.24085
 0 0.229804
 0 0.222312
 0 0.236206
 0 0.24065
 0 0.224918
 0 0.228582
 0 0.229032
 0 0.233742
 0 0.229226
 0 0.22018
 0 0.228846
 0 0.20314
 0 0.230648
 0 0.219248
 0 0.229122
 0 0.221342
 0 0.224552
 0 0.224962
 0 0.237996
 0 0.230468
 0 0.220124
 0 0.236734
 0 0.209062
 0 0.212176
 0 0.227822
 0 0.23998
 0 0.218972
 0 0.217528
 0 0.230038
 0 0.222948
 0 0.224308
 0 0.227888
 0 0.222988
 0 0.220772
 0 0.212578
 0 0.217672
 0 0.22589
 0 0.229524
 0 0.231428
 0 0.224244
 0 0.238296
 0 0.215044
 0 0.220024
 0 0.228056
 0 0.224324
 0 0.226032
 0 0.22139
 0 0.24126
 0 0.225638
 0 0.249566
 0 0.235702
 0 0.238328
 0 0.229902
 0 0.21711
 0 0.223792
 0 0.229952
 0 0.23906
 0 0.228602
 0 0.22607
 0 0.23145
 0 0.230008
 0 0.232092
 0 0.241044
 0 0.232052
 0 0.221768
 0 0.232296
 0 0.240214
 0 0.237042
 0 0.231208
 0 0.225624
 0 0.233326
 0 0.220468
 0 0.230258
 0 0.22414
 0 0.211914
 0 0.223366
 0 0.232448
 0 0.231864
 0 0.212874
 0 0.226738
 0 0.221026
 0 0.220304
 0 0.241228
 0 0.225644
 0 0.236496
 0 0.20834
 0 0.233278
 0 0.225504
 0 0.222836
 0 0.20858
 0 0.227512
 0 0.222456
 0 0.242644
 0 0.234418
 0 0.227648
 0 0.238912
 0 0.23836
 0 0.228336
 0 0.232682
 0 0.223192
 0 0.231058
 0 0.219002
 0 0.218976
 0 0.229122
 0 0.215198
 0 0.224632
 0 0.225114
 0 0.22658
 0 0.240062
 0 0.233254
 0 0.232
 0 0.229108
 0 0.217014
 0 0.223882
 0 0.227746
 0 0.229966
 0 0.220058
 0 0.220372
 0 0.219634
 0 0.222446
 0 0.241634
 0 0.236502
 0 0.232284
 0 0.221978
 0 0.233444
 0 0.23569
 0 0.228642
 0 0.233218
 0 0.237974
 0 0.221228
 0 0.237228
 0 0.229032
 0 0.246964
 0 0.226556
 0 0.229804
 0 0.238756
 0 0.218402
 0 0.242644
 0 0.229258
 0 0.232216
 0 0.236668
 0 0.232808
 0 0.244972
 0 0.239392
 0 0.236912
 0 0.227164
 0 0.235232
 0 0.238258
 0 0.22984
 0 0.231478
 0 0.218458
 0 0.220246
 0 0.225896
 0 0.224956
 0 0.240618
 0 0.217092
 0 0.21368
 0 0.214406
 0 0.22273
 0 0.217378
 0 0.223534
 0 0.219186
 0 0.220534
 0 0.22989
 0 0.240398
 0 0.22582
 0 0.242122
 0 0.233066
 0 0.216956
 0 0.228366
 0 0.227346
 0 0.234406
 0 0.21701
 0 0.233982
 0 0.223128
 0 0.231576
 0 0.230562
 0 0.220794
 0 0.237868
 0 0.2347
 0 0.2311
 0 0.22358
 0 0.239066
 0 0.239236
 0 0.22128
 0 0.229068
 0 0.226968
 0 0.231048
 0 0.220946
 0 0.219892
 0 0.226046
 0 0.23316
 0 0.222954
 0 0.237094
 0 0.229584
 0 0.235854
 0 0.235866
 0 0.229514
 0 0.229686
 0 0.236786
 0 0.222276
 0 0.23415
 0 0.230068
 0 0.23245
 0 0.231098
 0 0.231164
 0 0.244314
 0 0.249114
 0 0.231442
 0 0.236634
