600 1 0 0 1
 0 0.208687
 0 0.193594
 0 0.204752
 0 0.197244
 0 0.193527
 0 0.199649
 0 0.181033
 0 0.188435
 0 0.183753
 0 0.200798
 0 0.189933
 0 0.208772
 0 0.198985
 0 0.182309
 0 0.203723
 0 0.192716
 0 0.197503
 0 0.178256
 0 0.193746
 0 0.188147
 0 0.191716
 0 0.188002
 0 0.191594
 0 0.200431
 0 0.199589
 0 0.182331
 0 0.189107
 0 0.185425
 0 0.188972
 0 0.210657
 0 0.187799
 0 0.201664
 0 0.194309
 0 0.195926
 0 0.188079
 0 0.206366
 0 0.201123
 0 0.188615
 0 0.211805
 0 0.191046
 0 0.184484
 0 0.214045
 0 0.180389
 0 0.185036
 0 0.189221
 0 0.176463
 0 0.191466
 0 0.194917
 0 0.205537
 0 0.190166
 0 0.189674
 0 0.200674
 0 0.196529
 0 0.211747
 0 0.210231
 0 0.189163
 0 0.198066
 0 0.181176
 0 0.181367
 0 0.208189
 0 0.188165
 0 0.197224
 0 0.167762
 0 0.181993
 0 0.216001
 0 0.19396
 0 0.200213
 0 0.192004
 0 0.195227
 0 0.181815
 0 0.197331
 0 0.195048
 0 0.185902
 0 0.191371
 0 0.191559
 0 0.188219
 0 0.189309
 0 0.191368
 0 0.18347
 0 0.188266
 0 0.185345
 0 0.197447
 0 0.2065
 0 0.175922
 0 0.195656
 0 0.201762
 0 0.164253
 0 0.191526
 0 0.203122
 0 0.176083
 0 0.213829
 0 0.200683
 0 0.180756
 0 0.198488
 0 0.185683
 0 0.190016
 0 0.195916
 0 0.203588
 0 0.192534
 0 0.197593
 0 0.195259
 0 0.201726
 0 0.207773
 0 0.188148
 0 0.206487
 0 0.203852
 0 0.203414
 0 0.192569
 0 0.191193
 0 0.207272
 0 0.193735
 0 0.198884
 0 0.205079
 0 0.181165
 0 0.194088
 0 0.190286
 0 0.198802
 0 0.190078
 0 0.188387
 0 0.196455
 0 0.187251
 0 0.197213
 0 0.183287
 0 0.189227
 0 0.194533
 0 0.183693
 0 0.207578
 0 0.185197
 0 0.212589
 0 0.214601
 0 0.19009
 0 0.204593
 0 0.20588
 0 0.213972
 0 0.200778
 0 0.191442
 0 0.210682
 0 0.196677
 0 0.210009
 0 0.203156
 0 0.186299
 0 0.198842
 0 0.194289
 0 0.184663
 0 0.192258
 0 0.192486
 0 0.192235
 0 0.191209
 0 0.212068
 0 0.191874
 0 0.191677
 0 0.19061
 0 0.178762
 0 0.192464
 0 0.190295
 0 0.184131
 0 0.213954
 0 0.192715
 0 0.204741
 0 0.199144
 0 0.193793
 0 0.172128
 0 0.20217
 0 0.194885
 0 0.216608
 0 0.178351
 0 0.191383
 0 0.19864
 0 0.212244
 0 0.207985
 0 0.18898
 0 0.192271
 0 0.208201
 0 0.207613
 0 0.19078
 0 0.202082
 0 0.189842
 0 0.198165
 0 0.178787
 0 0.183323
 0 0.190574
 0 0.205089
 0 0.1904
 0 0.200474
 0 0.1823
 0 0.179716
 0 0.191075
 0 0.195258
 0 0.191794
 0 0.181848
 0 0.21781
 0 0.221925
 0 0.198808
 0 0.187085
 0 0.18473
 0 0.205506
 0 0.185713
 0 0.205815
 0 0.196941
 0 0.19418
 0 0.203591
 0 0.194144
 0 0.177662
 0 0.186428
 0 0.185322
 0 0.19883
 0 0.194585
 0 0.204205
 0 0.204812
 0 0.215243
 0 0.199114
 0 0.195884
 0 0.196605
 0 0.200286
 0 0.216207
 0 0.199792
 0 0.223304
 0 0.203864
 0 0.188923
 0 0.196995
 0 0.204687
 0 0.194804
 0 0.19621
 0 0.192828
 0 0.208353
 0 0.210467
 0 0.197318
 0 0.2019
 0 0.20538
 0 0.218676
 0 0.179667
 0 0.172879
 0 0.200229
 0 0.199241
 0 0.184797
 0 0.202464
 0 0.190775
 0 0.183469
 0 0.217736
 0 0.193965
 0 0.182928
 0 0.190562
 0 0.181878
 0 0.197941
 0 0.20265
 0 0.187202
 0 0.196543
 0 0.171281
 0 0.187831
 0 0.19662
 0 0.204583
 0 0.208546
 0 0.198404
 0 0.205118
 0 0.200736
 0 0.201092
 0 0.198862
 0 0.192723
 0 0.190239
 0 0.186556
 0 0.194319
 0 0.205136
 0 0.183415
 0 0.191855
 0 0.190488
 0 0.196363
 0 0.180204
 0 0.199738
 0 0.180151
 0 0.18135
 0 0.198248
 0 0.206559
 0 0.200703
 0 0.190059
 0 0.184064
 0 0.174949
 0 0.207109
 0 0.203129
 0 0.196636
 0 0.192068
 0 0.179411
 0 0.192995
 0 0.183399
 0 0.189713
 0 0.195885
 0 0.198588
 0 0.189747
 0 0.210492
 0 0.198632
 0 0.201573
 0 0.191363
 0 0.200937
 0 0.201564
 0 0.17718
 0 0.189614
 0 0.177479
 0 0.195807
 0 0.187325
 0 0.188858
 0 0.207512
 0 0.197838
 0 0.198159
 0 0.200838
 0 0.183964
 0 0.199435
 0 0.189876
 0 0.199561
 0 0.198025
 0 0.196049
 0 0.199357
 0 0.18454
 0 0.193876
 0 0.190053
 0 0.17202
 0 0.203231
 0 0.185759
 0 0.183321
 0 0.191298
 0 0.205457
 0 0.188627
 0 0.18744
 0 0.189504
 0 0.184704
 0 0.193911
 0 0.183796
 0 0.209318
 0 0.182196
 0 0.208748
 0 0.200202
 0 0.192229
 0 0.181929
 0 0.204345
 0 0.185624
 0 0.203105
 0 0.18697
 0 0.21343
 0 0.204873
 0 0.187711
 0 0.187512
 0 0.199756
 0 0.208223
 0 0.20023
 0 0.190439
 0 0.190132
 0 0.196726
 0 0.190269
 0 0.186608
 0 0.18606
 0 0.176688
 0 0.196309
 0 0.205537
 0 0.208311
 0 0.192272
 0 0.1891
 0 0.189564
 0 0.196111
 0 0.205062
 0 0.181898
 0 0.191427
 0 0.185338
 0 0.212106
 0 0.184062
 0 0.187212
 0 0.20795
 0 0.195876
 0 0.195011
 0 0.210633
 0 0.197141
 0 0.193128
 0 0.200718
 0 0.191512
 0 0.203739
 0 0.200354
 0 0.195824
 0 0.184939
 0 0.210541
 0 0.18569
 0 0.214481
 0 0.212745
 0 0.205598
 0 0.192277
 0 0.194708
 0 0.182152
 0 0.196108
 0 0.19918
 0 0.188516
 0 0.197958
 0 0.208424
 0 0.201077
 0 0.185418
 0 0.183461
 0 0.192647
 0 0.19163
 0 0.206219
 0 0.195858
 0 0.197026
 0 0.196196
 0 0.204989
 0 0.188198
 0 0.19089
 0 0.202431
 0 0.186511
 0 0.197217
 0 0.186587
 0 0.187501
 0 0.180875
 0 0.21544
 0 0.194516
 0 0.187026
 0 0.192296
 0 0.192394
 0 0.174722
 0 0.175833
 0 0.180487
 0 0.211821
 0 0.192057
 0 0.188407
 0 0.198223
 0 0.184681
 0 0.197065
 0 0.179467
 0 0.181245
 0 0.18896
 0 0.201076
 0 0.196429
 0 0.178338
 0 0.199416
 0 0.18831
 0 0.200393
 0 0.186574
 0 0.193034
 0 0.187486
 0 0.203909
 0 0.186785
 0 0.182237
 0 0.197557
 0 0.183412
 0 0.198755
 0 0.189661
 0 0.208498
 0 0.187091
 0 0.204326
 0 0.198288
 0 0.187807
 0 0.187659
 0 0.169304
 0 0.203782
 0 0.190618
 0 0.194739
 0 0.19842
 0 0.187243
 0 0.194232
 0 0.20954
 0 0.198136
 0 0.195625
 0 0.205776
 0 0.20535
 0 0.197559
 0 0.19873
 0 0.204563
 0 0.184502
 0 0.199599
 0 0.184055
 0 0.193772
 0 0.213319
 0 0.185942
 0 0.197628
 0 0.177578
 0 0.189007
 0 0.184975
 0 0.202073
 0 0.194176
 0 0.197687
 0 0.193378
 0 0.201311
 0 0.186773
 0 0.196493
 0 0.181494
 0 0.200072
 0 0.173522
 0 0.190106
 0 0.189997
 0 0.186522
 0 0.202468
 0 0.177988
 0 0.214805
 0 0.176346
 0 0.210068
 0 0.194191
 0 0.187149
 0 0.202437
 0 0.177262
 0 0.177871
 0 0.174404
 0 0.169838
 0 0.200161
 0 0.20278
 0 0.182468
 0 0.195266
 0 0.179032
 0 0.188619
 0 0.1957
 0 0.182557
 0 0.194592
 0 0.203197
 0 0.188589
 0 0.200136
 0 0.19186
 0 0.178166
 0 0.199947
 0 0.189849
 0 0.204869
 0 0.200428
 0 0.201378
 0 0.213486
 0 0.195551
 0 0.175598
 0 0.199517
 0 0.202043
 0 0.190223
 0 0.202499
 0 0.179646
 0 0.20073
 0 0.188115
 0 0.178503
 0 0.195177
 0 0.194236
 0 0.207935
 0 0.196688
 0 0.192105
 0 0.202599
 0 0.198183
 0 0.200253
 0 0.209341
 0 0.203888
 0 0.19622
 0 0.211483
 0 0.196607
 0 0.180827
 0 0.186981
 0 0.193087
 0 0.200488
 0 0.17984
 0 0.19606
 0 0.225213
 0 0.195309
 0 0.188557
 0 0.183799
 0 0.190147
 0 0.191967
 0 0.188317
 0 0.181026
 0 0.188666
 0 0.201161
 0 0.200277
 0 0.18596
 0 0.204939
 0 0.212984
 0 0.192082
 0 0.192467
 0 0.185915
 0 0.197637
 0 0.194768
 0 0.208967
 0 0.183663
 0 0.203692
 0 0.184478
 0 0.188659
 0 0.186422
 0 0.203127
 0 0.180092
 0 0.175232
 0 0.19705
 0 0.201729
 0 0.18831
 0 0.189163
 0 0.187202
 0 0.197694
 0 0.199367
 0 0.187223
 0 0.184133
 0 0.206473
 0 0.194889
 0 0.210975
 0 0.198269
 0 0.207953
 0 0.20171
 0 0.191464
 0 0.191398
 0 0.178977
 0 0.204231
 0 0.193509
 0 0.192418
 0 0.181201
 0 0.188768
 0 0.200999
 0 0.198893
 0 0.202644
 0 0.191955
 0 0.205745
