600 1 0 0 1
 0 0.108341
 0 0.110476
 0 0.10872
 0 0.113114
 0 0.111214
 0 0.107485
 0 0.118618
 0 0.109786
 0 0.120457
 0 0.119663
 0 0.113672
 0 0.113002
 0 0.112275
 0 0.111329
 0 0.117142
 0 0.115371
 0 0.112702
 0 0.110797
 0 0.113288
 0 0.10804
 0 0.113497
 0 0.108505
 0 0.105708
 0 0.111098
 0 0.11345
 0 0.10406
 0 0.113647
 0 0.11696
 0 0.113172
 0 0.119353
 0 0.114247
 0 0.11433
 0 0.104882
 0 0.116935
 0 0.117131
 0 0.109969
 0 0.116326
 0 0.108785
 0 0.106836
 0 0.110009
 0 0.108736
 0 0.112175
 0 0.113576
 0 0.112552
 0 0.110783
 0 0.117426
 0 0.114683
 0 0.11732
 0 0.118944
 0 0.118748
 0 0.109243
 0 0.108391
 0 0.109896
 0 0.117525
 0 0.113857
 0 0.106873
 0 0.108092
 0 0.103343
 0 0.117478
 0 0.113277
 0 0.119932
 0 0.114469
 0 0.112619
 0 0.117133
 0 0.114021
 0 0.112673
 0 0.108935
 0 0.119081
 0 0.11937
 0 0.117523
 0 0.11535
 0 0.106994
 0 0.105008
 0 0.111204
 0 0.115385
 0 0.112005
 0 0.120685
 0 0.114273
 0 0.109511
 0 0.107275
 0 0.116491
 0 0.11417
 0 0.107152
 0 0.118532
 0 0.112708
 0 0.116889
 0 0.111099
 0 0.118612
 0 0.109269
 0 0.103267
 0 0.119852
 0 0.118838
 0 0.113394
 0 0.109557
 0 0.109753
 0 0.113609
 0 0.11684
 0 0.123679
 0 0.115705
 0 0.113449
 0 0.114488
 0 0.115018
 0 0.115936
 0 0.121656
 0 0.115873
 0 0.118162
 0 0.110071
 0 0.110672
 0 0.110683
 0 0.113465
 0 0.111271
 0 0.110381
 0 0.1108
 0 0.10787
 0 0.116283
 0 0.114694
 0 0.110978
 0 0.11425
 0 0.112279
 0 0.112189
 0 0.116083
 0 0.109653
 0 0.106076
 0 0.112661
 0 0.112915
 0 0.112159
 0 0.115811
 0 0.11516
 0 0.113901
 0 0.115915
 0 0.124331
 0 0.117994
 0 0.119165
 0 0.119285
 0 0.111372
 0 0.117879
 0 0.122365
 0 0.11236
 0 0.120944
 0 0.111668
 0 0.108033
 0 0.119841
 0 0.112105
 0 0.104705
 0 0.101416
 0 0.118104
 0 0.110621
 0 0.11442
 0 0.112661
 0 0.11836
 0 0.11498
 0 0.109216
 0 0.108634
 0 0.113288
 0 0.117386
 0 0.10999
 0 0.111866
 0 0.115676
 0 0.117485
 0 0.11339
 0 0.115388
 0 0.105049
 0 0.118145
 0 0.116838
 0 0.116449
 0 0.111998
 0 0.116741
 0 0.113126
 0 0.122232
 0 0.112302
 0 0.11381
 0 0.111207
 0 0.11253
 0 0.123238
 0 0.116964
 0 0.118974
 0 0.114905
 0 0.113364
 0 0.11693
 0 0.116961
 0 0.111389
 0 0.117708
 0 0.116213
 0 0.114844
 0 0.110925
 0 0.114497
 0 0.115485
 0 0.114851
 0 0.115973
 0 0.113966
 0 0.123959
 0 0.115525
 0 0.108706
 0 0.10917
 0 0.107626
 0 0.117216
 0 0.112357
 0 0.115573
 0 0.114445
 0 0.116511
 0 0.114263
 0 0.108514
 0 0.117328
 0 0.116703
 0 0.109388
 0 0.114778
 0 0.113755
 0 0.118759
 0 0.117432
 0 0.110598
 0 0.117064
 0 0.117944
 0 0.114132
 0 0.115878
 0 0.119008
 0 0.105778
 0 0.127304
 0 0.124252
 0 0.112688
 0 0.105526
 0 0.116564
 0 0.119008
 0 0.112463
 0 0.116058
 0 0.119708
 0 0.120935
 0 0.114787
 0 0.1149
 0 0.117321
 0 0.121026
 0 0.110108
 0 0.103975
 0 0.112635
 0 0.108797
 0 0.109521
 0 0.111298
 0 0.112932
 0 0.110139
 0 0.116342
 0 0.116331
 0 0.11571
 0 0.111752
 0 0.117078
 0 0.114304
 0 0.113685
 0 0.119508
 0 0.118931
 0 0.11081
 0 0.115082
 0 0.117343
 0 0.10869
 0 0.122913
 0 0.116016
 0 0.114183
 0 0.115466
 0 0.110635
 0 0.118626
 0 0.111881
 0 0.122631
 0 0.114714
 0 0.112977
 0 0.111445
 0 0.11794
 0 0.113235
 0 0.11468
 0 0.113077
 0 0.112767
 0 0.115743
 0 0.110877
 0 0.106351
 0 0.107203
 0 0.112711
 0 0.118645
 0 0.119729
 0 0.120653
 0 0.110347
 0 0.117491
 0 0.114952
 0 0.110438
 0 0.11105
 0 0.112482
 0 0.116959
 0 0.109127
 0 0.107239
 0 0.115709
 0 0.118128
 0 0.11803
 0 0.120142
 0 0.114548
 0 0.120444
 0 0.116109
 0 0.12081
 0 0.119888
 0 0.111851
 0 0.112064
 0 0.114503
 0 0.115343
 0 0.117732
 0 0.114142
 0 0.112411
 0 0.112527
 0 0.123026
 0 0.11903
 0 0.114393
 0 0.118007
 0 0.108427
 0 0.117095
 0 0.110997
 0 0.119271
 0 0.11861
 0 0.116667
 0 0.115367
 0 0.116513
 0 0.112442
 0 0.120971
 0 0.116128
 0 0.115091
 0 0.11607
 0 0.116395
 0 0.114936
 0 0.117305
 0 0.114272
 0 0.110027
 0 0.114174
 0 0.116102
 0 0.121226
 0 0.111007
 0 0.118139
 0 0.116456
 0 0.118124
 0 0.11125
 0 0.123802
 0 0.109455
 0 0.118244
 0 0.107585
 0 0.117056
 0 0.113465
 0 0.117723
 0 0.113489
 0 0.116585
 0 0.11286
 0 0.114403
 0 0.118698
 0 0.119726
 0 0.113861
 0 0.11743
 0 0.116389
 0 0.114791
 0 0.106862
 0 0.116977
 0 0.1162
 0 0.120445
 0 0.116606
 0 0.120602
 0 0.115707
 0 0.113523
 0 0.111973
 0 0.119125
 0 0.11825
 0 0.115837
 0 0.113033
 0 0.113698
 0 0.11312
 0 0.1144
 0 0.113831
 0 0.111614
 0 0.117665
 0 0.115481
 0 0.113674
 0 0.116524
 0 0.115123
 0 0.119394
 0 0.11221
 0 0.111817
 0 0.114622
 0 0.116252
 0 0.117381
 0 0.122424
 0 0.106205
 0 0.116383
 0 0.116175
 0 0.111933
 0 0.118867
 0 0.114906
 0 0.118124
 0 0.11871
 0 0.120779
 0 0.111818
 0 0.116115
 0 0.120425
 0 0.114902
 0 0.111156
 0 0.118103
 0 0.120325
 0 0.112459
 0 0.114291
 0 0.114516
 0 0.116871
 0 0.114613
 0 0.11009
 0 0.114423
 0 0.10157
 0 0.115324
 0 0.109624
 0 0.114561
 0 0.110671
 0 0.112276
 0 0.112481
 0 0.118998
 0 0.115234
 0 0.110062
 0 0.118367
 0 0.104531
 0 0.106088
 0 0.113911
 0 0.11999
 0 0.109486
 0 0.108764
 0 0.115019
 0 0.111474
 0 0.112154
 0 0.113944
 0 0.111494
 0 0.110386
 0 0.106289
 0 0.108836
 0 0.112945
 0 0.114762
 0 0.115714
 0 0.112122
 0 0.119148
 0 0.107522
 0 0.110012
 0 0.114028
 0 0.112162
 0 0.113016
 0 0.110695
 0 0.12063
 0 0.112819
 0 0.124783
 0 0.117851
 0 0.119164
 0 0.114951
 0 0.108555
 0 0.111896
 0 0.114976
 0 0.11953
 0 0.114301
 0 0.113035
 0 0.115725
 0 0.115004
 0 0.116046
 0 0.120522
 0 0.116026
 0 0.110884
 0 0.116148
 0 0.120107
 0 0.118521
 0 0.115604
 0 0.112812
 0 0.116663
 0 0.110234
 0 0.115129
 0 0.11207
 0 0.105957
 0 0.111683
 0 0.116224
 0 0.115932
 0 0.106437
 0 0.113369
 0 0.110513
 0 0.110152
 0 0.120614
 0 0.112822
 0 0.118248
 0 0.10417
 0 0.116639
 0 0.112752
 0 0.111418
 0 0.10429
 0 0.113756
 0 0.111228
 0 0.121322
 0 0.117209
 0 0.113824
 0 0.119456
 0 0.11918
 0 0.114168
 0 0.116341
 0 0.111596
 0 0.115529
 0 0.109501
 0 0.109488
 0 0.114561
 0 0.107599
 0 0.112316
 0 0.112557
 0 0.11329
 0 0.120031
 0 0.116627
 0 0.116
 0 0.114554
 0 0.108507
 0 0.111941
 0 0.113873
 0 0.114983
 0 0.110029
 0 0.110186
 0 0.109817
 0 0.111223
 0 0.120817
 0 0.118251
 0 0.116142
 0 0.110989
 0 0.116722
 0 0.117845
 0 0.114321
 0 0.116609
 0 0.118987
 0 0.110614
 0 0.118614
 0 0.114516
 0 0.123482
 0 0.113278
 0 0.114902
 0 0.119378
 0 0.109201
 0 0.121322
 0 0.114629
 0 0.116108
 0 0.118334
 0 0.116404
 0 0.122486
 0 0.119696
 0 0.118456
 0 0.113582
 0 0.117616
 0 0.119129
 0 0.11492
 0 0.115739
 0 0.109229
 0 0.110123
 0 0.112948
 0 0.112478
 0 0.120309
 0 0.108546
 0 0.10684
 0 0.107203
 0 0.111365
 0 0.108689
 0 0.111767
 0 0.109593
 0 0.110267
 0 0.114945
 0 0.120199
 0 0.11291
 0 0.121061
 0 0.116533
 0 0.108478
 0 0.114183
 0 0.113673
 0 0.117203
 0 0.108505
 0 0.116991
 0 0.111564
 0 0.115788
 0 0.115281
 0 0.110397
 0 0.118934
 0 0.11735
 0 0.11555
 0 0.11179
 0 0.119533
 0 0.119618
 0 0.11064
 0 0.114534
 0 0.113484
 0 0.115524
 0 0.110473
 0 0.109946
 0 0.113023
 0 0.11658
 0 0.111477
 0 0.118547
 0 0.114792
 0 0.117927
 0 0.117933
 0 0.114757
 0 0.114843
 0 0.118393
 0 0.111138
 0 0.117075
 0 0.115034
 0 0.116225
 0 0.115549
 0 0.115582
 0 0.122157
 0 0.124557
 0 0.115721
 0 0.118317
