535 1 0 0 1
 0 -0.422678
 0 -0.42383
 0 -0.442854
 0 -0.43924
 0 -0.426076
 0 -0.433666
 0 -0.441512
 0 -0.445012
 0 -0.43237
 0 -0.423382
 0 -0.428758
 0 -0.454438
 0 -0.446842
 0 -0.447008
 0 -0.43653
 0 -0.435604
 0 -0.4511
 0 -0.438702
 0 -0.437488
 0 -0.447044
 0 -0.424346
 0 -0.433886
 0 -0.424764
 0 -0.422992
 0 -0.449658
 0 -0.422204
 0 -0.43111
 0 -0.448554
 0 -0.448808
 0 -0.43453
 0 -0.448106
 0 -0.43947
 0 -0.44455
 0 -0.42453
 0 -0.44262
 0 -0.443848
 0 -0.445656
 0 -0.435398
 0 -0.434906
 0 -0.443816
 0 -0.436444
 0 -0.432372
 0 -0.43828
 0 -0.438762
 0 -0.422978
 0 -0.430742
 0 -0.439882
 0 -0.43699
 0 -0.441902
 0 -0.445588
 0 -0.448916
 0 -0.441008
 0 -0.438402
 0 -0.44151
 0 -0.42711
 0 -0.43324
 0 -0.439984
 0 -0.439478
 0 -0.4578
 0 -0.413892
 0 -0.432176
 0 -0.42785
 0 -0.44917
 0 -0.435456
 0 -0.43148
 0 -0.433624
 0 -0.434562
 0 -0.434168
 0 -0.421816
 0 -0.438418
 0 -0.447528
 0 -0.441128
 0 -0.440106
 0 -0.43742
 0 -0.431736
 0 -0.441092
 0 -0.43584
 0 -0.44769
 0 -0.433222
 0 -0.441688
 0 -0.443626
 0 -0.44804
 0 -0.447536
 0 -0.442938
 0 -0.435334
 0 -0.433026
 0 -0.41852
 0 -0.443596
 0 -0.444632
 0 -0.450044
 0 -0.434988
 0 -0.428572
 0 -0.433552
 0 -0.44112
 0 -0.430118
 0 -0.422036
 0 -0.439706
 0 -0.446154
 0 -0.442702
 0 -0.440314
 0 -0.43703
 0 -0.441866
 0 -0.421886
 0 -0.432302
 0 -0.449512
 0 -0.447458
 0 -0.435766
 0 -0.445626
 0 -0.428402
 0 -0.429012
 0 -0.440732
 0 -0.444632
 0 -0.440068
 0 -0.44292
 0 -0.442658
 0 -0.421756
 0 -0.43429
 0 -0.429882
 0 -0.439932
 0 -0.44696
 0 -0.45494
 0 -0.451354
 0 -0.44094
 0 -0.443432
 0 -0.44095
 0 -0.446584
 0 -0.42847
 0 -0.439112
 0 -0.451756
 0 -0.437812
 0 -0.440358
 0 -0.429126
 0 -0.426914
 0 -0.433066
 0 -0.425762
 0 -0.440692
 0 -0.456138
 0 -0.42485
 0 -0.44816
 0 -0.432982
 0 -0.42486
 0 -0.433106
 0 -0.437282
 0 -0.438534
 0 -0.439408
 0 -0.423828
 0 -0.452106
 0 -0.448996
 0 -0.434594
 0 -0.433114
 0 -0.437766
 0 -0.42575
 0 -0.43965
 0 -0.432568
 0 -0.437094
 0 -0.448762
 0 -0.453694
 0 -0.439124
 0 -0.446146
 0 -0.43338
 0 -0.431296
 0 -0.4375
 0 -0.43808
 0 -0.436608
 0 -0.438466
 0 -0.423334
 0 -0.429758
 0 -0.420088
 0 -0.438592
 0 -0.432676
 0 -0.442722
 0 -0.444196
 0 -0.448266
 0 -0.415714
 0 -0.43914
 0 -0.436214
 0 -0.43666
 0 -0.427258
 0 -0.436174
 0 -0.436526
 0 -0.429476
 0 -0.446844
 0 -0.4427
 0 -0.43574
 0 -0.444684
 0 -0.430774
 0 -0.43812
 0 -0.446142
 0 -0.437214
 0 -0.448698
 0 -0.446968
 0 -0.434656
 0 -0.426348
 0 -0.45142
 0 -0.43721
 0 -0.442722
 0 -0.437176
 0 -0.445794
 0 -0.439272
 0 -0.434154
 0 -0.444382
 0 -0.439154
 0 -0.427952
 0 -0.451018
 0 -0.425298
 0 -0.441824
 0 -0.429354
 0 -0.434448
 0 -0.444112
 0 -0.444458
 0 -0.437014
 0 -0.438524
 0 -0.438746
 0 -0.441756
 0 -0.424678
 0 -0.43317
 0 -0.42498
 0 -0.433542
 0 -0.44104
 0 -0.428182
 0 -0.42279
 0 -0.45074
 0 -0.43887
 0 -0.44047
 0 -0.44773
 0 -0.440938
 0 -0.431068
 0 -0.421672
 0 -0.413332
 0 -0.43769
 0 -0.432646
 0 -0.432462
 0 -0.427724
 0 -0.412002
 0 -0.417438
 0 -0.44217
 0 -0.421252
 0 -0.431656
 0 -0.444096
 0 -0.423986
 0 -0.433516
 0 -0.4319
 0 -0.442958
 0 -0.421456
 0 -0.428848
 0 -0.430722
 0 -0.429608
 0 -0.445076
 0 -0.42707
 0 -0.443904
 0 -0.43404
 0 -0.43823
 0 -0.428862
 0 -0.444912
 0 -0.444782
 0 -0.461712
 0 -0.427568
 0 -0.431242
 0 -0.44725
 0 -0.43044
 0 -0.427816
 0 -0.42516
 0 -0.440308
 0 -0.446066
 0 -0.44121
 0 -0.427912
 0 -0.420934
 0 -0.448308
 0 -0.437462
 0 -0.43327
 0 -0.434526
 0 -0.42768
 0 -0.445058
 0 -0.434562
 0 -0.441728
 0 -0.443348
 0 -0.438244
 0 -0.426636
 0 -0.432668
 0 -0.433874
 0 -0.442606
 0 -0.431348
 0 -0.438362
 0 -0.434654
 0 -0.42673
 0 -0.440494
 0 -0.445888
 0 -0.434248
 0 -0.42884
 0 -0.420586
 0 -0.434076
 0 -0.434752
 0 -0.445772
 0 -0.430224
 0 -0.452462
 0 -0.441714
 0 -0.424816
 0 -0.427498
 0 -0.44094
 0 -0.440486
 0 -0.442706
 0 -0.444804
 0 -0.461464
 0 -0.447956
 0 -0.436052
 0 -0.449696
 0 -0.42661
 0 -0.440178
 0 -0.436682
 0 -0.43991
 0 -0.43418
 0 -0.44739
 0 -0.425332
 0 -0.438634
 0 -0.445104
 0 -0.433614
 0 -0.418666
 0 -0.428686
 0 -0.432712
 0 -0.429894
 0 -0.420708
 0 -0.439668
 0 -0.437074
 0 -0.4263
 0 -0.42732
 0 -0.445486
 0 -0.431768
 0 -0.435084
 0 -0.43979
 0 -0.436396
 0 -0.445994
 0 -0.457578
 0 -0.43463
 0 -0.448468
 0 -0.43324
 0 -0.435676
 0 -0.442704
 0 -0.435672
 0 -0.432108
 0 -0.43611
 0 -0.423856
 0 -0.432506
 0 -0.41856
 0 -0.426402
 0 -0.43872
 0 -0.433674
 0 -0.430052
 0 -0.424574
 0 -0.429244
 0 -0.427414
 0 -0.438936
 0 -0.448144
 0 -0.439786
 0 -0.439218
 0 -0.437208
 0 -0.43317
 0 -0.431874
 0 -0.432318
 0 -0.437684
 0 -0.42959
 0 -0.429684
 0 -0.432032
 0 -0.438564
 0 -0.436538
 0 -0.434698
 0 -0.434698
 0 -0.4513
 0 -0.43518
 0 -0.433938
 0 -0.444434
 0 -0.419828
 0 -0.440904
 0 -0.428692
 0 -0.419922
 0 -0.42415
 0 -0.428322
 0 -0.44387
 0 -0.429286
 0 -0.45166
 0 -0.44992
 0 -0.44325
 0 -0.443818
 0 -0.426894
 0 -0.432674
 0 -0.4332
 0 -0.421086
 0 -0.423218
 0 -0.434308
 0 -0.438754
 0 -0.445106
 0 -0.44397
 0 -0.43273
 0 -0.435934
 0 -0.452824
 0 -0.433668
 0 -0.431422
 0 -0.440926
 0 -0.44198
 0 -0.43828
 0 -0.453328
 0 -0.44355
 0 -0.44176
 0 -0.434136
 0 -0.44166
 0 -0.448712
 0 -0.445936
 0 -0.4444
 0 -0.450708
 0 -0.447526
 0 -0.449458
 0 -0.438782
 0 -0.439778
 0 -0.43539
 0 -0.445052
 0 -0.45313
 0 -0.43523
 0 -0.450974
 0 -0.432914
 0 -0.438532
 0 -0.43552
 0 -0.432734
 0 -0.434884
 0 -0.427192
 0 -0.433698
 0 -0.449204
 0 -0.43747
 0 -0.45153
 0 -0.425696
 0 -0.441796
 0 -0.438552
 0 -0.431172
 0 -0.431548
 0 -0.423808
 0 -0.446402
 0 -0.432202
 0 -0.448546
 0 -0.436788
 0 -0.444808
 0 -0.439864
 0 -0.436766
 0 -0.441916
 0 -0.44552
 0 -0.431102
 0 -0.432436
 0 -0.44043
 0 -0.429264
 0 -0.447144
 0 -0.436244
 0 -0.43902
 0 -0.428166
 0 -0.43743
 0 -0.439156
 0 -0.441884
 0 -0.428786
 0 -0.45237
 0 -0.435994
 0 -0.44769
 0 -0.434348
 0 -0.431298
 0 -0.437572
 0 -0.424994
 0 -0.447048
 0 -0.440628
 0 -0.43988
 0 -0.42863
 0 -0.426408
 0 -0.443784
 0 -0.437932
 0 -0.443398
 0 -0.439916
 0 -0.439558
 0 -0.444002
 0 -0.458532
 0 -0.42679
 0 -0.447084
 0 -0.43148
 0 -0.447062
 0 -0.444632
 0 -0.453078
 0 -0.450118
 0 -0.443442
 0 -0.442516
 0 -0.437412
 0 -0.439874
 0 -0.438364
 0 -0.423658
 0 -0.435724
 0 -0.42492
 0 -0.419682
 0 -0.435566
 0 -0.436452
 0 -0.43959
 0 -0.4377
 0 -0.425194
 0 -0.427032
 0 -0.439786
 0 -0.450572
 0 -0.446312
 0 -0.434882
 0 -0.435108
 0 -0.436472
 0 -0.429654
 0 -0.439306
 0 -0.45309
 0 -0.452346
 0 -0.443002
 0 -0.450806
 0 -0.43722
 0 -0.434894
 0 -0.429714
 0 -0.443852
 0 -0.450234
 0 -0.439422
 0 -0.43595
 0 -0.432016
 0 -0.445734
 0 -0.444968
 0 -0.437982
 0 -0.442602
 0 -0.427646
 0 -0.437906
 0 -0.440852
 0 -0.434566
 0 -0.433782
 0 -0.45137
 0 -0.444052
 0 -0.438988
 0 -0.438594
 0 -0.442584
 0 -0.440354
 0 -0.439418
 0 -0.438856
 0 -0.447586
 0 -0.457104
 0 -0.436306
