535 1 0 0 1
 0 0.531808
 0 0.545674
 0 0.51939
 0 0.536206
 0 0.516714
 0 0.52545
 0 0.543928
 0 0.538854
 0 0.544826
 0 0.525872
 0 0.54488
 0 0.547958
 0 0.544618
 0 0.549992
 0 0.541684
 0 0.538458
 0 0.540134
 0 0.524164
 0 0.53305
 0 0.541056
 0 0.52654
 0 0.533534
 0 0.507674
 0 0.518088
 0 0.564016
 0 0.527592
 0 0.548492
 0 0.546032
 0 0.52941
 0 0.553274
 0 0.529864
 0 0.546488
 0 0.557262
 0 0.538378
 0 0.549876
 0 0.53949
 0 0.559972
 0 0.518306
 0 0.547494
 0 0.552506
 0 0.53835
 0 0.50645
 0 0.535786
 0 0.53513
 0 0.537284
 0 0.521624
 0 0.54217
 0 0.540022
 0 0.55315
 0 0.551752
 0 0.567308
 0 0.539926
 0 0.538808
 0 0.565888
 0 0.53951
 0 0.551094
 0 0.528076
 0 0.533104
 0 0.523198
 0 0.52759
 0 0.515918
 0 0.5328
 0 0.554598
 0 0.53216
 0 0.53687
 0 0.516886
 0 0.545742
 0 0.541928
 0 0.539576
 0 0.522374
 0 0.551706
 0 0.535932
 0 0.53594
 0 0.563618
 0 0.554756
 0 0.526292
 0 0.526096
 0 0.54392
 0 0.545232
 0 0.537294
 0 0.533806
 0 0.53836
 0 0.538018
 0 0.574504
 0 0.539916
 0 0.535912
 0 0.540364
 0 0.523644
 0 0.530826
 0 0.525974
 0 0.541956
 0 0.531458
 0 0.52258
 0 0.515852
 0 0.526944
 0 0.51962
 0 0.553306
 0 0.561516
 0 0.545026
 0 0.537726
 0 0.546162
 0 0.570752
 0 0.52875
 0 0.564632
 0 0.534848
 0 0.557638
 0 0.546858
 0 0.535964
 0 0.534864
 0 0.531732
 0 0.54903
 0 0.55105
 0 0.562086
 0 0.534338
 0 0.510812
 0 0.518532
 0 0.534882
 0 0.559264
 0 0.55677
 0 0.538766
 0 0.552918
 0 0.545942
 0 0.529318
 0 0.529804
 0 0.554408
 0 0.54187
 0 0.550932
 0 0.567742
 0 0.543508
 0 0.54394
 0 0.552808
 0 0.554222
 0 0.562786
 0 0.55739
 0 0.544298
 0 0.530238
 0 0.533232
 0 0.548844
 0 0.559736
 0 0.524938
 0 0.537792
 0 0.515194
 0 0.537924
 0 0.544496
 0 0.510062
 0 0.53952
 0 0.55387
 0 0.54357
 0 0.558662
 0 0.552142
 0 0.536532
 0 0.505068
 0 0.553002
 0 0.532694
 0 0.532728
 0 0.547648
 0 0.57142
 0 0.528334
 0 0.548224
 0 0.535882
 0 0.540614
 0 0.536894
 0 0.5439
 0 0.531274
 0 0.545982
 0 0.536802
 0 0.53269
 0 0.509796
 0 0.55325
 0 0.518932
 0 0.568152
 0 0.544902
 0 0.526504
 0 0.54366
 0 0.550576
 0 0.532596
 0 0.542168
 0 0.529532
 0 0.535604
 0 0.56046
 0 0.537594
 0 0.556606
 0 0.541478
 0 0.542102
 0 0.542422
 0 0.526936
 0 0.547582
 0 0.538798
 0 0.544832
 0 0.553288
 0 0.544414
 0 0.542
 0 0.543772
 0 0.564112
 0 0.530504
 0 0.561456
 0 0.540596
 0 0.55496
 0 0.56375
 0 0.549492
 0 0.551582
 0 0.588252
 0 0.518082
 0 0.550436
 0 0.551084
 0 0.524734
 0 0.555568
 0 0.557774
 0 0.512246
 0 0.537752
 0 0.539612
 0 0.541118
 0 0.56233
 0 0.554134
 0 0.519072
 0 0.544952
 0 0.517892
 0 0.530046
 0 0.560136
 0 0.547576
 0 0.534944
 0 0.548948
 0 0.54437
 0 0.542366
 0 0.531306
 0 0.51536
 0 0.517954
 0 0.490844
 0 0.51144
 0 0.537318
 0 0.549274
 0 0.544454
 0 0.54785
 0 0.501506
 0 0.515868
 0 0.520778
 0 0.528558
 0 0.536504
 0 0.554108
 0 0.539706
 0 0.522928
 0 0.537026
 0 0.538534
 0 0.525884
 0 0.520436
 0 0.550102
 0 0.52578
 0 0.556288
 0 0.555662
 0 0.548532
 0 0.511094
 0 0.538724
 0 0.557384
 0 0.560488
 0 0.54169
 0 0.539546
 0 0.569038
 0 0.54564
 0 0.540112
 0 0.569874
 0 0.548524
 0 0.54165
 0 0.54762
 0 0.535982
 0 0.537348
 0 0.52227
 0 0.520454
 0 0.5658
 0 0.548408
 0 0.55105
 0 0.542778
 0 0.521164
 0 0.539016
 0 0.549418
 0 0.54195
 0 0.541346
 0 0.55965
 0 0.5458
 0 0.545628
 0 0.535746
 0 0.554572
 0 0.548526
 0 0.560754
 0 0.550352
 0 0.550224
 0 0.569366
 0 0.511356
 0 0.542604
 0 0.546604
 0 0.525332
 0 0.549016
 0 0.54344
 0 0.527508
 0 0.549176
 0 0.56194
 0 0.539622
 0 0.544
 0 0.550716
 0 0.53863
 0 0.572108
 0 0.534758
 0 0.570924
 0 0.542478
 0 0.529034
 0 0.533068
 0 0.547146
 0 0.52162
 0 0.527376
 0 0.54672
 0 0.540184
 0 0.533928
 0 0.538348
 0 0.531854
 0 0.53136
 0 0.533376
 0 0.531134
 0 0.51329
 0 0.539372
 0 0.53644
 0 0.501722
 0 0.522472
 0 0.538408
 0 0.545824
 0 0.515086
 0 0.54839
 0 0.534192
 0 0.520884
 0 0.540658
 0 0.536846
 0 0.519888
 0 0.560288
 0 0.580666
 0 0.554718
 0 0.531742
 0 0.527276
 0 0.527506
 0 0.519918
 0 0.546328
 0 0.553044
 0 0.538078
 0 0.511674
 0 0.539186
 0 0.497954
 0 0.548798
 0 0.55623
 0 0.520676
 0 0.560966
 0 0.522594
 0 0.527768
 0 0.538878
 0 0.538532
 0 0.55712
 0 0.542598
 0 0.52654
 0 0.528348
 0 0.530826
 0 0.541932
 0 0.536488
 0 0.518184
 0 0.532242
 0 0.51754
 0 0.548844
 0 0.529512
 0 0.564922
 0 0.535382
 0 0.538386
 0 0.547044
 0 0.567286
 0 0.542186
 0 0.531954
 0 0.542212
 0 0.554166
 0 0.527514
 0 0.516612
 0 0.53418
 0 0.515642
 0 0.547068
 0 0.53408
 0 0.530588
 0 0.549998
 0 0.530472
 0 0.551588
 0 0.537772
 0 0.525618
 0 0.532812
 0 0.500132
 0 0.555434
 0 0.527286
 0 0.551778
 0 0.549428
 0 0.568426
 0 0.516926
 0 0.534146
 0 0.560058
 0 0.539774
 0 0.533296
 0 0.53365
 0 0.556818
 0 0.554484
 0 0.580286
 0 0.562684
 0 0.5392
 0 0.562044
 0 0.554668
 0 0.570892
 0 0.528714
 0 0.55549
 0 0.588188
 0 0.539634
 0 0.56551
 0 0.54586
 0 0.520572
 0 0.526354
 0 0.56201
 0 0.545716
 0 0.523616
 0 0.566612
 0 0.574204
 0 0.562994
 0 0.547902
 0 0.563322
 0 0.522564
 0 0.535888
 0 0.54634
 0 0.576614
 0 0.539032
 0 0.557132
 0 0.498694
 0 0.55918
 0 0.543186
 0 0.562812
 0 0.52796
 0 0.514572
 0 0.53722
 0 0.522196
 0 0.54618
 0 0.539556
 0 0.534642
 0 0.550984
 0 0.570872
 0 0.544712
 0 0.557228
 0 0.53653
 0 0.506014
 0 0.56783
 0 0.534898
 0 0.53905
 0 0.513046
 0 0.555652
 0 0.546264
 0 0.522404
 0 0.537378
 0 0.550092
 0 0.53595
 0 0.55575
 0 0.53218
 0 0.543118
 0 0.545992
 0 0.553276
 0 0.522876
 0 0.541494
 0 0.551934
 0 0.570114
 0 0.54515
 0 0.54858
 0 0.53227
 0 0.566638
 0 0.52944
 0 0.534174
 0 0.542626
 0 0.535874
 0 0.544736
 0 0.549988
 0 0.53619
 0 0.55425
 0 0.539938
 0 0.533992
 0 0.541042
 0 0.552804
 0 0.549558
 0 0.562754
 0 0.548608
 0 0.554406
 0 0.53635
 0 0.53559
 0 0.54828
 0 0.536456
 0 0.547992
 0 0.532894
 0 0.536774
 0 0.538768
 0 0.526192
 0 0.542584
 0 0.538472
 0 0.534874
 0 0.558066
 0 0.527272
 0 0.540998
 0 0.56614
 0 0.5214
 0 0.54064
 0 0.534072
 0 0.534602
 0 0.54402
 0 0.514
 0 0.535862
 0 0.528236
 0 0.525116
 0 0.526098
 0 0.527872
 0 0.536382
 0 0.536454
 0 0.524036
 0 0.55046
 0 0.5409
 0 0.510904
 0 0.532078
 0 0.523116
 0 0.527376
 0 0.539552
 0 0.517456
 0 0.536456
 0 0.547262
 0 0.530662
 0 0.536598
 0 0.54679
 0 0.519148
 0 0.536058
 0 0.547
 0 0.5429
 0 0.551488
 0 0.53863
 0 0.561738
 0 0.549008
 0 0.568716
