535 1 0 0 1
 0 0.211339
 0 0.211915
 0 0.221427
 0 0.21962
 0 0.213038
 0 0.216833
 0 0.220756
 0 0.222506
 0 0.216185
 0 0.211691
 0 0.214379
 0 0.227219
 0 0.223421
 0 0.223504
 0 0.218265
 0 0.217802
 0 0.22555
 0 0.219351
 0 0.218744
 0 0.223522
 0 0.212173
 0 0.216943
 0 0.212382
 0 0.211496
 0 0.224829
 0 0.211102
 0 0.215555
 0 0.224277
 0 0.224404
 0 0.217265
 0 0.224053
 0 0.219735
 0 0.222275
 0 0.212265
 0 0.22131
 0 0.221924
 0 0.222828
 0 0.217699
 0 0.217453
 0 0.221908
 0 0.218222
 0 0.216186
 0 0.21914
 0 0.219381
 0 0.211489
 0 0.215371
 0 0.219941
 0 0.218495
 0 0.220951
 0 0.222794
 0 0.224458
 0 0.220504
 0 0.219201
 0 0.220755
 0 0.213555
 0 0.21662
 0 0.219992
 0 0.219739
 0 0.2289
 0 0.206946
 0 0.216088
 0 0.213925
 0 0.224585
 0 0.217728
 0 0.21574
 0 0.216812
 0 0.217281
 0 0.217084
 0 0.210908
 0 0.219209
 0 0.223764
 0 0.220564
 0 0.220053
 0 0.21871
 0 0.215868
 0 0.220546
 0 0.21792
 0 0.223845
 0 0.216611
 0 0.220844
 0 0.221813
 0 0.22402
 0 0.223768
 0 0.221469
 0 0.217667
 0 0.216513
 0 0.20926
 0 0.221798
 0 0.222316
 0 0.225022
 0 0.217494
 0 0.214286
 0 0.216776
 0 0.22056
 0 0.215059
 0 0.211018
 0 0.219853
 0 0.223077
 0 0.221351
 0 0.220157
 0 0.218515
 0 0.220933
 0 0.210943
 0 0.216151
 0 0.224756
 0 0.223729
 0 0.217883
 0 0.222813
 0 0.214201
 0 0.214506
 0 0.220366
 0 0.222316
 0 0.220034
 0 0.22146
 0 0.221329
 0 0.210878
 0 0.217145
 0 0.214941
 0 0.219966
 0 0.22348
 0 0.22747
 0 0.225677
 0 0.22047
 0 0.221716
 0 0.220475
 0 0.223292
 0 0.214235
 0 0.219556
 0 0.225878
 0 0.218906
 0 0.220179
 0 0.214563
 0 0.213457
 0 0.216533
 0 0.212881
 0 0.220346
 0 0.228069
 0 0.212425
 0 0.22408
 0 0.216491
 0 0.21243
 0 0.216553
 0 0.218641
 0 0.219267
 0 0.219704
 0 0.211914
 0 0.226053
 0 0.224498
 0 0.217297
 0 0.216557
 0 0.218883
 0 0.212875
 0 0.219825
 0 0.216284
 0 0.218547
 0 0.224381
 0 0.226847
 0 0.219562
 0 0.223073
 0 0.21669
 0 0.215648
 0 0.21875
 0 0.21904
 0 0.218304
 0 0.219233
 0 0.211667
 0 0.214879
 0 0.210044
 0 0.219296
 0 0.216338
 0 0.221361
 0 0.222098
 0 0.224133
 0 0.207857
 0 0.21957
 0 0.218107
 0 0.21833
 0 0.213629
 0 0.218087
 0 0.218263
 0 0.214738
 0 0.223422
 0 0.22135
 0 0.21787
 0 0.222342
 0 0.215387
 0 0.21906
 0 0.223071
 0 0.218607
 0 0.224349
 0 0.223484
 0 0.217328
 0 0.213174
 0 0.22571
 0 0.218605
 0 0.221361
 0 0.218588
 0 0.222897
 0 0.219636
 0 0.217077
 0 0.222191
 0 0.219577
 0 0.213976
 0 0.225509
 0 0.212649
 0 0.220912
 0 0.214677
 0 0.217224
 0 0.222056
 0 0.222229
 0 0.218507
 0 0.219262
 0 0.219373
 0 0.220878
 0 0.212339
 0 0.216585
 0 0.21249
 0 0.216771
 0 0.22052
 0 0.214091
 0 0.211395
 0 0.22537
 0 0.219435
 0 0.220235
 0 0.223865
 0 0.220469
 0 0.215534
 0 0.210836
 0 0.206666
 0 0.218845
 0 0.216323
 0 0.216231
 0 0.213862
 0 0.206001
 0 0.208719
 0 0.221085
 0 0.210626
 0 0.215828
 0 0.222048
 0 0.211993
 0 0.216758
 0 0.21595
 0 0.221479
 0 0.210728
 0 0.214424
 0 0.215361
 0 0.214804
 0 0.222538
 0 0.213535
 0 0.221952
 0 0.21702
 0 0.219115
 0 0.214431
 0 0.222456
 0 0.222391
 0 0.230856
 0 0.213784
 0 0.215621
 0 0.223625
 0 0.21522
 0 0.213908
 0 0.21258
 0 0.220154
 0 0.223033
 0 0.220605
 0 0.213956
 0 0.210467
 0 0.224154
 0 0.218731
 0 0.216635
 0 0.217263
 0 0.21384
 0 0.222529
 0 0.217281
 0 0.220864
 0 0.221674
 0 0.219122
 0 0.213318
 0 0.216334
 0 0.216937
 0 0.221303
 0 0.215674
 0 0.219181
 0 0.217327
 0 0.213365
 0 0.220247
 0 0.222944
 0 0.217124
 0 0.21442
 0 0.210293
 0 0.217038
 0 0.217376
 0 0.222886
 0 0.215112
 0 0.226231
 0 0.220857
 0 0.212408
 0 0.213749
 0 0.22047
 0 0.220243
 0 0.221353
 0 0.222402
 0 0.230732
 0 0.223978
 0 0.218026
 0 0.224848
 0 0.213305
 0 0.220089
 0 0.218341
 0 0.219955
 0 0.21709
 0 0.223695
 0 0.212666
 0 0.219317
 0 0.222552
 0 0.216807
 0 0.209333
 0 0.214343
 0 0.216356
 0 0.214947
 0 0.210354
 0 0.219834
 0 0.218537
 0 0.21315
 0 0.21366
 0 0.222743
 0 0.215884
 0 0.217542
 0 0.219895
 0 0.218198
 0 0.222997
 0 0.228789
 0 0.217315
 0 0.224234
 0 0.21662
 0 0.217838
 0 0.221352
 0 0.217836
 0 0.216054
 0 0.218055
 0 0.211928
 0 0.216253
 0 0.20928
 0 0.213201
 0 0.21936
 0 0.216837
 0 0.215026
 0 0.212287
 0 0.214622
 0 0.213707
 0 0.219468
 0 0.224072
 0 0.219893
 0 0.219609
 0 0.218604
 0 0.216585
 0 0.215937
 0 0.216159
 0 0.218842
 0 0.214795
 0 0.214842
 0 0.216016
 0 0.219282
 0 0.218269
 0 0.217349
 0 0.217349
 0 0.22565
 0 0.21759
 0 0.216969
 0 0.222217
 0 0.209914
 0 0.220452
 0 0.214346
 0 0.209961
 0 0.212075
 0 0.214161
 0 0.221935
 0 0.214643
 0 0.22583
 0 0.22496
 0 0.221625
 0 0.221909
 0 0.213447
 0 0.216337
 0 0.2166
 0 0.210543
 0 0.211609
 0 0.217154
 0 0.219377
 0 0.222553
 0 0.221985
 0 0.216365
 0 0.217967
 0 0.226412
 0 0.216834
 0 0.215711
 0 0.220463
 0 0.22099
 0 0.21914
 0 0.226664
 0 0.221775
 0 0.22088
 0 0.217068
 0 0.22083
 0 0.224356
 0 0.222968
 0 0.2222
 0 0.225354
 0 0.223763
 0 0.224729
 0 0.219391
 0 0.219889
 0 0.217695
 0 0.222526
 0 0.226565
 0 0.217615
 0 0.225487
 0 0.216457
 0 0.219266
 0 0.21776
 0 0.216367
 0 0.217442
 0 0.213596
 0 0.216849
 0 0.224602
 0 0.218735
 0 0.225765
 0 0.212848
 0 0.220898
 0 0.219276
 0 0.215586
 0 0.215774
 0 0.211904
 0 0.223201
 0 0.216101
 0 0.224273
 0 0.218394
 0 0.222404
 0 0.219932
 0 0.218383
 0 0.220958
 0 0.22276
 0 0.215551
 0 0.216218
 0 0.220215
 0 0.214632
 0 0.223572
 0 0.218122
 0 0.21951
 0 0.214083
 0 0.218715
 0 0.219578
 0 0.220942
 0 0.214393
 0 0.226185
 0 0.217997
 0 0.223845
 0 0.217174
 0 0.215649
 0 0.218786
 0 0.212497
 0 0.223524
 0 0.220314
 0 0.21994
 0 0.214315
 0 0.213204
 0 0.221892
 0 0.218966
 0 0.221699
 0 0.219958
 0 0.219779
 0 0.222001
 0 0.229266
 0 0.213395
 0 0.223542
 0 0.21574
 0 0.223531
 0 0.222316
 0 0.226539
 0 0.225059
 0 0.221721
 0 0.221258
 0 0.218706
 0 0.219937
 0 0.219182
 0 0.211829
 0 0.217862
 0 0.21246
 0 0.209841
 0 0.217783
 0 0.218226
 0 0.219795
 0 0.21885
 0 0.212597
 0 0.213516
 0 0.219893
 0 0.225286
 0 0.223156
 0 0.217441
 0 0.217554
 0 0.218236
 0 0.214827
 0 0.219653
 0 0.226545
 0 0.226173
 0 0.221501
 0 0.225403
 0 0.21861
 0 0.217447
 0 0.214857
 0 0.221926
 0 0.225117
 0 0.219711
 0 0.217975
 0 0.216008
 0 0.222867
 0 0.222484
 0 0.218991
 0 0.221301
 0 0.213823
 0 0.218953
 0 0.220426
 0 0.217283
 0 0.216891
 0 0.225685
 0 0.222026
 0 0.219494
 0 0.219297
 0 0.221292
 0 0.220177
 0 0.219709
 0 0.219428
 0 0.223793
 0 0.228552
 0 0.218153
