535 1 0 0 1
 0 0.265904
 0 0.272837
 0 0.259695
 0 0.268103
 0 0.258357
 0 0.262725
 0 0.271964
 0 0.269427
 0 0.272413
 0 0.262936
 0 0.27244
 0 0.273979
 0 0.272309
 0 0.274996
 0 0.270842
 0 0.269229
 0 0.270067
 0 0.262082
 0 0.266525
 0 0.270528
 0 0.26327
 0 0.266767
 0 0.253837
 0 0.259044
 0 0.282008
 0 0.263796
 0 0.274246
 0 0.273016
 0 0.264705
 0 0.276637
 0 0.264932
 0 0.273244
 0 0.278631
 0 0.269189
 0 0.274938
 0 0.269745
 0 0.279986
 0 0.259153
 0 0.273747
 0 0.276253
 0 0.269175
 0 0.253225
 0 0.267893
 0 0.267565
 0 0.268642
 0 0.260812
 0 0.271085
 0 0.270011
 0 0.276575
 0 0.275876
 0 0.283654
 0 0.269963
 0 0.269404
 0 0.282944
 0 0.269755
 0 0.275547
 0 0.264038
 0 0.266552
 0 0.261599
 0 0.263795
 0 0.257959
 0 0.2664
 0 0.277299
 0 0.26608
 0 0.268435
 0 0.258443
 0 0.272871
 0 0.270964
 0 0.269788
 0 0.261187
 0 0.275853
 0 0.267966
 0 0.26797
 0 0.281809
 0 0.277378
 0 0.263146
 0 0.263048
 0 0.27196
 0 0.272616
 0 0.268647
 0 0.266903
 0 0.26918
 0 0.269009
 0 0.287252
 0 0.269958
 0 0.267956
 0 0.270182
 0 0.261822
 0 0.265413
 0 0.262987
 0 0.270978
 0 0.265729
 0 0.26129
 0 0.257926
 0 0.263472
 0 0.25981
 0 0.276653
 0 0.280758
 0 0.272513
 0 0.268863
 0 0.273081
 0 0.285376
 0 0.264375
 0 0.282316
 0 0.267424
 0 0.278819
 0 0.273429
 0 0.267982
 0 0.267432
 0 0.265866
 0 0.274515
 0 0.275525
 0 0.281043
 0 0.267169
 0 0.255406
 0 0.259266
 0 0.267441
 0 0.279632
 0 0.278385
 0 0.269383
 0 0.276459
 0 0.272971
 0 0.264659
 0 0.264902
 0 0.277204
 0 0.270935
 0 0.275466
 0 0.283871
 0 0.271754
 0 0.27197
 0 0.276404
 0 0.277111
 0 0.281393
 0 0.278695
 0 0.272149
 0 0.265119
 0 0.266616
 0 0.274422
 0 0.279868
 0 0.262469
 0 0.268896
 0 0.257597
 0 0.268962
 0 0.272248
 0 0.255031
 0 0.26976
 0 0.276935
 0 0.271785
 0 0.279331
 0 0.276071
 0 0.268266
 0 0.252534
 0 0.276501
 0 0.266347
 0 0.266364
 0 0.273824
 0 0.28571
 0 0.264167
 0 0.274112
 0 0.267941
 0 0.270307
 0 0.268447
 0 0.27195
 0 0.265637
 0 0.272991
 0 0.268401
 0 0.266345
 0 0.254898
 0 0.276625
 0 0.259466
 0 0.284076
 0 0.272451
 0 0.263252
 0 0.27183
 0 0.275288
 0 0.266298
 0 0.271084
 0 0.264766
 0 0.267802
 0 0.28023
 0 0.268797
 0 0.278303
 0 0.270739
 0 0.271051
 0 0.271211
 0 0.263468
 0 0.273791
 0 0.269399
 0 0.272416
 0 0.276644
 0 0.272207
 0 0.271
 0 0.271886
 0 0.282056
 0 0.265252
 0 0.280728
 0 0.270298
 0 0.27748
 0 0.281875
 0 0.274746
 0 0.275791
 0 0.294126
 0 0.259041
 0 0.275218
 0 0.275542
 0 0.262367
 0 0.277784
 0 0.278887
 0 0.256123
 0 0.268876
 0 0.269806
 0 0.270559
 0 0.281165
 0 0.277067
 0 0.259536
 0 0.272476
 0 0.258946
 0 0.265023
 0 0.280068
 0 0.273788
 0 0.267472
 0 0.274474
 0 0.272185
 0 0.271183
 0 0.265653
 0 0.25768
 0 0.258977
 0 0.245422
 0 0.25572
 0 0.268659
 0 0.274637
 0 0.272227
 0 0.273925
 0 0.250753
 0 0.257934
 0 0.260389
 0 0.264279
 0 0.268252
 0 0.277054
 0 0.269853
 0 0.261464
 0 0.268513
 0 0.269267
 0 0.262942
 0 0.260218
 0 0.275051
 0 0.26289
 0 0.278144
 0 0.277831
 0 0.274266
 0 0.255547
 0 0.269362
 0 0.278692
 0 0.280244
 0 0.270845
 0 0.269773
 0 0.284519
 0 0.27282
 0 0.270056
 0 0.284937
 0 0.274262
 0 0.270825
 0 0.27381
 0 0.267991
 0 0.268674
 0 0.261135
 0 0.260227
 0 0.2829
 0 0.274204
 0 0.275525
 0 0.271389
 0 0.260582
 0 0.269508
 0 0.274709
 0 0.270975
 0 0.270673
 0 0.279825
 0 0.2729
 0 0.272814
 0 0.267873
 0 0.277286
 0 0.274263
 0 0.280377
 0 0.275176
 0 0.275112
 0 0.284683
 0 0.255678
 0 0.271302
 0 0.273302
 0 0.262666
 0 0.274508
 0 0.27172
 0 0.263754
 0 0.274588
 0 0.28097
 0 0.269811
 0 0.272
 0 0.275358
 0 0.269315
 0 0.286054
 0 0.267379
 0 0.285462
 0 0.271239
 0 0.264517
 0 0.266534
 0 0.273573
 0 0.26081
 0 0.263688
 0 0.27336
 0 0.270092
 0 0.266964
 0 0.269174
 0 0.265927
 0 0.26568
 0 0.266688
 0 0.265567
 0 0.256645
 0 0.269686
 0 0.26822
 0 0.250861
 0 0.261236
 0 0.269204
 0 0.272912
 0 0.257543
 0 0.274195
 0 0.267096
 0 0.260442
 0 0.270329
 0 0.268423
 0 0.259944
 0 0.280144
 0 0.290333
 0 0.277359
 0 0.265871
 0 0.263638
 0 0.263753
 0 0.259959
 0 0.273164
 0 0.276522
 0 0.269039
 0 0.255837
 0 0.269593
 0 0.248977
 0 0.274399
 0 0.278115
 0 0.260338
 0 0.280483
 0 0.261297
 0 0.263884
 0 0.269439
 0 0.269266
 0 0.27856
 0 0.271299
 0 0.26327
 0 0.264174
 0 0.265413
 0 0.270966
 0 0.268244
 0 0.259092
 0 0.266121
 0 0.25877
 0 0.274422
 0 0.264756
 0 0.282461
 0 0.267691
 0 0.269193
 0 0.273522
 0 0.283643
 0 0.271093
 0 0.265977
 0 0.271106
 0 0.277083
 0 0.263757
 0 0.258306
 0 0.26709
 0 0.257821
 0 0.273534
 0 0.26704
 0 0.265294
 0 0.274999
 0 0.265236
 0 0.275794
 0 0.268886
 0 0.262809
 0 0.266406
 0 0.250066
 0 0.277717
 0 0.263643
 0 0.275889
 0 0.274714
 0 0.284213
 0 0.258463
 0 0.267073
 0 0.280029
 0 0.269887
 0 0.266648
 0 0.266825
 0 0.278409
 0 0.277242
 0 0.290143
 0 0.281342
 0 0.2696
 0 0.281022
 0 0.277334
 0 0.285446
 0 0.264357
 0 0.277745
 0 0.294094
 0 0.269817
 0 0.282755
 0 0.27293
 0 0.260286
 0 0.263177
 0 0.281005
 0 0.272858
 0 0.261808
 0 0.283306
 0 0.287102
 0 0.281497
 0 0.273951
 0 0.281661
 0 0.261282
 0 0.267944
 0 0.27317
 0 0.288307
 0 0.269516
 0 0.278566
 0 0.249347
 0 0.27959
 0 0.271593
 0 0.281406
 0 0.26398
 0 0.257286
 0 0.26861
 0 0.261098
 0 0.27309
 0 0.269778
 0 0.267321
 0 0.275492
 0 0.285436
 0 0.272356
 0 0.278614
 0 0.268265
 0 0.253007
 0 0.283915
 0 0.267449
 0 0.269525
 0 0.256523
 0 0.277826
 0 0.273132
 0 0.261202
 0 0.268689
 0 0.275046
 0 0.267975
 0 0.277875
 0 0.26609
 0 0.271559
 0 0.272996
 0 0.276638
 0 0.261438
 0 0.270747
 0 0.275967
 0 0.285057
 0 0.272575
 0 0.27429
 0 0.266135
 0 0.283319
 0 0.26472
 0 0.267087
 0 0.271313
 0 0.267937
 0 0.272368
 0 0.274994
 0 0.268095
 0 0.277125
 0 0.269969
 0 0.266996
 0 0.270521
 0 0.276402
 0 0.274779
 0 0.281377
 0 0.274304
 0 0.277203
 0 0.268175
 0 0.267795
 0 0.27414
 0 0.268228
 0 0.273996
 0 0.266447
 0 0.268387
 0 0.269384
 0 0.263096
 0 0.271292
 0 0.269236
 0 0.267437
 0 0.279033
 0 0.263636
 0 0.270499
 0 0.28307
 0 0.2607
 0 0.27032
 0 0.267036
 0 0.267301
 0 0.27201
 0 0.257
 0 0.267931
 0 0.264118
 0 0.262558
 0 0.263049
 0 0.263936
 0 0.268191
 0 0.268227
 0 0.262018
 0 0.27523
 0 0.27045
 0 0.255452
 0 0.266039
 0 0.261558
 0 0.263688
 0 0.269776
 0 0.258728
 0 0.268228
 0 0.273631
 0 0.265331
 0 0.268299
 0 0.273395
 0 0.259574
 0 0.268029
 0 0.2735
 0 0.27145
 0 0.275744
 0 0.269315
 0 0.280869
 0 0.274504
 0 0.284358
