535 1 0 0 1
 0 0.361522
 0 0.367908
 0 0.371066
 0 0.37262
 0 0.367972
 0 0.372026
 0 0.374064
 0 0.38658
 0 0.366608
 0 0.364838
 0 0.3737
 0 0.376686
 0 0.375716
 0 0.37701
 0 0.366588
 0 0.36675
 0 0.371178
 0 0.368566
 0 0.374372
 0 0.37467
 0 0.374708
 0 0.3647
 0 0.363566
 0 0.358072
 0 0.377556
 0 0.373954
 0 0.376208
 0 0.381342
 0 0.373742
 0 0.375178
 0 0.376712
 0 0.3765
 0 0.371276
 0 0.370684
 0 0.377548
 0 0.379282
 0 0.382604
 0 0.36918
 0 0.377724
 0 0.373492
 0 0.372976
 0 0.367886
 0 0.375614
 0 0.370882
 0 0.371074
 0 0.37342
 0 0.378494
 0 0.374506
 0 0.381458
 0 0.381132
 0 0.385458
 0 0.379448
 0 0.374614
 0 0.3773
 0 0.370722
 0 0.373626
 0 0.37283
 0 0.373634
 0 0.383054
 0 0.36323
 0 0.368412
 0 0.367112
 0 0.380052
 0 0.374196
 0 0.36565
 0 0.365848
 0 0.366248
 0 0.377792
 0 0.364222
 0 0.380386
 0 0.373834
 0 0.377382
 0 0.377406
 0 0.377566
 0 0.371184
 0 0.371746
 0 0.369088
 0 0.375878
 0 0.372464
 0 0.369524
 0 0.377306
 0 0.371102
 0 0.374358
 0 0.371858
 0 0.36963
 0 0.36985
 0 0.371206
 0 0.38346
 0 0.372542
 0 0.37867
 0 0.382586
 0 0.372882
 0 0.378076
 0 0.372434
 0 0.3732
 0 0.370524
 0 0.37341
 0 0.3803
 0 0.378472
 0 0.369772
 0 0.371876
 0 0.378468
 0 0.36732
 0 0.370278
 0 0.382846
 0 0.377382
 0 0.373698
 0 0.37185
 0 0.373912
 0 0.36484
 0 0.377594
 0 0.374066
 0 0.373436
 0 0.37853
 0 0.373596
 0 0.367844
 0 0.364586
 0 0.36744
 0 0.37612
 0 0.383712
 0 0.384304
 0 0.37766
 0 0.375968
 0 0.374886
 0 0.369272
 0 0.379054
 0 0.369558
 0 0.375968
 0 0.375972
 0 0.376528
 0 0.378092
 0 0.37349
 0 0.370208
 0 0.373262
 0 0.373218
 0 0.372138
 0 0.381264
 0 0.372066
 0 0.381308
 0 0.369186
 0 0.363724
 0 0.370686
 0 0.377418
 0 0.375152
 0 0.374092
 0 0.37491
 0 0.37942
 0 0.385306
 0 0.378916
 0 0.372896
 0 0.36751
 0 0.370802
 0 0.369296
 0 0.366148
 0 0.369944
 0 0.377778
 0 0.384438
 0 0.378834
 0 0.376884
 0 0.3775
 0 0.375048
 0 0.37226
 0 0.378716
 0 0.375536
 0 0.381144
 0 0.369318
 0 0.362542
 0 0.367292
 0 0.37578
 0 0.369818
 0 0.374988
 0 0.376338
 0 0.366664
 0 0.364714
 0 0.37146
 0 0.368098
 0 0.383182
 0 0.368642
 0 0.374112
 0 0.370398
 0 0.367278
 0 0.3855
 0 0.380212
 0 0.375802
 0 0.37759
 0 0.382502
 0 0.372854
 0 0.377938
 0 0.376334
 0 0.384288
 0 0.379296
 0 0.37714
 0 0.370994
 0 0.38088
 0 0.375272
 0 0.373866
 0 0.375996
 0 0.380786
 0 0.372596
 0 0.37715
 0 0.37524
 0 0.381976
 0 0.36907
 0 0.388354
 0 0.371122
 0 0.381322
 0 0.376132
 0 0.375198
 0 0.375374
 0 0.367774
 0 0.36888
 0 0.372302
 0 0.368998
 0 0.377376
 0 0.369198
 0 0.372594
 0 0.365398
 0 0.374714
 0 0.37205
 0 0.371794
 0 0.358256
 0 0.378668
 0 0.376392
 0 0.377884
 0 0.380402
 0 0.370196
 0 0.359678
 0 0.35375
 0 0.366778
 0 0.375034
 0 0.373392
 0 0.374872
 0 0.37513
 0 0.362782
 0 0.358758
 0 0.377682
 0 0.361958
 0 0.373834
 0 0.379664
 0 0.36925
 0 0.37152
 0 0.369286
 0 0.37405
 0 0.361662
 0 0.369164
 0 0.365926
 0 0.368528
 0 0.377118
 0 0.360946
 0 0.375824
 0 0.360702
 0 0.377934
 0 0.372906
 0 0.380476
 0 0.38211
 0 0.377488
 0 0.377492
 0 0.371754
 0 0.37378
 0 0.376898
 0 0.375802
 0 0.372086
 0 0.37165
 0 0.372244
 0 0.371618
 0 0.363838
 0 0.36457
 0 0.383772
 0 0.38025
 0 0.375828
 0 0.367792
 0 0.371664
 0 0.377786
 0 0.368934
 0 0.378326
 0 0.369818
 0 0.368238
 0 0.365956
 0 0.373974
 0 0.37868
 0 0.37871
 0 0.371612
 0 0.373458
 0 0.372652
 0 0.372436
 0 0.380316
 0 0.372326
 0 0.369402
 0 0.37178
 0 0.353908
 0 0.372842
 0 0.3704
 0 0.375124
 0 0.371614
 0 0.380626
 0 0.379502
 0 0.367642
 0 0.372824
 0 0.370588
 0 0.378552
 0 0.371312
 0 0.377854
 0 0.38377
 0 0.376748
 0 0.37152
 0 0.38022
 0 0.372458
 0 0.374476
 0 0.378114
 0 0.372326
 0 0.372352
 0 0.376628
 0 0.365952
 0 0.372816
 0 0.377258
 0 0.366776
 0 0.359
 0 0.366506
 0 0.36668
 0 0.372058
 0 0.363344
 0 0.371984
 0 0.376562
 0 0.369914
 0 0.366486
 0 0.375304
 0 0.375598
 0 0.374228
 0 0.365548
 0 0.363178
 0 0.383928
 0 0.389138
 0 0.371732
 0 0.384092
 0 0.374192
 0 0.3744
 0 0.37786
 0 0.372684
 0 0.376698
 0 0.374758
 0 0.357568
 0 0.363798
 0 0.36492
 0 0.363422
 0 0.372262
 0 0.365156
 0 0.373642
 0 0.358912
 0 0.36665
 0 0.368218
 0 0.376746
 0 0.38187
 0 0.37726
 0 0.375614
 0 0.372778
 0 0.370092
 0 0.373956
 0 0.37611
 0 0.377878
 0 0.369442
 0 0.368884
 0 0.369586
 0 0.375112
 0 0.380524
 0 0.369592
 0 0.371928
 0 0.384188
 0 0.37805
 0 0.372086
 0 0.373554
 0 0.364412
 0 0.375374
 0 0.36602
 0 0.364858
 0 0.3672
 0 0.36375
 0 0.370304
 0 0.370252
 0 0.375242
 0 0.377932
 0 0.380226
 0 0.37552
 0 0.368714
 0 0.365762
 0 0.363442
 0 0.367936
 0 0.373856
 0 0.373456
 0 0.37683
 0 0.378586
 0 0.377524
 0 0.370146
 0 0.371498
 0 0.386018
 0 0.37613
 0 0.368794
 0 0.372024
 0 0.379194
 0 0.376188
 0 0.390746
 0 0.383088
 0 0.383292
 0 0.375794
 0 0.38702
 0 0.389202
 0 0.378538
 0 0.379638
 0 0.381206
 0 0.381472
 0 0.384046
 0 0.37942
 0 0.377278
 0 0.365348
 0 0.36602
 0 0.371362
 0 0.37501
 0 0.380788
 0 0.37515
 0 0.365084
 0 0.365486
 0 0.37313
 0 0.368352
 0 0.36461
 0 0.369826
 0 0.389524
 0 0.378506
 0 0.379558
 0 0.372134
 0 0.38023
 0 0.376288
 0 0.366348
 0 0.369894
 0 0.364944
 0 0.368306
 0 0.3673
 0 0.371536
 0 0.364016
 0 0.371096
 0 0.375328
 0 0.379328
 0 0.376738
 0 0.37497
 0 0.368842
 0 0.370462
 0 0.374172
 0 0.379436
 0 0.376662
 0 0.365236
 0 0.3733
 0 0.365768
 0 0.371518
 0 0.379502
 0 0.376488
 0 0.370646
 0 0.380654
 0 0.376632
 0 0.381574
 0 0.376404
 0 0.371678
 0 0.370418
 0 0.370152
 0 0.377962
 0 0.378826
 0 0.365882
 0 0.369046
 0 0.366556
 0 0.379692
 0 0.371652
 0 0.377838
 0 0.371506
 0 0.381266
 0 0.374092
 0 0.38092
 0 0.373066
 0 0.374012
 0 0.378986
 0 0.374542
 0 0.3866
 0 0.384358
 0 0.377382
 0 0.380774
 0 0.386064
 0 0.374576
 0 0.380846
 0 0.38293
 0 0.371982
 0 0.374684
 0 0.366214
 0 0.36048
 0 0.37202
 0 0.378108
 0 0.376532
 0 0.376078
 0 0.370884
 0 0.36625
 0 0.377276
 0 0.380882
 0 0.376496
 0 0.369102
 0 0.37287
 0 0.36911
 0 0.373554
 0 0.371514
 0 0.376568
 0 0.37323
 0 0.374338
 0 0.370422
 0 0.373418
 0 0.363024
 0 0.367248
 0 0.372262
 0 0.377248
 0 0.374304
 0 0.378958
 0 0.372092
 0 0.380206
 0 0.37873
 0 0.37032
 0 0.370404
 0 0.3681
 0 0.37566
 0 0.375486
 0 0.373212
 0 0.376762
 0 0.378466
 0 0.37259
 0 0.379684
 0 0.367802
 0 0.38184
 0 0.381224
 0 0.380998
 0 0.378554
 0 0.389474
 0 0.385072
 0 0.375122
