535 1 0 0 1
 0 0.18124
 0 0.184175
 0 0.185709
 0 0.186708
 0 0.183757
 0 0.185554
 0 0.187599
 0 0.193808
 0 0.183221
 0 0.182734
 0 0.186483
 0 0.188501
 0 0.188622
 0 0.189169
 0 0.183532
 0 0.183491
 0 0.184563
 0 0.184231
 0 0.186617
 0 0.187482
 0 0.187348
 0 0.182085
 0 0.181915
 0 0.179174
 0 0.189268
 0 0.186953
 0 0.188461
 0 0.190019
 0 0.186361
 0 0.187454
 0 0.188326
 0 0.187823
 0 0.185288
 0 0.185418
 0 0.188914
 0 0.189303
 0 0.19178
 0 0.18465
 0 0.188925
 0 0.186858
 0 0.186091
 0 0.184298
 0 0.187301
 0 0.18531
 0 0.185109
 0 0.186617
 0 0.18942
 0 0.187128
 0 0.191134
 0 0.190865
 0 0.19221
 0 0.189721
 0 0.187311
 0 0.188924
 0 0.185464
 0 0.187078
 0 0.185939
 0 0.18741
 0 0.191428
 0 0.181894
 0 0.184587
 0 0.183658
 0 0.18998
 0 0.186882
 0 0.18299
 0 0.182871
 0 0.183514
 0 0.188811
 0 0.182206
 0 0.189963
 0 0.186597
 0 0.188778
 0 0.189032
 0 0.188633
 0 0.185931
 0 0.1857
 0 0.183983
 0 0.187667
 0 0.185965
 0 0.184977
 0 0.188759
 0 0.18561
 0 0.186731
 0 0.18635
 0 0.185061
 0 0.185193
 0 0.184859
 0 0.191648
 0 0.186118
 0 0.188963
 0 0.191272
 0 0.186446
 0 0.188589
 0 0.185792
 0 0.186824
 0 0.185509
 0 0.186388
 0 0.190702
 0 0.189595
 0 0.185483
 0 0.185789
 0 0.189153
 0 0.183221
 0 0.18464
 0 0.191096
 0 0.189107
 0 0.186779
 0 0.186572
 0 0.186695
 0 0.183443
 0 0.18884
 0 0.187037
 0 0.187078
 0 0.189276
 0 0.186786
 0 0.183986
 0 0.182863
 0 0.184187
 0 0.188355
 0 0.191198
 0 0.19183
 0 0.18926
 0 0.187987
 0 0.187042
 0 0.184588
 0 0.189223
 0 0.185098
 0 0.188
 0 0.189118
 0 0.187859
 0 0.18887
 0 0.186693
 0 0.186137
 0 0.187011
 0 0.186871
 0 0.186141
 0 0.190267
 0 0.185577
 0 0.190827
 0 0.184517
 0 0.181726
 0 0.185582
 0 0.188925
 0 0.187372
 0 0.18746
 0 0.187476
 0 0.190661
 0 0.192831
 0 0.189023
 0 0.186741
 0 0.183522
 0 0.185344
 0 0.184835
 0 0.184278
 0 0.185052
 0 0.189035
 0 0.192634
 0 0.189338
 0 0.188553
 0 0.188548
 0 0.186948
 0 0.185401
 0 0.189621
 0 0.187851
 0 0.190697
 0 0.184091
 0 0.181227
 0 0.183305
 0 0.187517
 0 0.184152
 0 0.187303
 0 0.188231
 0 0.183247
 0 0.182393
 0 0.185715
 0 0.18363
 0 0.191261
 0 0.184414
 0 0.186979
 0 0.185023
 0 0.183
 0 0.192754
 0 0.190296
 0 0.187739
 0 0.188947
 0 0.191412
 0 0.186464
 0 0.188982
 0 0.187953
 0 0.192406
 0 0.190022
 0 0.188983
 0 0.185592
 0 0.190475
 0 0.187445
 0 0.187424
 0 0.188037
 0 0.189719
 0 0.18625
 0 0.18852
 0 0.187109
 0 0.190702
 0 0.184533
 0 0.194222
 0 0.185033
 0 0.19032
 0 0.187947
 0 0.187531
 0 0.187626
 0 0.183892
 0 0.184391
 0 0.185718
 0 0.184783
 0 0.188586
 0 0.184405
 0 0.186176
 0 0.182914
 0 0.187543
 0 0.185725
 0 0.185857
 0 0.179321
 0 0.189024
 0 0.188106
 0 0.188446
 0 0.190621
 0 0.185125
 0 0.179675
 0 0.176553
 0 0.183124
 0 0.1872
 0 0.187035
 0 0.187425
 0 0.187775
 0 0.181514
 0 0.179401
 0 0.188735
 0 0.180569
 0 0.187186
 0 0.189862
 0 0.184178
 0 0.185649
 0 0.185438
 0 0.186177
 0 0.180354
 0 0.184435
 0 0.183307
 0 0.184519
 0 0.188804
 0 0.180749
 0 0.187953
 0 0.180719
 0 0.189195
 0 0.187149
 0 0.190431
 0 0.19078
 0 0.188435
 0 0.189007
 0 0.185932
 0 0.187426
 0 0.188335
 0 0.188286
 0 0.18541
 0 0.185732
 0 0.18579
 0 0.185629
 0 0.18176
 0 0.182764
 0 0.192039
 0 0.19016
 0 0.187436
 0 0.183516
 0 0.186056
 0 0.188497
 0 0.184315
 0 0.188658
 0 0.184692
 0 0.184907
 0 0.182997
 0 0.186842
 0 0.188844
 0 0.189643
 0 0.186459
 0 0.186389
 0 0.186144
 0 0.186346
 0 0.190395
 0 0.186266
 0 0.185602
 0 0.185624
 0 0.177586
 0 0.185892
 0 0.185306
 0 0.187414
 0 0.185174
 0 0.190702
 0 0.189613
 0 0.183712
 0 0.186571
 0 0.185413
 0 0.18935
 0 0.18561
 0 0.188939
 0 0.19159
 0 0.18861
 0 0.185575
 0 0.190162
 0 0.186177
 0 0.18698
 0 0.189299
 0 0.185905
 0 0.186294
 0 0.188301
 0 0.183343
 0 0.186755
 0 0.188691
 0 0.183375
 0 0.179934
 0 0.183224
 0 0.182604
 0 0.186163
 0 0.182089
 0 0.185324
 0 0.18829
 0 0.184813
 0 0.183273
 0 0.187641
 0 0.187811
 0 0.187079
 0 0.181395
 0 0.181557
 0 0.191878
 0 0.194641
 0 0.185816
 0 0.1917
 0 0.187198
 0 0.187491
 0 0.189139
 0 0.186682
 0 0.188514
 0 0.187202
 0 0.179176
 0 0.181736
 0 0.182167
 0 0.181689
 0 0.186547
 0 0.182766
 0 0.187108
 0 0.179387
 0 0.182365
 0 0.184324
 0 0.188056
 0 0.191011
 0 0.188388
 0 0.187597
 0 0.186614
 0 0.184998
 0 0.186764
 0 0.187746
 0 0.18842
 0 0.185137
 0 0.184589
 0 0.185114
 0 0.187271
 0 0.189867
 0 0.185005
 0 0.185934
 0 0.191758
 0 0.189285
 0 0.186551
 0 0.187178
 0 0.182413
 0 0.187113
 0 0.183453
 0 0.182836
 0 0.183407
 0 0.181387
 0 0.185508
 0 0.184918
 0 0.187748
 0 0.189201
 0 0.189909
 0 0.188104
 0 0.18384
 0 0.18347
 0 0.182539
 0 0.184041
 0 0.186164
 0 0.187282
 0 0.188341
 0 0.190045
 0 0.188904
 0 0.184583
 0 0.185386
 0 0.193187
 0 0.188122
 0 0.184265
 0 0.18624
 0 0.189782
 0 0.188235
 0 0.195631
 0 0.19171
 0 0.191635
 0 0.188055
 0 0.193686
 0 0.193752
 0 0.188993
 0 0.189852
 0 0.190748
 0 0.190929
 0 0.191771
 0 0.189557
 0 0.18877
 0 0.182576
 0 0.183347
 0 0.1857
 0 0.187144
 0 0.190723
 0 0.187772
 0 0.183046
 0 0.182643
 0 0.186062
 0 0.184059
 0 0.182024
 0 0.185191
 0 0.194808
 0 0.189491
 0 0.18967
 0 0.186072
 0 0.189943
 0 0.188241
 0 0.183475
 0 0.184758
 0 0.181995
 0 0.1845
 0 0.184035
 0 0.185716
 0 0.181604
 0 0.185475
 0 0.187486
 0 0.189738
 0 0.188224
 0 0.187923
 0 0.184179
 0 0.185532
 0 0.18726
 0 0.189424
 0 0.188154
 0 0.182887
 0 0.186324
 0 0.183506
 0 0.185416
 0 0.190245
 0 0.18806
 0 0.185738
 0 0.190637
 0 0.188431
 0 0.19142
 0 0.188529
 0 0.18605
 0 0.185134
 0 0.184974
 0 0.189991
 0 0.190042
 0 0.182806
 0 0.184414
 0 0.182989
 0 0.189906
 0 0.18525
 0 0.189146
 0 0.186327
 0 0.190385
 0 0.186522
 0 0.191272
 0 0.186897
 0 0.187774
 0 0.189317
 0 0.187368
 0 0.193054
 0 0.192489
 0 0.188839
 0 0.190262
 0 0.192987
 0 0.187662
 0 0.190577
 0 0.191457
 0 0.186118
 0 0.187382
 0 0.183135
 0 0.179892
 0 0.185534
 0 0.189132
 0 0.188009
 0 0.18776
 0 0.185646
 0 0.183406
 0 0.18898
 0 0.190829
 0 0.188138
 0 0.183714
 0 0.187066
 0 0.185061
 0 0.186753
 0 0.185734
 0 0.187977
 0 0.186947
 0 0.187433
 0 0.185385
 0 0.187025
 0 0.182135
 0 0.183931
 0 0.186663
 0 0.18899
 0 0.187225
 0 0.189837
 0 0.185237
 0 0.189534
 0 0.188749
 0 0.185225
 0 0.185807
 0 0.183514
 0 0.187603
 0 0.188069
 0 0.186435
 0 0.187868
 0 0.189786
 0 0.186732
 0 0.19023
 0 0.184912
 0 0.190562
 0 0.190051
 0 0.190489
 0 0.189294
 0 0.194327
 0 0.192689
 0 0.18705
