535 1 0 0 1
 0 0.794994
 0 1.02329
 0 1.02555
 0 0.754554
 0 1.25024
 0 1.12922
 0 1.18831
 0 0.76518
 0 1.3853
 0 0.948956
 0 0.613164
 0 1.03618
 0 0.845748
 0 1.53823
 0 1.61487
 0 1.00745
 0 0.597774
 0 0.356026
 0 1.28086
 0 0.638334
 0 1.35719
 0 1.20114
 0 1.14647
 0 1.06476
 0 0.576056
 0 1.26972
 0 0.767326
 0 0.36855
 0 1.25218
 0 0.422022
 0 1.497
 0 0.756404
 0 1.30362
 0 1.1891
 0 1.16601
 0 0.879602
 0 1.48382
 0 1.2044
 0 1.08
 0 1.05584
 0 0.79045
 0 0.0280662
 0 0.842536
 0 0.95056
 0 1.09166
 0 0.866348
 0 0.52445
 0 0.22761
 0 1.53314
 0 1.08961
 0 1.34177
 0 0.587456
 0 0.659816
 0 1.40075
 0 0.645934
 0 1.0672
 0 1.00877
 0 1.07061
 0 1.19066
 0 0.75673
 0 0.74315
 0 1.33053
 0 0.76153
 0 1.07561
 0 0.8497
 0 0.72815
 0 0.874412
 0 1.48734
 0 0.932118
 0 1.44342
 0 0.958994
 0 1.16674
 0 1.37878
 0 0.863718
 0 0.84533
 0 1.61765
 0 0.299858
 0 0.73664
 0 0.741458
 0 1.73348
 0 0.80499
 0 1.33266
 0 0.944864
 0 1.57625
 0 1.67469
 0 0.998968
 0 1.31356
 0 0.815932
 0 0.942782
 0 0.672626
 0 0.662928
 0 0.693884
 0 0.685578
 0 0.460214
 0 0.656126
 0 1.67135
 0 1.28267
 0 0.907934
 0 1.22961
 0 1.04136
 0 0.326446
 0 0.454278
 0 0.764086
 0 1.65917
 0 1.07005
 0 0.790104
 0 0.233762
 0 0.859358
 0 0.945356
 0 0.690394
 0 0.570458
 0 1.03123
 0 0.587356
 0 0.724484
 0 0.216032
 0 0.725744
 0 0.963438
 0 0.92724
 0 1.1962
 0 1.22483
 0 0.83586
 0 1.37051
 0 1.24176
 0 1.00382
 0 1.10727
 0 1.06884
 0 0.752894
 0 0.42102
 0 0.440658
 0 0.980616
 0 0.932394
 0 1.52394
 0 1.7307
 0 1.02804
 0 0.65354
 0 0.904576
 0 0.743982
 0 0.97796
 0 1.00087
 0 0.588314
 0 0.269752
 0 1.14472
 0 1.17682
 0 0.849776
 0 0.918944
 0 0.796504
 0 0.383896
 0 0.737204
 0 0.980724
 0 0.950324
 0 1.21755
 0 0.618602
 0 0.23721
 0 0.861464
 0 0.725552
 0 0.954006
 0 1.24358
 0 0.99507
 0 0.87472
 0 1.02599
 0 1.4849
 0 0.72714
 0 1.05216
 0 0.56005
 0 1.04882
 0 1.26837
 0 0.810404
 0 1.11792
 0 1.50892
 0 0.847208
 0 0.856026
 0 1.35806
 0 0.927948
 0 1.41061
 0 0.620206
 0 0.0389414
 0 1.12382
 0 0.433222
 0 0.874744
 0 0.685634
 0 0.459392
 0 0.661902
 0 0.802168
 0 1.47308
 0 0.95708
 0 0.824354
 0 1.05081
 0 1.14556
 0 1.23017
 0 0.475144
 0 0.81665
 0 0.860558
 0 0.800506
 0 0.987164
 0 1.22135
 0 1.38182
 0 0.714238
 0 0.926264
 0 1.10545
 0 1.15872
 0 1.53699
 0 0.335804
 0 0.861416
 0 0.759382
 0 1.29854
 0 1.05751
 0 1.20303
 0 1.07579
 0 1.17058
 0 1.18903
 0 1.00313
 0 0.851758
 0 0.988492
 0 1.42378
 0 0.664544
 0 0.944382
 0 0.74546
 0 0.71877
 0 1.32565
 0 1.49213
 0 1.03479
 0 1.58842
 0 0.716774
 0 1.31291
 0 0.49355
 0 0.947456
 0 1.50357
 0 1.00316
 0 0.625846
 0 0.850382
 0 0.90004
 0 0.853164
 0 0.348056
 0 1.11873
 0 1.04379
 0 1.10695
 0 0.92229
 0 0.5128
 0 0.995146
 0 1.29865
 0 0.968098
 0 0.722264
 0 0.512818
 0 0.686438
 0 0.690166
 0 0.666408
 0 1.57195
 0 1.25529
 0 1.2345
 0 0.92177
 0 1.2694
 0 0.856906
 0 1.27517
 0 0.891434
 0 1.55814
 0 0.877842
 0 1.11097
 0 0.950416
 0 1.04179
 0 0.969396
 0 1.04684
 0 0.805684
 0 0.814816
 0 1.28676
 0 0.893538
 0 1.04751
 0 1.17975
 0 0.765388
 0 1.15733
 0 0.627162
 0 0.750856
 0 1.08417
 0 0.98787
 0 1.17576
 0 1.75215
 0 0.717776
 0 1.02351
 0 0.830584
 0 1.40625
 0 1.38102
 0 1.56416
 0 1.25648
 0 1.11412
 0 0.855018
 0 1.20872
 0 0.979296
 0 0.892456
 0 0.82246
 0 0.442802
 0 0.505476
 0 0.773382
 0 1.36595
 0 0.840392
 0 1.02909
 0 0.840376
 0 1.05912
 0 1.44659
 0 1.20471
 0 0.981872
 0 0.747576
 0 0.821648
 0 0.892574
 0 0.933782
 0 0.842836
 0 1.08949
 0 0.698026
 0 1.15554
 0 0.872772
 0 1.28534
 0 0.404292
 0 1.35843
 0 1.35283
 0 0.464454
 0 0.877586
 0 0.58474
 0 1.23589
 0 0.991708
 0 0.91615
 0 0.540358
 0 1.28724
 0 1.58489
 0 1.06244
 0 1.18801
 0 0.83231
 0 0.765322
 0 0.586294
 0 0.550876
 0 0.504006
 0 0.491038
 0 1.47185
 0 1.13453
 0 1.23872
 0 1.05645
 0 1.8567
 0 1.63968
 0 1.1777
 0 0.0697904
 0 0.944044
 0 1.41187
 0 0.712636
 0 0.360078
 0 1.15421
 0 1.10287
 0 1.38402
 0 1.15647
 0 0.771644
 0 0.797898
 0 0.941774
 0 1.11158
 0 0.995418
 0 0.945824
 0 1.31731
 0 1.25512
 0 1.4251
 0 1.01217
 0 0.729182
 0 0.867884
 0 1.53501
 0 1.02355
 0 0.664384
 0 0.509652
 0 0.596084
 0 0.747258
 0 0.886766
 0 0.898756
 0 1.01242
 0 0.479674
 0 1.07824
 0 0.573332
 0 0.636976
 0 0.88562
 0 1.02447
 0 0.782604
 0 1.56984
 0 0.676204
 0 1.49563
 0 0.95461
 0 0.938752
 0 0.268064
 0 0.892706
 0 1.10774
 0 0.88168
 0 0.906406
 0 1.23477
 0 0.560552
 0 0.500394
 0 1.40519
 0 0.74642
 0 1.16565
 0 0.573784
 0 0.758294
 0 0.951114
 0 0.592952
 0 1.18939
 0 1.34949
 0 1.12963
 0 0.95202
 0 1.07693
 0 1.19469
 0 0.845776
 0 1.26744
 0 1.32018
 0 0.836506
 0 1.37273
 0 0.646994
 0 0.79401
 0 1.07196
 0 1.17386
 0 1.37712
 0 1.06789
 0 0.646842
 0 0.320504
 0 1.32504
 0 1.39912
 0 1.61193
 0 1.715
 0 1.03461
 0 1.07874
 0 0.99806
 0 0.85098
 0 1.41724
 0 1.71736
 0 0.191403
 0 1.80764
 0 0.889746
 0 0.833436
 0 0.734128
 0 1.16963
 0 0.73526
 0 0.9365
 0 0.736532
 0 1.10382
 0 1.5926
 0 1.01596
 0 1.12859
 0 0.99811
 0 0.864346
 0 1.29676
 0 1.11785
 0 1.06465
 0 1.08603
 0 1.6019
 0 1.11901
 0 1.49744
 0 0.76188
 0 1.31199
 0 1.15366
 0 0.18358
 0 0.858632
 0 1.38168
 0 0.63632
 0 1.46053
 0 0.989148
 0 1.24793
 0 0.96678
 0 0.823078
 0 0.545464
 0 1.52384
 0 1.2795
 0 1.45083
 0 1.20047
 0 1.49374
 0 1.0789
 0 0.891912
 0 1.04708
 0 1.42972
 0 0.786884
 0 1.28623
 0 0.940054
 0 1.24803
 0 1.66127
 0 1.1876
 0 0.479556
 0 0.904354
 0 1.08162
 0 1.10967
 0 0.328856
 0 1.37796
 0 1.28524
 0 0.479194
 0 1.35944
 0 1.02229
 0 0.705946
 0 0.730014
 0 0.888732
 0 0.562192
 0 1.18134
 0 1.31451
 0 1.71095
 0 0.979948
 0 1.38369
 0 1.16515
 0 0.533188
 0 0.897096
 0 0.819622
 0 1.32088
 0 1.29009
 0 0.841652
 0 0.824652
 0 0.489104
 0 0.381184
 0 1.45255
 0 0.648354
 0 1.25636
 0 1.49388
 0 1.20222
 0 0.69217
 0 0.966038
 0 1.21658
 0 1.23556
 0 1.18948
 0 1.32675
 0 0.638338
 0 0.264298
 0 1.14608
 0 0.563392
 0 1.276
 0 0.987832
 0 1.22229
 0 0.761768
 0 0.728488
 0 1.16829
 0 1.25439
 0 1.08577
 0 0.516678
 0 0.42125
 0 0.996724
 0 1.22636
 0 0.963408
 0 0.60369
 0 1.14065
 0 0.529008
 0 1.41794
 0 1.75962
 0 1.04762
