535 1 0 0 1
 0 1.31128
 0 0.750314
 0 0.997268
 0 0.880122
 0 0.562812
 0 1.01241
 0 0.961416
 0 0.69681
 0 0.508044
 0 0.530154
 0 1.01473
 0 0.944762
 0 0.702378
 0 0.696396
 0 0.88976
 0 1.0952
 0 1.01812
 0 1.05097
 0 1.02333
 0 1.16084
 0 0.77097
 0 0.812676
 0 1.16901
 0 0.63014
 0 0.832448
 0 1.20808
 0 1.28015
 0 0.985144
 0 0.963046
 0 0.987562
 0 1.19412
 0 1.21411
 0 0.957484
 0 0.80353
 0 1.20672
 0 0.94814
 0 0.882418
 0 1.0696
 0 1.07628
 0 1.15629
 0 0.762168
 0 0.703796
 0 0.725694
 0 0.869162
 0 0.795584
 0 0.814828
 0 0.710526
 0 1.04905
 0 1.32823
 0 0.831808
 0 1.29345
 0 0.953228
 0 0.893336
 0 1.18409
 0 0.987936
 0 0.964324
 0 0.98591
 0 0.753222
 0 0.729346
 0 1.04411
 0 0.77263
 0 0.874684
 0 0.502042
 0 0.792958
 0 0.752128
 0 0.747126
 0 0.57424
 0 0.847636
 0 1.20714
 0 0.652384
 0 0.703776
 0 1.02671
 0 0.812856
 0 1.24666
 0 0.401682
 0 1.10158
 0 1.09718
 0 0.89758
 0 0.798728
 0 0.463032
 0 0.870688
 0 0.597522
 0 0.921282
 0 0.661582
 0 1.01
 0 0.7125
 0 1.21681
 0 1.17292
 0 1.05853
 0 1.1701
 0 1.041
 0 0.931736
 0 0.555118
 0 0.87523
 0 0.56701
 0 1.08158
 0 0.902676
 0 0.845968
 0 0.993528
 0 0.931898
 0 0.685304
 0 0.713702
 0 0.879612
 0 1.25582
 0 1.053
 0 1.09671
 0 0.780362
 0 0.863634
 0 1.10578
 0 0.998584
 0 0.81976
 0 0.885744
 0 0.874814
 0 1.0099
 0 0.646348
 0 1.26523
 0 0.76215
 0 1.01415
 0 0.567404
 0 0.65673
 0 1.11194
 0 1.29367
 0 0.955962
 0 1.11288
 0 0.94932
 0 1.16159
 0 0.776826
 0 1.26554
 0 0.892952
 0 0.725648
 0 0.814948
 0 0.803086
 0 0.826598
 0 1.0163
 0 0.793698
 0 0.881648
 0 0.652208
 0 0.855838
 0 0.831282
 0 0.919224
 0 0.71316
 0 1.14923
 0 0.867096
 0 1.11527
 0 0.791124
 0 1.09253
 0 1.39055
 0 1.06769
 0 1.06568
 0 1.07676
 0 1.00294
 0 0.980192
 0 1.21297
 0 0.72337
 0 0.848812
 0 0.750574
 0 1.01672
 0 0.785514
 0 0.355754
 0 1.28086
 0 1.23433
 0 1.03288
 0 0.948178
 0 0.896454
 0 1.02145
 0 0.674732
 0 1.11976
 0 0.778566
 0 1.08927
 0 0.785784
 0 0.696594
 0 1.0412
 0 1.00427
 0 1.18057
 0 1.04537
 0 1.22992
 0 1.26242
 0 1.0501
 0 1.00004
 0 0.664182
 0 0.889592
 0 0.991938
 0 1.05909
 0 1.41298
 0 1.0256
 0 0.855086
 0 0.736288
 0 1.05607
 0 0.842328
 0 0.792566
 0 0.869996
 0 1.08107
 0 1.23891
 0 0.591738
 0 1.14406
 0 1.28776
 0 0.861686
 0 0.880278
 0 0.683308
 0 1.35341
 0 1.17797
 0 1.18424
 0 1.54909
 0 0.750468
 0 0.723194
 0 0.811372
 0 1.16395
 0 1.02345
 0 1.19537
 0 1.01317
 0 0.848664
 0 0.781382
 0 0.761468
 0 1.18457
 0 0.847842
 0 1.43966
 0 1.16278
 0 0.720462
 0 1.21048
 0 1.23144
 0 0.857984
 0 1.00745
 0 0.92427
 0 1.05606
 0 0.876262
 0 0.590808
 0 0.65927
 0 1.05256
 0 0.612504
 0 0.88502
 0 1.26743
 0 1.0887
 0 0.887348
 0 0.878272
 0 0.485504
 0 0.923376
 0 0.808136
 0 0.942618
 0 0.802178
 0 0.909174
 0 0.843302
 0 0.773466
 0 1.09843
 0 0.709796
 0 1.08689
 0 0.632142
 0 1.01817
 0 0.690006
 0 0.555322
 0 1.15566
 0 1.10075
 0 0.985572
 0 1.13014
 0 1.02077
 0 0.986618
 0 1.23197
 0 1.22235
 0 1.19855
 0 1.21002
 0 0.755046
 0 1.13111
 0 0.918532
 0 1.24714
 0 0.756014
 0 0.645248
 0 0.966006
 0 0.638098
 0 1.15822
 0 0.68308
 0 1.19827
 0 1.14766
 0 1.09871
 0 1.1
 0 0.973328
 0 1.06003
 0 0.708658
 0 0.888458
 0 0.81126
 0 0.927728
 0 0.941356
 0 1.0077
 0 0.922924
 0 0.936316
 0 1.09871
 0 1.00779
 0 0.796792
 0 0.95019
 0 0.832594
 0 1.08047
 0 0.880262
 0 1.02098
 0 0.9891
 0 0.874486
 0 0.777604
 0 1.04706
 0 0.730144
 0 0.943276
 0 0.740228
 0 0.825584
 0 1.00814
 0 0.525028
 0 0.943478
 0 0.853138
 0 0.968714
 0 0.777826
 0 0.795772
 0 0.993322
 0 1.25736
 0 0.963274
 0 1.06243
 0 0.69816
 0 1.33681
 0 0.848872
 0 0.856422
 0 1.09936
 0 0.871356
 0 1.04323
 0 1.09897
 0 1.10524
 0 1.08742
 0 1.15913
 0 1.21046
 0 1.05531
 0 1.22744
 0 1.09566
 0 1.11643
 0 1.03722
 0 0.89372
 0 1.12108
 0 0.942446
 0 0.779674
 0 0.757434
 0 1.01943
 0 1.01261
 0 1.0708
 0 1.16937
 0 0.414736
 0 0.896822
 0 1.25875
 0 0.87982
 0 0.9443
 0 1.13857
 0 0.767514
 0 0.719824
 0 0.927132
 0 0.66605
 0 0.827176
 0 1.09172
 0 1.08412
 0 0.908852
 0 1.12691
 0 0.906782
 0 1.02885
 0 0.656022
 0 1.02313
 0 0.492472
 0 0.958512
 0 0.982344
 0 0.487166
 0 0.762984
 0 0.915354
 0 1.10399
 0 0.747866
 0 0.993436
 0 0.942888
 0 1.22139
 0 0.825914
 0 0.456936
 0 0.551868
 0 1.29313
 0 0.723216
 0 1.16958
 0 1.0541
 0 1.07319
 0 1.11563
 0 1.00554
 0 0.904004
 0 1.25096
 0 0.999164
 0 1.09776
 0 1.03588
 0 0.919198
 0 0.696714
 0 0.813026
 0 0.816696
 0 0.755076
 0 1.02178
 0 0.832178
 0 0.782316
 0 1.01927
 0 1.00237
 0 1.25855
 0 0.744438
 0 1.16809
 0 1.16792
 0 0.842484
 0 0.798598
 0 0.605258
 0 1.20959
 0 1.25398
 0 0.760032
 0 1.30089
 0 0.95289
 0 0.741728
 0 0.964046
 0 1.09955
 0 1.10037
 0 1.06735
 0 0.927982
 0 0.629258
 0 0.755776
 0 0.679038
 0 1.71828
 0 1.56345
 0 0.835088
 0 1.2411
 0 0.897144
 0 0.938178
 0 0.669656
 0 1.0225
 0 0.948084
 0 0.666558
 0 0.956756
 0 1.02973
 0 1.03567
 0 0.983396
 0 1.11301
 0 1.26176
 0 1.05688
 0 1.24697
 0 0.981178
 0 0.911788
 0 1.17313
 0 0.585214
 0 1.27567
 0 1.13895
 0 1.24119
 0 0.742324
 0 0.831278
 0 1.00293
 0 0.986816
 0 0.989654
 0 1.37905
 0 1.12353
 0 0.797134
 0 1.01604
 0 0.985782
 0 1.10995
 0 0.758042
 0 1.27069
 0 1.1853
 0 1.1025
 0 1.19674
 0 1.04327
 0 0.88448
 0 1.08892
 0 0.746802
 0 0.922412
 0 1.03909
 0 1.26384
 0 0.761324
 0 0.889562
 0 1.16132
 0 0.91678
 0 0.852192
 0 0.573076
 0 0.833742
 0 1.0352
 0 1.24217
 0 0.783572
 0 1.12464
 0 1.27448
 0 0.90287
 0 0.84783
 0 0.184412
 0 1.09011
 0 1.13736
 0 1.2578
 0 0.771238
 0 1.05411
 0 1.22667
 0 1.01291
 0 1.11777
 0 0.805188
 0 0.910906
 0 0.764198
 0 0.987554
 0 1.08313
 0 1.33347
 0 1.25109
 0 1.19537
 0 0.93231
 0 0.92069
 0 1.1223
 0 0.995678
 0 0.944366
 0 1.09369
 0 0.752962
 0 1.13722
 0 0.44148
 0 0.87476
 0 0.964058
 0 1.16676
 0 0.702574
 0 0.85171
 0 0.993796
 0 0.604138
 0 1.22171
 0 1.23349
 0 0.95791
 0 1.02029
 0 1.19969
 0 0.99411
 0 0.421712
 0 1.16852
 0 1.03601
 0 0.792796
 0 1.23929
 0 1.06048
 0 1.03954
 0 0.673596
 0 0.813968
 0 0.823116
 0 1.29324
 0 0.862474
 0 0.647418
 0 1.24979
 0 0.759672
 0 1.05085
 0 0.938398
 0 1.16799
 0 0.61174
 0 0.997532
 0 0.778162
 0 0.952968
