535 1 0 0 1
 0 0.397497
 0 0.511645
 0 0.512775
 0 0.377277
 0 0.625122
 0 0.564612
 0 0.594153
 0 0.38259
 0 0.692649
 0 0.474478
 0 0.306582
 0 0.518088
 0 0.422874
 0 0.769115
 0 0.807434
 0 0.503727
 0 0.298887
 0 0.178013
 0 0.64043
 0 0.319167
 0 0.678594
 0 0.600572
 0 0.573233
 0 0.53238
 0 0.288028
 0 0.634859
 0 0.383663
 0 0.184275
 0 0.626088
 0 0.211011
 0 0.748499
 0 0.378202
 0 0.65181
 0 0.594549
 0 0.583005
 0 0.439801
 0 0.741911
 0 0.602201
 0 0.540002
 0 0.527918
 0 0.395225
 0 0.0140331
 0 0.421268
 0 0.47528
 0 0.54583
 0 0.433174
 0 0.262225
 0 0.113805
 0 0.766571
 0 0.544805
 0 0.670883
 0 0.293728
 0 0.329908
 0 0.700374
 0 0.322967
 0 0.533598
 0 0.504387
 0 0.535304
 0 0.595328
 0 0.378365
 0 0.371575
 0 0.665266
 0 0.380765
 0 0.537804
 0 0.42485
 0 0.364075
 0 0.437206
 0 0.74367
 0 0.466059
 0 0.721712
 0 0.479497
 0 0.583368
 0 0.68939
 0 0.431859
 0 0.422665
 0 0.808825
 0 0.149929
 0 0.36832
 0 0.370729
 0 0.866738
 0 0.402495
 0 0.666328
 0 0.472432
 0 0.788123
 0 0.837346
 0 0.499484
 0 0.65678
 0 0.407966
 0 0.471391
 0 0.336313
 0 0.331464
 0 0.346942
 0 0.342789
 0 0.230107
 0 0.328063
 0 0.835673
 0 0.641336
 0 0.453967
 0 0.614807
 0 0.52068
 0 0.163223
 0 0.227139
 0 0.382043
 0 0.829584
 0 0.535024
 0 0.395052
 0 0.116881
 0 0.429679
 0 0.472678
 0 0.345197
 0 0.285229
 0 0.515613
 0 0.293678
 0 0.362242
 0 0.108016
 0 0.362872
 0 0.481719
 0 0.46362
 0 0.598101
 0 0.612413
 0 0.41793
 0 0.685255
 0 0.620882
 0 0.501909
 0 0.553633
 0 0.53442
 0 0.376447
 0 0.21051
 0 0.220329
 0 0.490308
 0 0.466197
 0 0.76197
 0 0.865349
 0 0.514022
 0 0.32677
 0 0.452288
 0 0.371991
 0 0.48898
 0 0.500433
 0 0.294157
 0 0.134876
 0 0.572362
 0 0.588409
 0 0.424888
 0 0.459472
 0 0.398252
 0 0.191948
 0 0.368602
 0 0.490362
 0 0.475162
 0 0.608775
 0 0.309301
 0 0.118605
 0 0.430732
 0 0.362776
 0 0.477003
 0 0.621792
 0 0.497535
 0 0.43736
 0 0.512996
 0 0.742449
 0 0.36357
 0 0.52608
 0 0.280025
 0 0.524408
 0 0.634185
 0 0.405202
 0 0.558962
 0 0.754461
 0 0.423604
 0 0.428013
 0 0.67903
 0 0.463974
 0 0.705306
 0 0.310103
 0 0.0194707
 0 0.561912
 0 0.216611
 0 0.437372
 0 0.342817
 0 0.229696
 0 0.330951
 0 0.401084
 0 0.736538
 0 0.47854
 0 0.412177
 0 0.525405
 0 0.572782
 0 0.615085
 0 0.237572
 0 0.408325
 0 0.430279
 0 0.400253
 0 0.493582
 0 0.610673
 0 0.690912
 0 0.357119
 0 0.463132
 0 0.552724
 0 0.579361
 0 0.768495
 0 0.167902
 0 0.430708
 0 0.379691
 0 0.649269
 0 0.528757
 0 0.601516
 0 0.537895
 0 0.58529
 0 0.594516
 0 0.501564
 0 0.425879
 0 0.494246
 0 0.711888
 0 0.332272
 0 0.472191
 0 0.37273
 0 0.359385
 0 0.662823
 0 0.746063
 0 0.517393
 0 0.794209
 0 0.358387
 0 0.656454
 0 0.246775
 0 0.473728
 0 0.751784
 0 0.501579
 0 0.312923
 0 0.425191
 0 0.45002
 0 0.426582
 0 0.174028
 0 0.559367
 0 0.521894
 0 0.553474
 0 0.461145
 0 0.2564
 0 0.497573
 0 0.649323
 0 0.484049
 0 0.361132
 0 0.256409
 0 0.343219
 0 0.345083
 0 0.333204
 0 0.785975
 0 0.627645
 0 0.61725
 0 0.460885
 0 0.6347
 0 0.428453
 0 0.637583
 0 0.445717
 0 0.779072
 0 0.438921
 0 0.555485
 0 0.475208
 0 0.520895
 0 0.484698
 0 0.52342
 0 0.402842
 0 0.407408
 0 0.643378
 0 0.446769
 0 0.523756
 0 0.589876
 0 0.382694
 0 0.578664
 0 0.313581
 0 0.375428
 0 0.542085
 0 0.493935
 0 0.587882
 0 0.876075
 0 0.358888
 0 0.511756
 0 0.415292
 0 0.703123
 0 0.690512
 0 0.782081
 0 0.628242
 0 0.557058
 0 0.427509
 0 0.604362
 0 0.489648
 0 0.446228
 0 0.41123
 0 0.221401
 0 0.252738
 0 0.386691
 0 0.682976
 0 0.420196
 0 0.514543
 0 0.420188
 0 0.529561
 0 0.723296
 0 0.602353
 0 0.490936
 0 0.373788
 0 0.410824
 0 0.446287
 0 0.466891
 0 0.421418
 0 0.544745
 0 0.349013
 0 0.577769
 0 0.436386
 0 0.64267
 0 0.202146
 0 0.679217
 0 0.676415
 0 0.232227
 0 0.438793
 0 0.29237
 0 0.617946
 0 0.495854
 0 0.458075
 0 0.270179
 0 0.643621
 0 0.792447
 0 0.531219
 0 0.594003
 0 0.416155
 0 0.382661
 0 0.293147
 0 0.275438
 0 0.252003
 0 0.245519
 0 0.735925
 0 0.567263
 0 0.61936
 0 0.528226
 0 0.92835
 0 0.819838
 0 0.588848
 0 0.0348952
 0 0.472022
 0 0.705935
 0 0.356318
 0 0.180039
 0 0.577104
 0 0.551436
 0 0.692012
 0 0.578236
 0 0.385822
 0 0.398949
 0 0.470887
 0 0.555788
 0 0.497709
 0 0.472912
 0 0.658654
 0 0.627561
 0 0.712548
 0 0.506083
 0 0.364591
 0 0.433942
 0 0.767503
 0 0.511774
 0 0.332192
 0 0.254826
 0 0.298042
 0 0.373629
 0 0.443383
 0 0.449378
 0 0.506208
 0 0.239837
 0 0.53912
 0 0.286666
 0 0.318488
 0 0.44281
 0 0.512235
 0 0.391302
 0 0.784918
 0 0.338102
 0 0.747817
 0 0.477305
 0 0.469376
 0 0.134032
 0 0.446353
 0 0.553872
 0 0.44084
 0 0.453203
 0 0.617386
 0 0.280276
 0 0.250197
 0 0.702594
 0 0.37321
 0 0.582827
 0 0.286892
 0 0.379147
 0 0.475557
 0 0.296476
 0 0.594696
 0 0.674746
 0 0.564817
 0 0.47601
 0 0.538464
 0 0.597345
 0 0.422888
 0 0.633718
 0 0.660088
 0 0.418253
 0 0.686365
 0 0.323497
 0 0.397005
 0 0.535981
 0 0.586931
 0 0.688559
 0 0.533945
 0 0.323421
 0 0.160252
 0 0.662519
 0 0.699562
 0 0.805966
 0 0.857498
 0 0.517304
 0 0.539369
 0 0.49903
 0 0.42549
 0 0.708618
 0 0.858681
 0 0.0957016
 0 0.903821
 0 0.444873
 0 0.416718
 0 0.367064
 0 0.584815
 0 0.36763
 0 0.46825
 0 0.368266
 0 0.551912
 0 0.796301
 0 0.507978
 0 0.564294
 0 0.499055
 0 0.432173
 0 0.648381
 0 0.558925
 0 0.532327
 0 0.543017
 0 0.800948
 0 0.559506
 0 0.748719
 0 0.38094
 0 0.655996
 0 0.576829
 0 0.09179
 0 0.429316
 0 0.690839
 0 0.31816
 0 0.730267
 0 0.494574
 0 0.623965
 0 0.48339
 0 0.411539
 0 0.272732
 0 0.761922
 0 0.639751
 0 0.725413
 0 0.600237
 0 0.746871
 0 0.53945
 0 0.445956
 0 0.523542
 0 0.714859
 0 0.393442
 0 0.643114
 0 0.470027
 0 0.624015
 0 0.830635
 0 0.593802
 0 0.239778
 0 0.452177
 0 0.540812
 0 0.554836
 0 0.164428
 0 0.68898
 0 0.642622
 0 0.239597
 0 0.679719
 0 0.511145
 0 0.352973
 0 0.365007
 0 0.444366
 0 0.281096
 0 0.59067
 0 0.657256
 0 0.855473
 0 0.489974
 0 0.691847
 0 0.582576
 0 0.266594
 0 0.448548
 0 0.409811
 0 0.660438
 0 0.645044
 0 0.420826
 0 0.412326
 0 0.244552
 0 0.190592
 0 0.726275
 0 0.324177
 0 0.628179
 0 0.74694
 0 0.601112
 0 0.346085
 0 0.483019
 0 0.608289
 0 0.617778
 0 0.594739
 0 0.663376
 0 0.319169
 0 0.132149
 0 0.57304
 0 0.281696
 0 0.637999
 0 0.493916
 0 0.611144
 0 0.380884
 0 0.364244
 0 0.584144
 0 0.627195
 0 0.542884
 0 0.258339
 0 0.210625
 0 0.498362
 0 0.613181
 0 0.481704
 0 0.301845
 0 0.570327
 0 0.264504
 0 0.708969
 0 0.879811
 0 0.523808
