535 1 0 0 1
 0 0.655642
 0 0.375157
 0 0.498634
 0 0.440061
 0 0.281406
 0 0.506203
 0 0.480708
 0 0.348405
 0 0.254022
 0 0.265077
 0 0.507363
 0 0.472381
 0 0.351189
 0 0.348198
 0 0.44488
 0 0.547598
 0 0.509062
 0 0.525483
 0 0.511663
 0 0.58042
 0 0.385485
 0 0.406338
 0 0.584504
 0 0.31507
 0 0.416224
 0 0.604038
 0 0.640075
 0 0.492572
 0 0.481523
 0 0.493781
 0 0.59706
 0 0.607054
 0 0.478742
 0 0.401765
 0 0.603361
 0 0.47407
 0 0.441209
 0 0.534802
 0 0.538142
 0 0.578147
 0 0.381084
 0 0.351898
 0 0.362847
 0 0.434581
 0 0.397792
 0 0.407414
 0 0.355263
 0 0.524524
 0 0.664113
 0 0.415904
 0 0.646724
 0 0.476614
 0 0.446668
 0 0.592045
 0 0.493968
 0 0.482162
 0 0.492955
 0 0.376611
 0 0.364673
 0 0.522054
 0 0.386315
 0 0.437342
 0 0.251021
 0 0.396479
 0 0.376064
 0 0.373563
 0 0.28712
 0 0.423818
 0 0.603568
 0 0.326192
 0 0.351888
 0 0.513357
 0 0.406428
 0 0.623329
 0 0.200841
 0 0.55079
 0 0.548592
 0 0.44879
 0 0.399364
 0 0.231516
 0 0.435344
 0 0.298761
 0 0.460641
 0 0.330791
 0 0.505001
 0 0.35625
 0 0.608403
 0 0.586458
 0 0.529267
 0 0.585051
 0 0.520498
 0 0.465868
 0 0.277559
 0 0.437615
 0 0.283505
 0 0.540788
 0 0.451338
 0 0.422984
 0 0.496764
 0 0.465949
 0 0.342652
 0 0.356851
 0 0.439806
 0 0.627908
 0 0.526502
 0 0.548356
 0 0.390181
 0 0.431817
 0 0.552891
 0 0.499292
 0 0.40988
 0 0.442872
 0 0.437407
 0 0.504949
 0 0.323174
 0 0.632615
 0 0.381075
 0 0.507074
 0 0.283702
 0 0.328365
 0 0.55597
 0 0.646836
 0 0.477981
 0 0.556438
 0 0.47466
 0 0.580795
 0 0.388413
 0 0.632768
 0 0.446476
 0 0.362824
 0 0.407474
 0 0.401543
 0 0.413299
 0 0.50815
 0 0.396849
 0 0.440824
 0 0.326104
 0 0.427919
 0 0.415641
 0 0.459612
 0 0.35658
 0 0.574617
 0 0.433548
 0 0.557633
 0 0.395562
 0 0.546267
 0 0.695275
 0 0.533846
 0 0.532839
 0 0.538379
 0 0.501472
 0 0.490096
 0 0.606486
 0 0.361685
 0 0.424406
 0 0.375287
 0 0.50836
 0 0.392757
 0 0.177877
 0 0.640432
 0 0.617163
 0 0.516441
 0 0.474089
 0 0.448227
 0 0.510727
 0 0.337366
 0 0.559882
 0 0.389283
 0 0.544636
 0 0.392892
 0 0.348297
 0 0.520598
 0 0.502137
 0 0.590287
 0 0.522683
 0 0.614961
 0 0.631212
 0 0.525049
 0 0.500021
 0 0.332091
 0 0.444796
 0 0.495969
 0 0.529545
 0 0.706489
 0 0.512799
 0 0.427543
 0 0.368144
 0 0.528034
 0 0.421164
 0 0.396283
 0 0.434998
 0 0.540534
 0 0.619456
 0 0.295869
 0 0.572032
 0 0.643879
 0 0.430843
 0 0.440139
 0 0.341654
 0 0.676707
 0 0.588986
 0 0.592121
 0 0.774544
 0 0.375234
 0 0.361597
 0 0.405686
 0 0.581973
 0 0.511726
 0 0.597687
 0 0.506586
 0 0.424332
 0 0.390691
 0 0.380734
 0 0.592284
 0 0.423921
 0 0.71983
 0 0.581389
 0 0.360231
 0 0.60524
 0 0.615719
 0 0.428992
 0 0.503726
 0 0.462135
 0 0.52803
 0 0.438131
 0 0.295404
 0 0.329635
 0 0.526278
 0 0.306252
 0 0.44251
 0 0.633713
 0 0.544349
 0 0.443674
 0 0.439136
 0 0.242752
 0 0.461688
 0 0.404068
 0 0.471309
 0 0.401089
 0 0.454587
 0 0.421651
 0 0.386733
 0 0.549216
 0 0.354898
 0 0.543444
 0 0.316071
 0 0.509087
 0 0.345003
 0 0.277661
 0 0.57783
 0 0.550374
 0 0.492786
 0 0.565068
 0 0.510384
 0 0.493309
 0 0.615986
 0 0.611176
 0 0.599273
 0 0.605011
 0 0.377523
 0 0.565553
 0 0.459266
 0 0.623569
 0 0.378007
 0 0.322624
 0 0.483003
 0 0.319049
 0 0.579112
 0 0.34154
 0 0.599134
 0 0.573832
 0 0.549355
 0 0.550002
 0 0.486664
 0 0.530016
 0 0.354329
 0 0.444229
 0 0.40563
 0 0.463864
 0 0.470678
 0 0.503849
 0 0.461462
 0 0.468158
 0 0.549354
 0 0.503897
 0 0.398396
 0 0.475095
 0 0.416297
 0 0.540233
 0 0.440131
 0 0.51049
 0 0.49455
 0 0.437243
 0 0.388802
 0 0.523529
 0 0.365072
 0 0.471638
 0 0.370114
 0 0.412792
 0 0.50407
 0 0.262514
 0 0.471739
 0 0.426569
 0 0.484357
 0 0.388913
 0 0.397886
 0 0.496661
 0 0.628679
 0 0.481637
 0 0.531217
 0 0.34908
 0 0.668407
 0 0.424436
 0 0.428211
 0 0.549681
 0 0.435678
 0 0.521617
 0 0.549486
 0 0.552622
 0 0.543712
 0 0.579566
 0 0.605232
 0 0.527656
 0 0.613718
 0 0.547832
 0 0.558215
 0 0.51861
 0 0.44686
 0 0.560539
 0 0.471223
 0 0.389837
 0 0.378717
 0 0.509715
 0 0.506306
 0 0.535398
 0 0.584686
 0 0.207368
 0 0.448411
 0 0.629377
 0 0.43991
 0 0.47215
 0 0.569283
 0 0.383757
 0 0.359912
 0 0.463566
 0 0.333025
 0 0.413588
 0 0.54586
 0 0.542059
 0 0.454426
 0 0.563455
 0 0.453391
 0 0.514424
 0 0.328011
 0 0.511566
 0 0.246236
 0 0.479256
 0 0.491172
 0 0.243583
 0 0.381492
 0 0.457677
 0 0.551995
 0 0.373933
 0 0.496718
 0 0.471444
 0 0.610694
 0 0.412957
 0 0.228468
 0 0.275934
 0 0.646565
 0 0.361608
 0 0.584788
 0 0.527048
 0 0.536593
 0 0.557814
 0 0.502772
 0 0.452002
 0 0.625481
 0 0.499582
 0 0.548881
 0 0.517942
 0 0.459599
 0 0.348357
 0 0.406513
 0 0.408348
 0 0.377538
 0 0.510889
 0 0.416089
 0 0.391158
 0 0.509635
 0 0.501184
 0 0.629273
 0 0.372219
 0 0.584047
 0 0.583961
 0 0.421242
 0 0.399299
 0 0.302629
 0 0.604793
 0 0.62699
 0 0.380016
 0 0.650444
 0 0.476445
 0 0.370864
 0 0.482023
 0 0.549777
 0 0.550187
 0 0.533676
 0 0.463991
 0 0.314629
 0 0.377888
 0 0.339519
 0 0.85914
 0 0.781725
 0 0.417544
 0 0.620549
 0 0.448572
 0 0.469089
 0 0.334828
 0 0.511251
 0 0.474042
 0 0.333279
 0 0.478378
 0 0.514864
 0 0.517835
 0 0.491698
 0 0.556507
 0 0.630881
 0 0.528439
 0 0.623484
 0 0.490589
 0 0.455894
 0 0.586567
 0 0.292607
 0 0.637837
 0 0.569475
 0 0.620597
 0 0.371162
 0 0.415639
 0 0.501467
 0 0.493408
 0 0.494827
 0 0.689523
 0 0.561764
 0 0.398567
 0 0.508022
 0 0.492891
 0 0.554976
 0 0.379021
 0 0.635346
 0 0.592648
 0 0.551252
 0 0.59837
 0 0.521636
 0 0.44224
 0 0.544461
 0 0.373401
 0 0.461206
 0 0.519543
 0 0.631918
 0 0.380662
 0 0.444781
 0 0.580662
 0 0.45839
 0 0.426096
 0 0.286538
 0 0.416871
 0 0.517602
 0 0.621086
 0 0.391786
 0 0.56232
 0 0.637242
 0 0.451435
 0 0.423915
 0 0.092206
 0 0.545055
 0 0.568678
 0 0.628899
 0 0.385619
 0 0.527057
 0 0.613333
 0 0.506453
 0 0.558884
 0 0.402594
 0 0.455453
 0 0.382099
 0 0.493777
 0 0.541565
 0 0.666733
 0 0.625545
 0 0.597683
 0 0.466155
 0 0.460345
 0 0.561151
 0 0.497839
 0 0.472183
 0 0.546844
 0 0.376481
 0 0.568611
 0 0.22074
 0 0.43738
 0 0.482029
 0 0.583382
 0 0.351287
 0 0.425855
 0 0.496898
 0 0.302069
 0 0.610854
 0 0.616745
 0 0.478955
 0 0.510144
 0 0.599846
 0 0.497055
 0 0.210856
 0 0.584258
 0 0.518007
 0 0.396398
 0 0.619643
 0 0.530241
 0 0.519769
 0 0.336798
 0 0.406984
 0 0.411558
 0 0.646621
 0 0.431237
 0 0.323709
 0 0.624895
 0 0.379836
 0 0.525426
 0 0.469199
 0 0.583993
 0 0.30587
 0 0.498766
 0 0.389081
 0 0.476484
