535 1 0 0 1
 0 1.28591
 0 0.208146
 0 1.96304
 0 0.77129
 0 1.00948
 0 0.825472
 0 1.56616
 0 1.16001
 0 0.493488
 0 0.36852
 0 0.786334
 0 0.270952
 0 1.28292
 0 2.0741
 0 0.92387
 0 0.760894
 0 1.73539
 0 1.05662
 0 2.06106
 0 0.74763
 0 0.966522
 0 2.2623
 0 1.55481
 0 1.1111
 0 1.23191
 0 0.79286
 0 1.5946
 0 2.02032
 0 1.77584
 0 0.52083
 0 0.92428
 0 2.11762
 0 0.489498
 0 2.37854
 0 0.184911
 0 2.21976
 0 2.8897
 0 0.855204
 0 0.939522
 0 1.30582
 0 2.67746
 0 0.657054
 0 1.10228
 0 1.50376
 0 1.10256
 0 1.51958
 0 0.790726
 0 0.705372
 0 1.23907
 0 0.259054
 0 0.408908
 0 0.26844
 0 0.248354
 0 0.648246
 0 0.996032
 0 0.299928
 0 -0.0436992
 0 1.1071
 0 1.40573
 0 0.696964
 0 0.675758
 0 0.670426
 0 1.4552
 0 1.40263
 0 0.444284
 0 1.48378
 0 0.244814
 0 0.692716
 0 1.07006
 0 0.632104
 0 1.62627
 0 1.83837
 0 0.988966
 0 1.23601
 0 1.65908
 0 1.63131
 0 0.390254
 0 0.815598
 0 1.2353
 0 1.59911
 0 -0.138246
 0 0.244882
 0 0.775142
 0 1.76614
 0 0.608682
 0 2.12306
 0 0.680304
 0 0.510298
 0 1.26305
 0 1.06128
 0 0.898846
 0 1.51374
 0 0.911766
 0 0.950582
 0 0.554724
 0 2.3769
 0 1.93039
 0 0.871896
 0 1.26909
 0 1.83031
 0 0.508504
 0 0.822416
 0 0.0538038
 0 1.96411
 0 0.125079
 0 1.24355
 0 0.619258
 0 1.14055
 0 0.872172
 0 1.84855
 0 0.219542
 0 1.74993
 0 0.763224
 0 0.861042
 0 1.85993
 0 0.208666
 0 -0.570964
 0 -0.101987
 0 1.55084
 0 0.547532
 0 0.72988
 0 1.01416
 0 1.18239
 0 0.632018
 0 1.95962
 0 0.610316
 0 1.26253
 0 0.905466
 0 0.968516
 0 0.809374
 0 1.07935
 0 1.52885
 0 1.69095
 0 1.99114
 0 1.93361
 0 0.490454
 0 1.69475
 0 -0.0911996
 0 1.21976
 0 1.27533
 0 0.264486
 0 1.14748
 0 1.27683
 0 1.53456
 0 -0.348244
 0 0.209994
 0 0.242718
 0 1.60651
 0 0.57391
 0 0.370262
 0 1.85725
 0 1.62373
 0 0.669328
 0 0.148866
 0 1.04999
 0 1.09601
 0 0.580026
 0 1.33261
 0 0.993138
 0 0.33144
 0 0.627628
 0 1.45079
 0 0.469066
 0 1.39439
 0 1.45363
 0 0.56486
 0 -0.121836
 0 1.22394
 0 1.94422
 0 0.82497
 0 0.705248
 0 -0.350586
 0 1.5345
 0 0.430472
 0 1.96495
 0 1.13551
 0 0.200202
 0 0.174479
 0 0.511678
 0 1.19628
 0 1.14647
 0 0.875628
 0 0.530232
 0 1.76172
 0 -0.193957
 0 1.70518
 0 1.67749
 0 0.523008
 0 1.68577
 0 2.40258
 0 0.660172
 0 1.93195
 0 1.73902
 0 -0.88134
 0 3.42228
 0 2.15732
 0 1.35798
 0 1.03085
 0 0.107328
 0 0.593394
 0 0.395322
 0 0.625672
 0 1.22467
 0 2.09734
 0 0.777964
 0 -0.299086
 0 0.504052
 0 1.63512
 0 0.49135
 0 0.007315
 0 1.34936
 0 1.36809
 0 1.13828
 0 1.65661
 0 0.855536
 0 0.296382
 0 0.36234
 0 1.107
 0 0.490824
 0 0.805198
 0 0.481358
 0 1.05313
 0 0.623664
 0 0.427248
 0 -0.0497352
 0 1.28371
 0 1.95864
 0 1.32877
 0 3.47666
 0 1.87169
 0 1.85191
 0 2.00028
 0 1.49908
 0 0.509908
 0 0.717082
 0 0.44932
 0 -0.371768
 0 0.528798
 0 0.219078
 0 0.664708
 0 0.531728
 0 0.991724
 0 0.77713
 0 1.50794
 0 2.11416
 0 1.222
 0 0.342172
 0 -0.0286362
 0 2.06962
 0 1.17564
 0 1.34235
 0 1.14714
 0 0.545818
 0 1.17973
 0 0.902382
 0 0.070356
 0 0.33103
 0 1.06248
 0 0.474596
 0 0.820176
 0 0.118589
 0 0.402524
 0 0.827656
 0 1.31693
 0 1.1218
 0 -0.537394
 0 0.88902
 0 1.38129
 0 1.56486
 0 0.888016
 0 0.427996
 0 -0.424454
 0 -0.0207742
 0 1.9852
 0 0.557542
 0 0.740592
 0 -0.382274
 0 1.7824
 0 1.07781
 0 1.24913
 0 0.70451
 0 1.05538
 0 1.28814
 0 0.937964
 0 0.77788
 0 -0.107305
 0 2.86306
 0 0.795996
 0 1.03478
 0 0.99914
 0 1.08229
 0 1.2148
 0 -0.0766752
 0 -0.448064
 0 0.58956
 0 0.627998
 0 1.63036
 0 0.00745054
 0 1.02989
 0 1.01183
 0 1.07215
 0 1.83262
 0 1.80746
 0 0.304394
 0 0.869808
 0 1.71168
 0 -0.177083
 0 0.845432
 0 0.584748
 0 1.47875
 0 0.942172
 0 0.268976
 0 -0.30766
 0 1.6716
 0 0.939294
 0 0.670334
 0 0.25168
 0 0.403632
 0 0.909362
 0 -0.0536174
 0 0.551242
 0 1.50549
 0 1.20207
 0 1.95101
 0 1.79467
 0 1.85958
 0 1.20978
 0 1.2574
 0 0.487204
 0 1.22449
 0 0.402324
 0 0.595464
 0 0.791096
 0 0.00868706
 0 1.25149
 0 1.21859
 0 0.347376
 0 0.949178
 0 1.1468
 0 1.30748
 0 2.22474
 0 0.962472
 0 1.55524
 0 0.553492
 0 1.7571
 0 0.300446
 0 0.535636
 0 0.469962
 0 1.24766
 0 1.80202
 0 1.71254
 0 -0.368444
 0 0.809692
 0 1.95138
 0 1.88082
 0 1.54593
 0 1.61178
 0 2.08374
 0 1.5345
 0 0.349216
 0 0.64845
 0 0.6081
 0 0.443484
 0 -0.0225404
 0 1.38515
 0 1.24823
 0 0.144257
 0 1.18327
 0 0.680392
 0 0.651602
 0 0.581334
 0 0.583294
 0 0.534326
 0 0.91822
 0 -0.235118
 0 0.578336
 0 0.523418
 0 1.27392
 0 0.517502
 0 0.24452
 0 0.897554
 0 2.10782
 0 0.307278
 0 0.966878
 0 1.04803
 0 -0.089041
 0 1.35267
 0 0.999748
 0 0.66413
 0 0.978876
 0 0.577102
 0 1.04648
 0 -0.0409154
 0 1.62073
 0 -0.570638
 0 0.51922
 0 0.26292
 0 1.18096
 0 2.48524
 0 1.05
 0 0.9874
 0 0.689322
 0 1.56413
 0 0.0752902
 0 0.117113
 0 2.20586
 0 1.13442
 0 0.338614
 0 1.50016
 0 2.21678
 0 1.10958
 0 -0.71826
 0 1.94749
 0 1.24654
 0 1.5043
 0 1.07965
 0 1.14195
 0 2.42874
 0 0.783084
 0 -0.545256
 0 0.600568
 0 1.51866
 0 0.660504
 0 0.90245
 0 0.035492
 0 0.84965
 0 1.52537
 0 0.934932
 0 0.576038
 0 0.241174
 0 1.96171
 0 1.07924
 0 0.126528
 0 1.45951
 0 1.03516
 0 0.714508
 0 0.632448
 0 0.202854
 0 0.65086
 0 -0.0857716
 0 0.426782
 0 1.59629
 0 1.02182
 0 -0.133232
 0 -0.112631
 0 -0.147552
 0 1.28387
 0 2.13542
 0 1.01573
 0 1.1949
 0 1.65317
 0 0.803492
 0 -1.18739
 0 0.870616
 0 1.88345
 0 1.59078
 0 1.47063
 0 -0.452982
 0 1.48657
 0 1.01864
 0 1.04614
 0 3.0587
 0 0.780008
 0 1.78813
 0 0.702566
 0 2.1912
 0 0.285608
 0 0.376064
 0 1.27311
 0 2.10274
 0 0.987326
 0 1.05138
 0 0.86794
 0 1.68799
 0 1.09253
 0 1.10688
 0 1.57835
 0 0.836116
 0 -0.04218
 0 0.830078
 0 0.5513
 0 0.628808
 0 1.38987
 0 -0.322864
 0 3.3445
 0 1.66715
 0 0.280984
 0 0.71678
 0 1.58573
 0 1.07504
 0 0.679566
 0 1.2977
 0 1.89795
 0 1.11959
 0 1.44225
 0 0.757584
 0 0.884622
 0 0.773374
 0 1.99241
 0 1.09943
 0 1.03706
 0 1.59232
 0 0.929088
 0 1.3408
 0 0.89955
 0 0.81964
 0 1.14195
 0 1.41714
 0 1.1901
 0 1.71908
 0 0.536466
 0 1.745
 0 1.10006
 0 0.573002
 0 0.325792
 0 1.99553
 0 0.340932
 0 1.56889
 0 1.14581
 0 1.22484
 0 0.545008
 0 1.63548
 0 0.860604
 0 1.19837
 0 1.58158
 0 1.71809
 0 -0.60961
 0 1.10032
 0 2.5087
 0 1.25548
 0 0.287554
 0 0.99854
 0 0.392742
 0 0.66752
 0 0.15689
