535 1 0 0 1
 0 0.642953
 0 0.104073
 0 0.981521
 0 0.385645
 0 0.504739
 0 0.412736
 0 0.783082
 0 0.580004
 0 0.246744
 0 0.18426
 0 0.393167
 0 0.135476
 0 0.64146
 0 1.03705
 0 0.461935
 0 0.380447
 0 0.867696
 0 0.528311
 0 1.03053
 0 0.373815
 0 0.483261
 0 1.13115
 0 0.777404
 0 0.555549
 0 0.615956
 0 0.39643
 0 0.797299
 0 1.01016
 0 0.887921
 0 0.260415
 0 0.46214
 0 1.05881
 0 0.244749
 0 1.18927
 0 0.0924553
 0 1.10988
 0 1.44485
 0 0.427602
 0 0.469761
 0 0.652911
 0 1.33873
 0 0.328527
 0 0.551141
 0 0.751881
 0 0.55128
 0 0.759788
 0 0.395363
 0 0.352686
 0 0.619534
 0 0.129527
 0 0.204454
 0 0.13422
 0 0.124177
 0 0.324123
 0 0.498016
 0 0.149964
 0 -0.0218496
 0 0.553551
 0 0.702866
 0 0.348482
 0 0.337879
 0 0.335213
 0 0.7276
 0 0.701316
 0 0.222142
 0 0.741889
 0 0.122407
 0 0.346358
 0 0.535029
 0 0.316052
 0 0.813137
 0 0.919185
 0 0.494483
 0 0.618003
 0 0.829538
 0 0.815654
 0 0.195127
 0 0.407799
 0 0.617652
 0 0.799556
 0 -0.0691229
 0 0.122441
 0 0.387571
 0 0.883071
 0 0.304341
 0 1.06153
 0 0.340152
 0 0.255149
 0 0.631523
 0 0.530642
 0 0.449423
 0 0.75687
 0 0.455883
 0 0.475291
 0 0.277362
 0 1.18845
 0 0.965195
 0 0.435948
 0 0.634547
 0 0.915157
 0 0.254252
 0 0.411208
 0 0.0269019
 0 0.982057
 0 0.0625397
 0 0.621775
 0 0.309629
 0 0.570277
 0 0.436086
 0 0.924273
 0 0.109771
 0 0.874964
 0 0.381612
 0 0.430521
 0 0.929963
 0 0.104333
 0 -0.285482
 0 -0.0509935
 0 0.775418
 0 0.273766
 0 0.36494
 0 0.50708
 0 0.591195
 0 0.316009
 0 0.979808
 0 0.305158
 0 0.631263
 0 0.452733
 0 0.484258
 0 0.404687
 0 0.539673
 0 0.764427
 0 0.845473
 0 0.995572
 0 0.966803
 0 0.245227
 0 0.847376
 0 -0.0455998
 0 0.609878
 0 0.637665
 0 0.132243
 0 0.573739
 0 0.638415
 0 0.767279
 0 -0.174122
 0 0.104997
 0 0.121359
 0 0.803254
 0 0.286955
 0 0.185131
 0 0.928626
 0 0.811866
 0 0.334664
 0 0.0744332
 0 0.524993
 0 0.548007
 0 0.290013
 0 0.666306
 0 0.496569
 0 0.16572
 0 0.313814
 0 0.725395
 0 0.234533
 0 0.697196
 0 0.726813
 0 0.28243
 0 -0.060918
 0 0.611971
 0 0.972111
 0 0.412485
 0 0.352624
 0 -0.175293
 0 0.767248
 0 0.215236
 0 0.982474
 0 0.567757
 0 0.100101
 0 0.0872395
 0 0.255839
 0 0.59814
 0 0.573233
 0 0.437814
 0 0.265116
 0 0.880858
 0 -0.0969784
 0 0.852588
 0 0.838745
 0 0.261504
 0 0.842886
 0 1.20129
 0 0.330086
 0 0.965974
 0 0.869509
 0 -0.44067
 0 1.71114
 0 1.07866
 0 0.678991
 0 0.515427
 0 0.053664
 0 0.296697
 0 0.197661
 0 0.312836
 0 0.612334
 0 1.04867
 0 0.388982
 0 -0.149543
 0 0.252026
 0 0.817559
 0 0.245675
 0 0.0036575
 0 0.674678
 0 0.684043
 0 0.569139
 0 0.828306
 0 0.427768
 0 0.148191
 0 0.18117
 0 0.553502
 0 0.245412
 0 0.402599
 0 0.240679
 0 0.526564
 0 0.311832
 0 0.213624
 0 -0.0248676
 0 0.641857
 0 0.979319
 0 0.664387
 0 1.73833
 0 0.935845
 0 0.925957
 0 1.00014
 0 0.749542
 0 0.254954
 0 0.358541
 0 0.22466
 0 -0.185884
 0 0.264399
 0 0.109539
 0 0.332354
 0 0.265864
 0 0.495862
 0 0.388565
 0 0.75397
 0 1.05708
 0 0.610999
 0 0.171086
 0 -0.0143181
 0 1.03481
 0 0.587821
 0 0.671173
 0 0.573571
 0 0.272909
 0 0.589867
 0 0.451191
 0 0.035178
 0 0.165515
 0 0.531238
 0 0.237298
 0 0.410088
 0 0.0592944
 0 0.201262
 0 0.413828
 0 0.658465
 0 0.560902
 0 -0.268697
 0 0.44451
 0 0.690643
 0 0.78243
 0 0.444008
 0 0.213998
 0 -0.212227
 0 -0.0103871
 0 0.9926
 0 0.278771
 0 0.370296
 0 -0.191137
 0 0.891202
 0 0.538905
 0 0.624563
 0 0.352255
 0 0.527691
 0 0.644068
 0 0.468982
 0 0.38894
 0 -0.0536524
 0 1.43153
 0 0.397998
 0 0.517392
 0 0.49957
 0 0.541143
 0 0.607399
 0 -0.0383376
 0 -0.224032
 0 0.29478
 0 0.313999
 0 0.815182
 0 0.00372527
 0 0.514943
 0 0.505915
 0 0.536077
 0 0.91631
 0 0.903729
 0 0.152197
 0 0.434904
 0 0.855842
 0 -0.0885414
 0 0.422716
 0 0.292374
 0 0.739374
 0 0.471086
 0 0.134488
 0 -0.15383
 0 0.835798
 0 0.469647
 0 0.335167
 0 0.12584
 0 0.201816
 0 0.454681
 0 -0.0268087
 0 0.275621
 0 0.752747
 0 0.601037
 0 0.975503
 0 0.897337
 0 0.929791
 0 0.604892
 0 0.628701
 0 0.243602
 0 0.612247
 0 0.201162
 0 0.297732
 0 0.395548
 0 0.00434353
 0 0.625746
 0 0.609294
 0 0.173688
 0 0.474589
 0 0.573401
 0 0.653742
 0 1.11237
 0 0.481236
 0 0.777621
 0 0.276746
 0 0.878548
 0 0.150223
 0 0.267818
 0 0.234981
 0 0.623829
 0 0.901009
 0 0.856269
 0 -0.184222
 0 0.404846
 0 0.97569
 0 0.940408
 0 0.772966
 0 0.805889
 0 1.04187
 0 0.767249
 0 0.174608
 0 0.324225
 0 0.30405
 0 0.221742
 0 -0.0112702
 0 0.692576
 0 0.624117
 0 0.0721286
 0 0.591636
 0 0.340196
 0 0.325801
 0 0.290667
 0 0.291647
 0 0.267163
 0 0.45911
 0 -0.117559
 0 0.289168
 0 0.261709
 0 0.636959
 0 0.258751
 0 0.12226
 0 0.448777
 0 1.05391
 0 0.153639
 0 0.483439
 0 0.524017
 0 -0.0445205
 0 0.676334
 0 0.499874
 0 0.332065
 0 0.489438
 0 0.288551
 0 0.523242
 0 -0.0204577
 0 0.810367
 0 -0.285319
 0 0.25961
 0 0.13146
 0 0.590481
 0 1.24262
 0 0.525001
 0 0.4937
 0 0.344661
 0 0.782067
 0 0.0376451
 0 0.0585565
 0 1.10293
 0 0.567212
 0 0.169307
 0 0.750078
 0 1.10839
 0 0.554789
 0 -0.35913
 0 0.973746
 0 0.62327
 0 0.752148
 0 0.539826
 0 0.570974
 0 1.21437
 0 0.391542
 0 -0.272628
 0 0.300284
 0 0.759332
 0 0.330252
 0 0.451225
 0 0.017746
 0 0.424825
 0 0.762684
 0 0.467466
 0 0.288019
 0 0.120587
 0 0.980853
 0 0.53962
 0 0.0632638
 0 0.729755
 0 0.51758
 0 0.357254
 0 0.316224
 0 0.101427
 0 0.32543
 0 -0.0428858
 0 0.213391
 0 0.798145
 0 0.510908
 0 -0.0666158
 0 -0.0563157
 0 -0.0737761
 0 0.641933
 0 1.06771
 0 0.507864
 0 0.59745
 0 0.826583
 0 0.401746
 0 -0.593693
 0 0.435308
 0 0.941723
 0 0.795388
 0 0.735315
 0 -0.226491
 0 0.743284
 0 0.509318
 0 0.523069
 0 1.52935
 0 0.390004
 0 0.894066
 0 0.351283
 0 1.0956
 0 0.142804
 0 0.188032
 0 0.636556
 0 1.05137
 0 0.493663
 0 0.52569
 0 0.43397
 0 0.843994
 0 0.546265
 0 0.553441
 0 0.789176
 0 0.418058
 0 -0.02109
 0 0.415039
 0 0.27565
 0 0.314404
 0 0.694937
 0 -0.161432
 0 1.67225
 0 0.833573
 0 0.140492
 0 0.35839
 0 0.792863
 0 0.537522
 0 0.339783
 0 0.648851
 0 0.948976
 0 0.559793
 0 0.721125
 0 0.378792
 0 0.442311
 0 0.386687
 0 0.996203
 0 0.549713
 0 0.518529
 0 0.796159
 0 0.464544
 0 0.670398
 0 0.449775
 0 0.40982
 0 0.570973
 0 0.708569
 0 0.595048
 0 0.859539
 0 0.268233
 0 0.872502
 0 0.55003
 0 0.286501
 0 0.162896
 0 0.997765
 0 0.170466
 0 0.784445
 0 0.572904
 0 0.612421
 0 0.272504
 0 0.817741
 0 0.430302
 0 0.599184
 0 0.790788
 0 0.859043
 0 -0.304805
 0 0.550158
 0 1.25435
 0 0.627738
 0 0.143777
 0 0.49927
 0 0.196371
 0 0.33376
 0 0.0784448
