535 1 0 0 1
 0 0.362857
 0 0.345338
 0 0.341115
 0 0.389848
 0 0.402424
 0 0.324345
 0 0.370667
 0 0.416129
 0 0.375688
 0 0.304402
 0 0.410671
 0 0.379199
 0 0.436923
 0 0.38315
 0 0.37797
 0 0.341179
 0 0.324892
 0 0.33472
 0 0.369604
 0 0.373726
 0 0.36552
 0 0.408382
 0 0.378094
 0 0.41105
 0 0.427689
 0 0.351437
 0 0.425854
 0 0.400353
 0 0.405059
 0 0.385462
 0 0.422292
 0 0.42793
 0 0.357273
 0 0.366958
 0 0.436958
 0 0.404965
 0 0.399025
 0 0.385331
 0 0.405984
 0 0.374193
 0 0.348422
 0 0.367965
 0 0.349337
 0 0.433697
 0 0.356375
 0 0.387291
 0 0.369407
 0 0.33838
 0 0.329168
 0 0.415306
 0 0.366162
 0 0.384455
 0 0.364652
 0 0.367118
 0 0.383086
 0 0.404973
 0 0.385318
 0 0.353794
 0 0.346682
 0 0.359241
 0 0.407203
 0 0.405464
 0 0.388408
 0 0.358333
 0 0.33428
 0 0.350542
 0 0.429474
 0 0.410157
 0 0.392726
 0 0.39051
 0 0.353171
 0 0.45218
 0 0.405944
 0 0.349583
 0 0.38881
 0 0.370335
 0 0.356859
 0 0.354841
 0 0.41643
 0 0.389984
 0 0.37331
 0 0.372395
 0 0.425525
 0 0.372655
 0 0.413639
 0 0.307103
 0 0.371345
 0 0.39564
 0 0.344043
 0 0.397748
 0 0.339998
 0 0.391374
 0 0.342583
 0 0.330497
 0 0.374172
 0 0.38538
 0 0.373173
 0 0.417739
 0 0.436311
 0 0.37234
 0 0.393
 0 0.379463
 0 0.418448
 0 0.406973
 0 0.376848
 0 0.398129
 0 0.363873
 0 0.351757
 0 0.431177
 0 0.410861
 0 0.31891
 0 0.399278
 0 0.40984
 0 0.376564
 0 0.40145
 0 0.415389
 0 0.349959
 0 0.382463
 0 0.379166
 0 0.45235
 0 0.343414
 0 0.35287
 0 0.379474
 0 0.342233
 0 0.318213
 0 0.391263
 0 0.361076
 0 0.351281
 0 0.367464
 0 0.401478
 0 0.417261
 0 0.39508
 0 0.417095
 0 0.428543
 0 0.409504
 0 0.412819
 0 0.3353
 0 0.366576
 0 0.376932
 0 0.341319
 0 0.343162
 0 0.305048
 0 0.373633
 0 0.371387
 0 0.3492
 0 0.396887
 0 0.345117
 0 0.446312
 0 0.306869
 0 0.3714
 0 0.370043
 0 0.307708
 0 0.393851
 0 0.397837
 0 0.374642
 0 0.369884
 0 0.389523
 0 0.359347
 0 0.38384
 0 0.366472
 0 0.353862
 0 0.401969
 0 0.307565
 0 0.366932
 0 0.402587
 0 0.374118
 0 0.35914
 0 0.348335
 0 0.367491
 0 0.37587
 0 0.398463
 0 0.392185
 0 0.388056
 0 0.378273
 0 0.360126
 0 0.329809
 0 0.402743
 0 0.333988
 0 0.418452
 0 0.404349
 0 0.338556
 0 0.372637
 0 0.387232
 0 0.354253
 0 0.400579
 0 0.361339
 0 0.401885
 0 0.336257
 0 0.362898
 0 0.376271
 0 0.3667
 0 0.385834
 0 0.39654
 0 0.337074
 0 0.388071
 0 0.396897
 0 0.363456
 0 0.402601
 0 0.366757
 0 0.39985
 0 0.414747
 0 0.405409
 0 0.350042
 0 0.370751
 0 0.420986
 0 0.32548
 0 0.330297
 0 0.418994
 0 0.375871
 0 0.337649
 0 0.371488
 0 0.350954
 0 0.378686
 0 0.412271
 0 0.415522
 0 0.350517
 0 0.376199
 0 0.346698
 0 0.354524
 0 0.440848
 0 0.346252
 0 0.466057
 0 0.41933
 0 0.401601
 0 0.336649
 0 0.411385
 0 0.380999
 0 0.305683
 0 0.301407
 0 0.377774
 0 0.392488
 0 0.336471
 0 0.372386
 0 0.370914
 0 0.394962
 0 0.379918
 0 0.307333
 0 0.354048
 0 0.352692
 0 0.388675
 0 0.349552
 0 0.355773
 0 0.379277
 0 0.338136
 0 0.359354
 0 0.379902
 0 0.335432
 0 0.410159
 0 0.428716
 0 0.340438
 0 0.404436
 0 0.380642
 0 0.394028
 0 0.36633
 0 0.428391
 0 0.433644
 0 0.377074
 0 0.341418
 0 0.368234
 0 0.388252
 0 0.343693
 0 0.393773
 0 0.354428
 0 0.368423
 0 0.390318
 0 0.371552
 0 0.408225
 0 0.409228
 0 0.431194
 0 0.363935
 0 0.395177
 0 0.409728
 0 0.356053
 0 0.364543
 0 0.397288
 0 0.319595
 0 0.411686
 0 0.356156
 0 0.37055
 0 0.412986
 0 0.426131
 0 0.339623
 0 0.395875
 0 0.365731
 0 0.404427
 0 0.389998
 0 0.341634
 0 0.353086
 0 0.36953
 0 0.361123
 0 0.384751
 0 0.375988
 0 0.352422
 0 0.370797
 0 0.386589
 0 0.381179
 0 0.364906
 0 0.402914
 0 0.357742
 0 0.406654
 0 0.373226
 0 0.340779
 0 0.384139
 0 0.316419
 0 0.342382
 0 0.32765
 0 0.31618
 0 0.410802
 0 0.389157
 0 0.344912
 0 0.383567
 0 0.360478
 0 0.359825
 0 0.380054
 0 0.333538
 0 0.396374
 0 0.361318
 0 0.313174
 0 0.338057
 0 0.337704
 0 0.429432
 0 0.360966
 0 0.381173
 0 0.354164
 0 0.386209
 0 0.401354
 0 0.40443
 0 0.394164
 0 0.359059
 0 0.383642
 0 0.433724
 0 0.412027
 0 0.343872
 0 0.332999
 0 0.357552
 0 0.388982
 0 0.388325
 0 0.355305
 0 0.414187
 0 0.423114
 0 0.413549
 0 0.377125
 0 0.35422
 0 0.404494
 0 0.358118
 0 0.394647
 0 0.467691
 0 0.343409
 0 0.377187
 0 0.343423
 0 0.344344
 0 0.385611
 0 0.368684
 0 0.436619
 0 0.397761
 0 0.316928
 0 0.315867
 0 0.351029
 0 0.340627
 0 0.37045
 0 0.332383
 0 0.404349
 0 0.381986
 0 0.397572
 0 0.319022
 0 0.3881
 0 0.385406
 0 0.394011
 0 0.40556
 0 0.355851
 0 0.391646
 0 0.309005
 0 0.435118
 0 0.346373
 0 0.423398
 0 0.371314
 0 0.37015
 0 0.324549
 0 0.369154
 0 0.36962
 0 0.353363
 0 0.382165
 0 0.378718
 0 0.390267
 0 0.358971
 0 0.374059
 0 0.375998
 0 0.379441
 0 0.353791
 0 0.432225
 0 0.358954
 0 0.393741
 0 0.327439
 0 0.395184
 0 0.340035
 0 0.398822
 0 0.336168
 0 0.342544
 0 0.346622
 0 0.399437
 0 0.37308
 0 0.333422
 0 0.368434
 0 0.430612
 0 0.414802
 0 0.340769
 0 0.39191
 0 0.435734
 0 0.389953
 0 0.41911
 0 0.370589
 0 0.391022
 0 0.398671
 0 0.406997
 0 0.359167
 0 0.379462
 0 0.382167
 0 0.401107
 0 0.409528
 0 0.371519
 0 0.386556
 0 0.34436
 0 0.354424
 0 0.391275
 0 0.337227
 0 0.33017
 0 0.358857
 0 0.378414
 0 0.404773
 0 0.389992
 0 0.36876
 0 0.394702
 0 0.414087
 0 0.405165
 0 0.389964
 0 0.396301
 0 0.365666
 0 0.3848
 0 0.399174
 0 0.419573
 0 0.374596
 0 0.407363
 0 0.382911
 0 0.331416
 0 0.383433
 0 0.412173
 0 0.391348
 0 0.383206
 0 0.375787
 0 0.3951
 0 0.385653
 0 0.344805
 0 0.390593
 0 0.397888
 0 0.419393
 0 0.417169
 0 0.412661
 0 0.422687
 0 0.393932
 0 0.422298
 0 0.355949
 0 0.405381
 0 0.38132
 0 0.355238
 0 0.409474
 0 0.372365
 0 0.369783
 0 0.380457
 0 0.413148
 0 0.410584
 0 0.414985
 0 0.401815
 0 0.346027
 0 0.374569
 0 0.467728
 0 0.392072
 0 0.395007
 0 0.380045
 0 0.357422
 0 0.32466
 0 0.389801
 0 0.426845
 0 0.407813
 0 0.376996
 0 0.356665
 0 0.365381
 0 0.400815
 0 0.400364
 0 0.345279
 0 0.447802
 0 0.391409
 0 0.333021
 0 0.369322
 0 0.346397
 0 0.358756
 0 0.388653
 0 0.371465
 0 0.377021
 0 0.385796
 0 0.331589
 0 0.392214
 0 0.416444
 0 0.432528
 0 0.417369
 0 0.391764
 0 0.371904
 0 0.390574
 0 0.336712
 0 0.345142
 0 0.42796
 0 0.366797
 0 0.389472
 0 0.382725
 0 0.389598
 0 0.445372
 0 0.341481
 0 0.446923
 0 0.387594
 0 0.350514
 0 0.392628
 0 0.378698
 0 0.379127
 0 0.399105
 0 0.399401
 0 0.328875
 0 0.356813
 0 0.343054
 0 0.412175
 0 0.383987
 0 0.405775
 0 0.320065
 0 0.432212
 0 0.390241
 0 0.356842
 0 0.460853
