535 1 0 0 1
 0 0.353217
 0 0.340464
 0 0.339412
 0 0.34011
 0 0.397844
 0 0.350185
 0 0.369407
 0 0.35728
 0 0.335391
 0 0.346611
 0 0.315241
 0 0.37277
 0 0.388102
 0 0.38449
 0 0.359895
 0 0.33358
 0 0.358648
 0 0.372049
 0 0.370055
 0 0.359382
 0 0.357212
 0 0.392946
 0 0.359234
 0 0.377497
 0 0.39965
 0 0.340646
 0 0.400531
 0 0.382076
 0 0.399095
 0 0.375852
 0 0.378443
 0 0.372391
 0 0.352334
 0 0.339695
 0 0.373499
 0 0.364278
 0 0.392156
 0 0.373244
 0 0.371761
 0 0.366865
 0 0.334305
 0 0.352628
 0 0.34032
 0 0.364946
 0 0.35026
 0 0.372471
 0 0.373473
 0 0.341675
 0 0.343099
 0 0.361748
 0 0.368999
 0 0.340821
 0 0.376392
 0 0.339938
 0 0.336278
 0 0.32652
 0 0.338812
 0 0.359377
 0 0.352129
 0 0.327473
 0 0.372191
 0 0.333666
 0 0.36169
 0 0.355511
 0 0.314974
 0 0.351017
 0 0.392529
 0 0.377743
 0 0.406254
 0 0.391177
 0 0.364376
 0 0.393754
 0 0.368447
 0 0.360421
 0 0.355154
 0 0.360239
 0 0.347593
 0 0.335962
 0 0.352896
 0 0.376196
 0 0.335376
 0 0.380659
 0 0.356668
 0 0.344754
 0 0.342787
 0 0.303393
 0 0.330386
 0 0.374931
 0 0.318024
 0 0.366252
 0 0.375899
 0 0.392674
 0 0.343767
 0 0.31583
 0 0.399784
 0 0.359112
 0 0.354692
 0 0.376517
 0 0.390177
 0 0.363764
 0 0.395627
 0 0.336615
 0 0.371748
 0 0.392893
 0 0.349769
 0 0.390068
 0 0.355969
 0 0.35744
 0 0.397385
 0 0.384982
 0 0.321186
 0 0.382168
 0 0.336052
 0 0.349424
 0 0.352274
 0 0.34981
 0 0.33285
 0 0.318269
 0 0.394873
 0 0.413356
 0 0.348509
 0 0.355531
 0 0.368152
 0 0.356591
 0 0.338208
 0 0.35536
 0 0.39328
 0 0.378776
 0 0.383742
 0 0.359444
 0 0.38475
 0 0.370035
 0 0.380814
 0 0.3529
 0 0.407682
 0 0.352258
 0 0.352557
 0 0.380806
 0 0.372323
 0 0.334426
 0 0.339321
 0 0.333847
 0 0.335299
 0 0.3522
 0 0.335879
 0 0.378847
 0 0.335909
 0 0.377041
 0 0.363141
 0 0.353826
 0 0.364606
 0 0.340265
 0 0.373664
 0 0.378329
 0 0.344153
 0 0.364957
 0 0.38083
 0 0.377304
 0 0.387393
 0 0.341601
 0 0.365628
 0 0.342185
 0 0.325931
 0 0.361439
 0 0.388796
 0 0.321994
 0 0.360508
 0 0.32478
 0 0.329277
 0 0.348222
 0 0.369424
 0 0.368217
 0 0.36399
 0 0.374415
 0 0.351221
 0 0.377702
 0 0.36109
 0 0.324698
 0 0.372983
 0 0.36656
 0 0.343864
 0 0.39674
 0 0.351195
 0 0.337719
 0 0.373655
 0 0.334127
 0 0.352668
 0 0.344056
 0 0.38234
 0 0.388909
 0 0.349208
 0 0.359107
 0 0.369287
 0 0.373039
 0 0.355187
 0 0.376243
 0 0.353076
 0 0.360905
 0 0.381134
 0 0.390737
 0 0.387438
 0 0.369269
 0 0.371725
 0 0.366593
 0 0.376336
 0 0.331219
 0 0.333906
 0 0.374492
 0 0.349598
 0 0.350207
 0 0.335023
 0 0.355466
 0 0.32555
 0 0.371615
 0 0.388655
 0 0.341652
 0 0.3445
 0 0.350322
 0 0.351447
 0 0.403149
 0 0.360872
 0 0.396663
 0 0.347425
 0 0.392253
 0 0.334339
 0 0.374902
 0 0.33446
 0 0.346681
 0 0.301026
 0 0.349825
 0 0.372862
 0 0.372377
 0 0.372607
 0 0.351371
 0 0.382193
 0 0.354686
 0 0.309992
 0 0.368701
 0 0.349125
 0 0.33913
 0 0.339392
 0 0.348493
 0 0.368232
 0 0.314471
 0 0.364406
 0 0.334038
 0 0.357483
 0 0.349504
 0 0.391123
 0 0.33419
 0 0.379362
 0 0.382673
 0 0.380661
 0 0.389392
 0 0.384171
 0 0.382426
 0 0.36596
 0 0.331515
 0 0.34127
 0 0.416963
 0 0.365037
 0 0.362615
 0 0.346494
 0 0.355638
 0 0.344345
 0 0.365738
 0 0.401846
 0 0.378826
 0 0.344184
 0 0.327065
 0 0.378386
 0 0.349876
 0 0.359476
 0 0.347876
 0 0.383651
 0 0.34137
 0 0.362323
 0 0.379446
 0 0.350404
 0 0.36706
 0 0.392458
 0 0.307176
 0 0.364808
 0 0.316339
 0 0.390445
 0 0.352357
 0 0.306702
 0 0.353735
 0 0.350678
 0 0.381838
 0 0.39892
 0 0.381948
 0 0.368529
 0 0.378835
 0 0.368759
 0 0.380001
 0 0.355132
 0 0.350352
 0 0.363951
 0 0.367203
 0 0.368716
 0 0.308287
 0 0.366223
 0 0.317415
 0 0.341295
 0 0.372689
 0 0.334109
 0 0.384117
 0 0.404713
 0 0.349103
 0 0.375306
 0 0.360209
 0 0.339042
 0 0.377077
 0 0.337501
 0 0.388176
 0 0.333926
 0 0.344515
 0 0.308105
 0 0.34698
 0 0.366739
 0 0.326881
 0 0.389605
 0 0.347562
 0 0.373056
 0 0.357792
 0 0.348346
 0 0.38705
 0 0.324507
 0 0.394813
 0 0.373998
 0 0.369794
 0 0.35038
 0 0.324653
 0 0.364517
 0 0.385934
 0 0.323164
 0 0.327476
 0 0.400257
 0 0.370359
 0 0.32933
 0 0.388072
 0 0.31391
 0 0.378936
 0 0.334583
 0 0.35475
 0 0.376927
 0 0.328345
 0 0.354486
 0 0.347376
 0 0.346163
 0 0.368676
 0 0.34395
 0 0.359021
 0 0.374112
 0 0.329973
 0 0.337593
 0 0.364718
 0 0.354754
 0 0.35476
 0 0.353611
 0 0.341515
 0 0.379543
 0 0.357388
 0 0.32673
 0 0.362158
 0 0.356192
 0 0.390507
 0 0.43142
 0 0.370263
 0 0.390456
 0 0.329783
 0 0.350733
 0 0.347944
 0 0.417516
 0 0.352375
 0 0.331637
 0 0.326676
 0 0.334638
 0 0.345852
 0 0.345245
 0 0.358157
 0 0.354307
 0 0.335569
 0 0.357848
 0 0.34436
 0 0.36627
 0 0.364479
 0 0.350546
 0 0.364343
 0 0.338073
 0 0.371205
 0 0.307763
 0 0.392569
 0 0.329479
 0 0.392838
 0 0.365539
 0 0.370339
 0 0.360838
 0 0.378376
 0 0.363342
 0 0.355764
 0 0.349403
 0 0.348144
 0 0.394094
 0 0.345513
 0 0.377108
 0 0.385512
 0 0.399456
 0 0.34767
 0 0.354907
 0 0.351019
 0 0.385908
 0 0.392099
 0 0.373271
 0 0.377776
 0 0.381813
 0 0.35607
 0 0.300393
 0 0.33382
 0 0.383106
 0 0.373228
 0 0.338752
 0 0.356689
 0 0.364643
 0 0.329527
 0 0.347531
 0 0.351794
 0 0.366481
 0 0.362546
 0 0.369046
 0 0.342443
 0 0.367819
 0 0.424896
 0 0.34751
 0 0.372906
 0 0.339174
 0 0.323001
 0 0.35774
 0 0.409723
 0 0.376831
 0 0.390195
 0 0.379354
 0 0.298507
 0 0.378218
 0 0.359899
 0 0.360975
 0 0.396501
 0 0.32652
 0 0.376302
 0 0.395861
 0 0.370557
 0 0.380767
 0 0.394707
 0 0.417327
 0 0.398845
 0 0.396043
 0 0.40535
 0 0.379623
 0 0.355036
 0 0.381324
 0 0.344988
 0 0.379189
 0 0.339322
 0 0.400544
 0 0.365247
 0 0.357891
 0 0.362788
 0 0.38466
 0 0.377312
 0 0.375777
 0 0.369617
 0 0.360491
 0 0.376363
 0 0.390651
 0 0.368237
 0 0.387115
 0 0.367885
 0 0.358002
 0 0.361719
 0 0.365862
 0 0.407289
 0 0.378248
 0 0.376018
 0 0.365244
 0 0.362155
 0 0.365268
 0 0.348035
 0 0.322346
 0 0.397713
 0 0.345426
 0 0.357349
 0 0.378651
 0 0.332873
 0 0.342406
 0 0.365554
 0 0.340582
 0 0.383445
 0 0.38348
 0 0.35302
 0 0.374407
 0 0.378755
 0 0.383622
 0 0.377668
 0 0.365723
 0 0.356658
 0 0.354877
 0 0.335036
 0 0.382384
 0 0.374943
 0 0.35409
 0 0.350599
 0 0.352674
 0 0.360841
 0 0.364476
 0 0.400934
 0 0.402031
 0 0.375468
 0 0.365157
 0 0.35099
 0 0.304702
 0 0.361942
 0 0.385114
 0 0.374234
 0 0.335959
 0 0.35861
 0 0.359511
 0 0.375164
 0 0.354435
 0 0.404014
 0 0.355695
 0 0.373941
 0 0.366885
 0 0.368889
 0 0.399182
