535 1 0 0 1
 0 0.706434
 0 0.680928
 0 0.678824
 0 0.68022
 0 0.795688
 0 0.70037
 0 0.738814
 0 0.71456
 0 0.670782
 0 0.693222
 0 0.630482
 0 0.74554
 0 0.776204
 0 0.76898
 0 0.71979
 0 0.66716
 0 0.717296
 0 0.744098
 0 0.74011
 0 0.718764
 0 0.714424
 0 0.785892
 0 0.718468
 0 0.754994
 0 0.7993
 0 0.681292
 0 0.801062
 0 0.764152
 0 0.79819
 0 0.751704
 0 0.756886
 0 0.744782
 0 0.704668
 0 0.67939
 0 0.746998
 0 0.728556
 0 0.784312
 0 0.746488
 0 0.743522
 0 0.73373
 0 0.66861
 0 0.705256
 0 0.68064
 0 0.729892
 0 0.70052
 0 0.744942
 0 0.746946
 0 0.68335
 0 0.686198
 0 0.723496
 0 0.737998
 0 0.681642
 0 0.752784
 0 0.679876
 0 0.672556
 0 0.65304
 0 0.677624
 0 0.718754
 0 0.704258
 0 0.654946
 0 0.744382
 0 0.667332
 0 0.72338
 0 0.711022
 0 0.629948
 0 0.702034
 0 0.785058
 0 0.755486
 0 0.812508
 0 0.782354
 0 0.728752
 0 0.787508
 0 0.736894
 0 0.720842
 0 0.710308
 0 0.720478
 0 0.695186
 0 0.671924
 0 0.705792
 0 0.752392
 0 0.670752
 0 0.761318
 0 0.713336
 0 0.689508
 0 0.685574
 0 0.606786
 0 0.660772
 0 0.749862
 0 0.636048
 0 0.732504
 0 0.751798
 0 0.785348
 0 0.687534
 0 0.63166
 0 0.799568
 0 0.718224
 0 0.709384
 0 0.753034
 0 0.780354
 0 0.727528
 0 0.791254
 0 0.67323
 0 0.743496
 0 0.785786
 0 0.699538
 0 0.780136
 0 0.711938
 0 0.71488
 0 0.79477
 0 0.769964
 0 0.642372
 0 0.764336
 0 0.672104
 0 0.698848
 0 0.704548
 0 0.69962
 0 0.6657
 0 0.636538
 0 0.789746
 0 0.826712
 0 0.697018
 0 0.711062
 0 0.736304
 0 0.713182
 0 0.676416
 0 0.71072
 0 0.78656
 0 0.757552
 0 0.767484
 0 0.718888
 0 0.7695
 0 0.74007
 0 0.761628
 0 0.7058
 0 0.815364
 0 0.704516
 0 0.705114
 0 0.761612
 0 0.744646
 0 0.668852
 0 0.678642
 0 0.667694
 0 0.670598
 0 0.7044
 0 0.671758
 0 0.757694
 0 0.671818
 0 0.754082
 0 0.726282
 0 0.707652
 0 0.729212
 0 0.68053
 0 0.747328
 0 0.756658
 0 0.688306
 0 0.729914
 0 0.76166
 0 0.754608
 0 0.774786
 0 0.683202
 0 0.731256
 0 0.68437
 0 0.651862
 0 0.722878
 0 0.777592
 0 0.643988
 0 0.721016
 0 0.64956
 0 0.658554
 0 0.696444
 0 0.738848
 0 0.736434
 0 0.72798
 0 0.74883
 0 0.702442
 0 0.755404
 0 0.72218
 0 0.649396
 0 0.745966
 0 0.73312
 0 0.687728
 0 0.79348
 0 0.70239
 0 0.675438
 0 0.74731
 0 0.668254
 0 0.705336
 0 0.688112
 0 0.76468
 0 0.777818
 0 0.698416
 0 0.718214
 0 0.738574
 0 0.746078
 0 0.710374
 0 0.752486
 0 0.706152
 0 0.72181
 0 0.762268
 0 0.781474
 0 0.774876
 0 0.738538
 0 0.74345
 0 0.733186
 0 0.752672
 0 0.662438
 0 0.667812
 0 0.748984
 0 0.699196
 0 0.700414
 0 0.670046
 0 0.710932
 0 0.6511
 0 0.74323
 0 0.77731
 0 0.683304
 0 0.689
 0 0.700644
 0 0.702894
 0 0.806298
 0 0.721744
 0 0.793326
 0 0.69485
 0 0.784506
 0 0.668678
 0 0.749804
 0 0.66892
 0 0.693362
 0 0.602052
 0 0.69965
 0 0.745724
 0 0.744754
 0 0.745214
 0 0.702742
 0 0.764386
 0 0.709372
 0 0.619984
 0 0.737402
 0 0.69825
 0 0.67826
 0 0.678784
 0 0.696986
 0 0.736464
 0 0.628942
 0 0.728812
 0 0.668076
 0 0.714966
 0 0.699008
 0 0.782246
 0 0.66838
 0 0.758724
 0 0.765346
 0 0.761322
 0 0.778784
 0 0.768342
 0 0.764852
 0 0.73192
 0 0.66303
 0 0.68254
 0 0.833926
 0 0.730074
 0 0.72523
 0 0.692988
 0 0.711276
 0 0.68869
 0 0.731476
 0 0.803692
 0 0.757652
 0 0.688368
 0 0.65413
 0 0.756772
 0 0.699752
 0 0.718952
 0 0.695752
 0 0.767302
 0 0.68274
 0 0.724646
 0 0.758892
 0 0.700808
 0 0.73412
 0 0.784916
 0 0.614352
 0 0.729616
 0 0.632678
 0 0.78089
 0 0.704714
 0 0.613404
 0 0.70747
 0 0.701356
 0 0.763676
 0 0.79784
 0 0.763896
 0 0.737058
 0 0.75767
 0 0.737518
 0 0.760002
 0 0.710264
 0 0.700704
 0 0.727902
 0 0.734406
 0 0.737432
 0 0.616574
 0 0.732446
 0 0.63483
 0 0.68259
 0 0.745378
 0 0.668218
 0 0.768234
 0 0.809426
 0 0.698206
 0 0.750612
 0 0.720418
 0 0.678084
 0 0.754154
 0 0.675002
 0 0.776352
 0 0.667852
 0 0.68903
 0 0.61621
 0 0.69396
 0 0.733478
 0 0.653762
 0 0.77921
 0 0.695124
 0 0.746112
 0 0.715584
 0 0.696692
 0 0.7741
 0 0.649014
 0 0.789626
 0 0.747996
 0 0.739588
 0 0.70076
 0 0.649306
 0 0.729034
 0 0.771868
 0 0.646328
 0 0.654952
 0 0.800514
 0 0.740718
 0 0.65866
 0 0.776144
 0 0.62782
 0 0.757872
 0 0.669166
 0 0.7095
 0 0.753854
 0 0.65669
 0 0.708972
 0 0.694752
 0 0.692326
 0 0.737352
 0 0.6879
 0 0.718042
 0 0.748224
 0 0.659946
 0 0.675186
 0 0.729436
 0 0.709508
 0 0.70952
 0 0.707222
 0 0.68303
 0 0.759086
 0 0.714776
 0 0.65346
 0 0.724316
 0 0.712384
 0 0.781014
 0 0.86284
 0 0.740526
 0 0.780912
 0 0.659566
 0 0.701466
 0 0.695888
 0 0.835032
 0 0.70475
 0 0.663274
 0 0.653352
 0 0.669276
 0 0.691704
 0 0.69049
 0 0.716314
 0 0.708614
 0 0.671138
 0 0.715696
 0 0.68872
 0 0.73254
 0 0.728958
 0 0.701092
 0 0.728686
 0 0.676146
 0 0.74241
 0 0.615526
 0 0.785138
 0 0.658958
 0 0.785676
 0 0.731078
 0 0.740678
 0 0.721676
 0 0.756752
 0 0.726684
 0 0.711528
 0 0.698806
 0 0.696288
 0 0.788188
 0 0.691026
 0 0.754216
 0 0.771024
 0 0.798912
 0 0.69534
 0 0.709814
 0 0.702038
 0 0.771816
 0 0.784198
 0 0.746542
 0 0.755552
 0 0.763626
 0 0.71214
 0 0.600786
 0 0.66764
 0 0.766212
 0 0.746456
 0 0.677504
 0 0.713378
 0 0.729286
 0 0.659054
 0 0.695062
 0 0.703588
 0 0.732962
 0 0.725092
 0 0.738092
 0 0.684886
 0 0.735638
 0 0.849792
 0 0.69502
 0 0.745812
 0 0.678348
 0 0.646002
 0 0.71548
 0 0.819446
 0 0.753662
 0 0.78039
 0 0.758708
 0 0.597014
 0 0.756436
 0 0.719798
 0 0.72195
 0 0.793002
 0 0.65304
 0 0.752604
 0 0.791722
 0 0.741114
 0 0.761534
 0 0.789414
 0 0.834654
 0 0.79769
 0 0.792086
 0 0.8107
 0 0.759246
 0 0.710072
 0 0.762648
 0 0.689976
 0 0.758378
 0 0.678644
 0 0.801088
 0 0.730494
 0 0.715782
 0 0.725576
 0 0.76932
 0 0.754624
 0 0.751554
 0 0.739234
 0 0.720982
 0 0.752726
 0 0.781302
 0 0.736474
 0 0.77423
 0 0.73577
 0 0.716004
 0 0.723438
 0 0.731724
 0 0.814578
 0 0.756496
 0 0.752036
 0 0.730488
 0 0.72431
 0 0.730536
 0 0.69607
 0 0.644692
 0 0.795426
 0 0.690852
 0 0.714698
 0 0.757302
 0 0.665746
 0 0.684812
 0 0.731108
 0 0.681164
 0 0.76689
 0 0.76696
 0 0.70604
 0 0.748814
 0 0.75751
 0 0.767244
 0 0.755336
 0 0.731446
 0 0.713316
 0 0.709754
 0 0.670072
 0 0.764768
 0 0.749886
 0 0.70818
 0 0.701198
 0 0.705348
 0 0.721682
 0 0.728952
 0 0.801868
 0 0.804062
 0 0.750936
 0 0.730314
 0 0.70198
 0 0.609404
 0 0.723884
 0 0.770228
 0 0.748468
 0 0.671918
 0 0.71722
 0 0.719022
 0 0.750328
 0 0.70887
 0 0.808028
 0 0.71139
 0 0.747882
 0 0.73377
 0 0.737778
 0 0.798364
