535 1 0 0 1
 0 0.400253
 0 0.477782
 0 0.360046
 0 0.397502
 0 0.483156
 0 0.457334
 0 0.455176
 0 0.437044
 0 0.380501
 0 0.324177
 0 0.381618
 0 0.326956
 0 0.421041
 0 0.409684
 0 0.424217
 0 0.340328
 0 0.366785
 0 0.340665
 0 0.399516
 0 0.338345
 0 0.362726
 0 0.47529
 0 0.412872
 0 0.360629
 0 0.363312
 0 0.384494
 0 0.462295
 0 0.379597
 0 0.417661
 0 0.316825
 0 0.43038
 0 0.37833
 0 0.369766
 0 0.336011
 0 0.446113
 0 0.341339
 0 0.440013
 0 0.487459
 0 0.37323
 0 0.370347
 0 0.354931
 0 0.374944
 0 0.398294
 0 0.383296
 0 0.375921
 0 0.438889
 0 0.351667
 0 0.357242
 0 0.396049
 0 0.432125
 0 0.425783
 0 0.424222
 0 0.363035
 0 0.39354
 0 0.312687
 0 0.321345
 0 0.432307
 0 0.506703
 0 0.355508
 0 0.367543
 0 0.355622
 0 0.434336
 0 0.360479
 0 0.361477
 0 0.369065
 0 0.432907
 0 0.384874
 0 0.376327
 0 0.454581
 0 0.413153
 0 0.438167
 0 0.348639
 0 0.384932
 0 0.452529
 0 0.38427
 0 0.415308
 0 0.38539
 0 0.375369
 0 0.311288
 0 0.405947
 0 0.427378
 0 0.299514
 0 0.491385
 0 0.443993
 0 0.387949
 0 0.405231
 0 0.35156
 0 0.416889
 0 0.402211
 0 0.321598
 0 0.376217
 0 0.483808
 0 0.368323
 0 0.28151
 0 0.408056
 0 0.368631
 0 0.381187
 0 0.43969
 0 0.443909
 0 0.37124
 0 0.438115
 0 0.447874
 0 0.406379
 0 0.396559
 0 0.381929
 0 0.438988
 0 0.324157
 0 0.338433
 0 0.39497
 0 0.414202
 0 0.319063
 0 0.365188
 0 0.439996
 0 0.338411
 0 0.433073
 0 0.366665
 0 0.412384
 0 0.37839
 0 0.526839
 0 0.446503
 0 0.392749
 0 0.399603
 0 0.423726
 0 0.394523
 0 0.435507
 0 0.406793
 0 0.432178
 0 0.367853
 0 0.393044
 0 0.353784
 0 0.392057
 0 0.453189
 0 0.398358
 0 0.400251
 0 0.447741
 0 0.323532
 0 0.391933
 0 0.388668
 0 0.421127
 0 0.35869
 0 0.365138
 0 0.37651
 0 0.361606
 0 0.332308
 0 0.390318
 0 0.419163
 0 0.363705
 0 0.477659
 0 0.374703
 0 0.418976
 0 0.337884
 0 0.479702
 0 0.388632
 0 0.402589
 0 0.287488
 0 0.394358
 0 0.33761
 0 0.358122
 0 0.400468
 0 0.327481
 0 0.321596
 0 0.374029
 0 0.332073
 0 0.412327
 0 0.41438
 0 0.460343
 0 0.395004
 0 0.354463
 0 0.434927
 0 0.369663
 0 0.451762
 0 0.400924
 0 0.440656
 0 0.439799
 0 0.364683
 0 0.346578
 0 0.430521
 0 0.339681
 0 0.408062
 0 0.452055
 0 0.345345
 0 0.329887
 0 0.363723
 0 0.398867
 0 0.437595
 0 0.357477
 0 0.449894
 0 0.338806
 0 0.39106
 0 0.473875
 0 0.498389
 0 0.480171
 0 0.501875
 0 0.389558
 0 0.477283
 0 0.440565
 0 0.400134
 0 0.450785
 0 0.456431
 0 0.481971
 0 0.474602
 0 0.320122
 0 0.309386
 0 0.407267
 0 0.457237
 0 0.366165
 0 0.346404
 0 0.47987
 0 0.381455
 0 0.295522
 0 0.415209
 0 0.320833
 0 0.419659
 0 0.363986
 0 0.462083
 0 0.448426
 0 0.366166
 0 0.368135
 0 0.318337
 0 0.355893
 0 0.348002
 0 0.363912
 0 0.417725
 0 0.381412
 0 0.356046
 0 0.389414
 0 0.421103
 0 0.423191
 0 0.344701
 0 0.435931
 0 0.379571
 0 0.327699
 0 0.363429
 0 0.409765
 0 0.389938
 0 0.323329
 0 0.310983
 0 0.396811
 0 0.343826
 0 0.363247
 0 0.34012
 0 0.354602
 0 0.397972
 0 0.291503
 0 0.383605
 0 0.448105
 0 0.401239
 0 0.400472
 0 0.449898
 0 0.38158
 0 0.366503
 0 0.348521
 0 0.431431
 0 0.414102
 0 0.416634
 0 0.355922
 0 0.378345
 0 0.369685
 0 0.499685
 0 0.533289
 0 0.368682
 0 0.424551
 0 0.402682
 0 0.363825
 0 0.381894
 0 0.359035
 0 0.497838
 0 0.398195
 0 0.360292
 0 0.378116
 0 0.374663
 0 0.378003
 0 0.433041
 0 0.393859
 0 0.410364
 0 0.33668
 0 0.407437
 0 0.383766
 0 0.403496
 0 0.393847
 0 0.368598
 0 0.381741
 0 0.413768
 0 0.390154
 0 0.481287
 0 0.407152
 0 0.347665
 0 0.482656
 0 0.423338
 0 0.444163
 0 0.40976
 0 0.350166
 0 0.356384
 0 0.371691
 0 0.372257
 0 0.445742
 0 0.355892
 0 0.391961
 0 0.4516
 0 0.385392
 0 0.421746
 0 0.365505
 0 0.412296
 0 0.354492
 0 0.41011
 0 0.447916
 0 0.338174
 0 0.475077
 0 0.460809
 0 0.364888
 0 0.338834
 0 0.345532
 0 0.428579
 0 0.388813
 0 0.431901
 0 0.46412
 0 0.358823
 0 0.388483
 0 0.333769
 0 0.368842
 0 0.416153
 0 0.371398
 0 0.323436
 0 0.390548
 0 0.38131
 0 0.369767
 0 0.376184
 0 0.420768
 0 0.28854
 0 0.398495
 0 0.392436
 0 0.46809
 0 0.356784
 0 0.337843
 0 0.441545
 0 0.36819
 0 0.353781
 0 0.347587
 0 0.441005
 0 0.301264
 0 0.336551
 0 0.393408
 0 0.386143
 0 0.365926
 0 0.381205
 0 0.307882
 0 0.39459
 0 0.344396
 0 0.420974
 0 0.382313
 0 0.420066
 0 0.359478
 0 0.32009
 0 0.378465
 0 0.357754
 0 0.38645
 0 0.470394
 0 0.402166
 0 0.437802
 0 0.430226
 0 0.405007
 0 0.432202
 0 0.36122
 0 0.414129
 0 0.344701
 0 0.45014
 0 0.344647
 0 0.430912
 0 0.362812
 0 0.388451
 0 0.49973
 0 0.331384
 0 0.334281
 0 0.385883
 0 0.38776
 0 0.384699
 0 0.426068
 0 0.405281
 0 0.406064
 0 0.435351
 0 0.379423
 0 0.420443
 0 0.333302
 0 0.348944
 0 0.393325
 0 0.345137
 0 0.433052
 0 0.409915
 0 0.401478
 0 0.42498
 0 0.39683
 0 0.414824
 0 0.363838
 0 0.375265
 0 0.331357
 0 0.361302
 0 0.378296
 0 0.434614
 0 0.355433
 0 0.408493
 0 0.442658
 0 0.413225
 0 0.342053
 0 0.392506
 0 0.462805
 0 0.395616
 0 0.374921
 0 0.454516
 0 0.389927
 0 0.415729
 0 0.37458
 0 0.364599
 0 0.436266
 0 0.502113
 0 0.385223
 0 0.445705
 0 0.421104
 0 0.360721
 0 0.343751
 0 0.471796
 0 0.415915
 0 0.45668
 0 0.319788
 0 0.372123
 0 0.535257
 0 0.428187
 0 0.408494
 0 0.39115
 0 0.421223
 0 0.436891
 0 0.444111
 0 0.398552
 0 0.404996
 0 0.429687
 0 0.35588
 0 0.44797
 0 0.333906
 0 0.379317
 0 0.403897
 0 0.389999
 0 0.463116
 0 0.46677
 0 0.346521
 0 0.294069
 0 0.400722
 0 0.314919
 0 0.405506
 0 0.369268
 0 0.425468
 0 0.395445
 0 0.357156
 0 0.464981
 0 0.406157
 0 0.417617
 0 0.481986
 0 0.390883
 0 0.42657
 0 0.418712
 0 0.380705
 0 0.441957
 0 0.407597
 0 0.346358
 0 0.419736
 0 0.357872
 0 0.352338
 0 0.345741
 0 0.375403
 0 0.424837
 0 0.42371
 0 0.364788
 0 0.36517
 0 0.458714
 0 0.349919
 0 0.411329
 0 0.405612
 0 0.347996
 0 0.474117
 0 0.420478
 0 0.407041
 0 0.382678
 0 0.39499
 0 0.414991
 0 0.472077
 0 0.38069
 0 0.315802
 0 0.392474
 0 0.338276
 0 0.416665
 0 0.433564
 0 0.401682
 0 0.323496
 0 0.388926
 0 0.436935
 0 0.442897
 0 0.35616
 0 0.421941
 0 0.449992
 0 0.463959
 0 0.348589
 0 0.40343
 0 0.388645
 0 0.339425
 0 0.410563
 0 0.412651
 0 0.467582
 0 0.339324
 0 0.412028
 0 0.375237
 0 0.39416
 0 0.401934
 0 0.42486
 0 0.32931
 0 0.282227
 0 0.435557
 0 0.471025
 0 0.422803
 0 0.473733
 0 0.426205
 0 0.405112
 0 0.357471
 0 0.345864
 0 0.296991
 0 0.449575
 0 0.384133
 0 0.413911
 0 0.380506
 0 0.358407
 0 0.495851
 0 0.383032
 0 0.398434
 0 0.349577
 0 0.413684
 0 0.412765
 0 0.389131
 0 0.47404
