535 1 0 0 1
 0 0.336579
 0 0.330841
 0 0.339946
 0 0.353848
 0 0.353636
 0 0.333234
 0 0.354483
 0 0.314169
 0 0.324977
 0 0.318561
 0 0.314732
 0 0.354408
 0 0.371356
 0 0.367915
 0 0.3587
 0 0.324778
 0 0.345929
 0 0.317073
 0 0.35814
 0 0.348776
 0 0.317918
 0 0.360775
 0 0.337737
 0 0.33145
 0 0.328956
 0 0.348267
 0 0.360285
 0 0.381757
 0 0.358588
 0 0.320846
 0 0.386146
 0 0.356339
 0 0.342611
 0 0.3184
 0 0.361134
 0 0.378185
 0 0.367979
 0 0.374718
 0 0.359554
 0 0.357966
 0 0.341402
 0 0.344636
 0 0.330519
 0 0.333016
 0 0.339626
 0 0.337634
 0 0.353264
 0 0.348571
 0 0.316871
 0 0.353003
 0 0.354742
 0 0.353464
 0 0.364796
 0 0.35238
 0 0.327777
 0 0.33244
 0 0.345629
 0 0.324785
 0 0.328898
 0 0.308401
 0 0.364781
 0 0.334956
 0 0.314067
 0 0.33093
 0 0.30492
 0 0.333449
 0 0.337114
 0 0.327561
 0 0.387507
 0 0.350142
 0 0.323216
 0 0.342946
 0 0.333577
 0 0.324082
 0 0.339463
 0 0.321568
 0 0.346164
 0 0.320356
 0 0.327104
 0 0.31182
 0 0.341786
 0 0.335901
 0 0.314913
 0 0.340692
 0 0.340245
 0 0.29335
 0 0.317641
 0 0.362026
 0 0.32734
 0 0.337669
 0 0.339075
 0 0.370611
 0 0.345132
 0 0.345511
 0 0.372049
 0 0.340276
 0 0.340341
 0 0.38626
 0 0.358115
 0 0.34041
 0 0.354322
 0 0.355267
 0 0.335824
 0 0.353541
 0 0.341883
 0 0.338284
 0 0.352318
 0 0.368184
 0 0.342827
 0 0.354862
 0 0.328693
 0 0.371241
 0 0.334736
 0 0.315645
 0 0.306336
 0 0.322543
 0 0.314985
 0 0.316944
 0 0.376031
 0 0.387561
 0 0.351754
 0 0.359632
 0 0.35555
 0 0.357778
 0 0.33764
 0 0.34368
 0 0.376721
 0 0.351466
 0 0.340387
 0 0.354574
 0 0.3435
 0 0.351045
 0 0.372988
 0 0.347654
 0 0.355162
 0 0.332503
 0 0.333306
 0 0.337761
 0 0.340663
 0 0.311761
 0 0.325746
 0 0.334351
 0 0.345013
 0 0.348811
 0 0.352196
 0 0.360162
 0 0.349382
 0 0.378195
 0 0.350674
 0 0.347978
 0 0.327516
 0 0.347627
 0 0.339228
 0 0.337826
 0 0.288709
 0 0.364676
 0 0.343437
 0 0.336362
 0 0.335704
 0 0.348396
 0 0.366129
 0 0.35284
 0 0.315463
 0 0.348241
 0 0.353834
 0 0.316968
 0 0.311578
 0 0.32813
 0 0.313812
 0 0.341825
 0 0.33659
 0 0.361473
 0 0.343887
 0 0.347343
 0 0.339899
 0 0.34102
 0 0.343548
 0 0.347867
 0 0.370397
 0 0.386187
 0 0.294105
 0 0.381577
 0 0.342512
 0 0.356771
 0 0.33599
 0 0.316236
 0 0.333695
 0 0.317217
 0 0.345661
 0 0.381853
 0 0.347784
 0 0.341738
 0 0.361679
 0 0.330604
 0 0.360096
 0 0.357573
 0 0.333274
 0 0.342111
 0 0.359672
 0 0.353174
 0 0.367304
 0 0.328425
 0 0.350168
 0 0.37178
 0 0.352655
 0 0.330342
 0 0.332199
 0 0.339796
 0 0.341256
 0 0.32015
 0 0.338755
 0 0.320201
 0 0.336485
 0 0.339877
 0 0.353059
 0 0.350584
 0 0.362237
 0 0.332388
 0 0.357197
 0 0.397909
 0 0.341059
 0 0.350343
 0 0.364965
 0 0.346113
 0 0.339641
 0 0.330777
 0 0.327132
 0 0.335662
 0 0.333554
 0 0.349895
 0 0.366654
 0 0.332097
 0 0.352281
 0 0.359107
 0 0.373143
 0 0.330743
 0 0.319717
 0 0.355205
 0 0.331095
 0 0.328778
 0 0.345655
 0 0.33853
 0 0.342166
 0 0.323585
 0 0.32855
 0 0.330334
 0 0.346388
 0 0.336449
 0 0.344279
 0 0.326687
 0 0.333627
 0 0.360634
 0 0.349059
 0 0.355908
 0 0.376369
 0 0.340171
 0 0.336437
 0 0.34753
 0 0.354714
 0 0.357936
 0 0.340379
 0 0.328001
 0 0.348887
 0 0.330943
 0 0.306661
 0 0.355987
 0 0.349467
 0 0.378156
 0 0.315558
 0 0.33326
 0 0.340638
 0 0.348517
 0 0.333013
 0 0.34869
 0 0.357862
 0 0.308072
 0 0.310852
 0 0.332754
 0 0.358631
 0 0.348681
 0 0.366312
 0 0.342548
 0 0.372799
 0 0.327151
 0 0.343279
 0 0.325538
 0 0.316277
 0 0.326066
 0 0.355503
 0 0.355373
 0 0.345684
 0 0.342557
 0 0.324928
 0 0.343279
 0 0.345894
 0 0.349563
 0 0.351291
 0 0.321005
 0 0.32572
 0 0.34586
 0 0.354708
 0 0.327443
 0 0.349825
 0 0.332633
 0 0.329211
 0 0.341434
 0 0.35675
 0 0.349161
 0 0.370583
 0 0.357085
 0 0.33206
 0 0.360489
 0 0.326649
 0 0.337083
 0 0.340205
 0 0.363875
 0 0.347335
 0 0.346489
 0 0.315548
 0 0.304012
 0 0.356314
 0 0.32333
 0 0.343128
 0 0.340038
 0 0.358667
 0 0.348125
 0 0.342426
 0 0.349776
 0 0.331956
 0 0.310665
 0 0.34121
 0 0.358341
 0 0.329829
 0 0.333208
 0 0.335103
 0 0.353711
 0 0.309463
 0 0.341073
 0 0.356021
 0 0.330841
 0 0.333888
 0 0.337672
 0 0.311121
 0 0.374698
 0 0.318707
 0 0.324014
 0 0.367959
 0 0.331244
 0 0.326485
 0 0.306155
 0 0.332877
 0 0.364235
 0 0.328477
 0 0.335639
 0 0.349094
 0 0.290226
 0 0.339001
 0 0.380182
 0 0.352096
 0 0.325397
 0 0.320489
 0 0.349067
 0 0.339094
 0 0.355386
 0 0.340686
 0 0.343267
 0 0.332877
 0 0.311123
 0 0.34087
 0 0.382185
 0 0.370718
 0 0.316434
 0 0.329639
 0 0.335591
 0 0.382358
 0 0.310224
 0 0.325193
 0 0.33905
 0 0.36362
 0 0.330826
 0 0.33072
 0 0.369655
 0 0.322549
 0 0.324432
 0 0.32101
 0 0.342494
 0 0.367096
 0 0.350822
 0 0.316457
 0 0.347813
 0 0.354434
 0 0.352646
 0 0.315866
 0 0.371377
 0 0.332168
 0 0.357198
 0 0.332334
 0 0.364094
 0 0.36326
 0 0.348472
 0 0.337593
 0 0.357536
 0 0.358219
 0 0.330741
 0 0.345162
 0 0.351037
 0 0.363983
 0 0.345576
 0 0.353899
 0 0.343902
 0 0.333049
 0 0.308205
 0 0.33307
 0 0.375405
 0 0.355744
 0 0.32759
 0 0.34949
 0 0.336659
 0 0.296417
 0 0.355355
 0 0.358357
 0 0.316391
 0 0.336109
 0 0.328524
 0 0.342586
 0 0.348349
 0 0.351322
 0 0.311807
 0 0.350621
 0 0.342129
 0 0.339935
 0 0.325198
 0 0.343408
 0 0.365309
 0 0.319246
 0 0.328441
 0 0.328596
 0 0.298077
 0 0.337665
 0 0.370948
 0 0.376446
 0 0.376825
 0 0.338664
 0 0.322909
 0 0.347524
 0 0.353348
 0 0.330962
 0 0.350037
 0 0.358134
 0 0.336939
 0 0.358166
 0 0.392742
 0 0.345335
 0 0.359722
 0 0.355244
 0 0.36808
 0 0.339264
 0 0.345231
 0 0.334433
 0 0.352331
 0 0.347643
 0 0.331085
 0 0.332621
 0 0.328713
 0 0.327373
 0 0.345879
 0 0.335535
 0 0.35623
 0 0.360911
 0 0.340251
 0 0.350388
 0 0.354735
 0 0.344758
 0 0.362278
 0 0.333129
 0 0.33508
 0 0.360914
 0 0.363872
 0 0.349556
 0 0.360487
 0 0.351048
 0 0.37766
 0 0.366872
 0 0.324246
 0 0.347265
 0 0.351158
 0 0.370755
 0 0.341175
 0 0.340537
 0 0.372078
 0 0.335011
 0 0.345704
 0 0.328388
 0 0.318217
 0 0.334969
 0 0.332874
 0 0.331927
 0 0.354441
 0 0.327095
 0 0.341418
 0 0.324428
 0 0.3242
 0 0.3403
 0 0.302589
 0 0.323175
 0 0.358553
 0 0.346306
 0 0.359867
 0 0.323409
 0 0.336639
 0 0.347002
 0 0.33796
 0 0.321529
 0 0.335398
 0 0.361126
 0 0.367832
 0 0.362798
 0 0.3401
 0 0.353117
 0 0.365721
 0 0.321259
 0 0.336707
 0 0.36036
 0 0.3588
 0 0.320372
 0 0.346208
 0 0.362268
 0 0.37028
 0 0.355681
 0 0.403399
 0 0.325428
 0 0.362102
 0 0.387832
 0 0.338551
 0 0.353775
