535 1 0 0 1
 0 0.673158
 0 0.661682
 0 0.679892
 0 0.707696
 0 0.707272
 0 0.666468
 0 0.708966
 0 0.628338
 0 0.649954
 0 0.637122
 0 0.629464
 0 0.708816
 0 0.742712
 0 0.73583
 0 0.7174
 0 0.649556
 0 0.691858
 0 0.634146
 0 0.71628
 0 0.697552
 0 0.635836
 0 0.72155
 0 0.675474
 0 0.6629
 0 0.657912
 0 0.696534
 0 0.72057
 0 0.763514
 0 0.717176
 0 0.641692
 0 0.772292
 0 0.712678
 0 0.685222
 0 0.6368
 0 0.722268
 0 0.75637
 0 0.735958
 0 0.749436
 0 0.719108
 0 0.715932
 0 0.682804
 0 0.689272
 0 0.661038
 0 0.666032
 0 0.679252
 0 0.675268
 0 0.706528
 0 0.697142
 0 0.633742
 0 0.706006
 0 0.709484
 0 0.706928
 0 0.729592
 0 0.70476
 0 0.655554
 0 0.66488
 0 0.691258
 0 0.64957
 0 0.657796
 0 0.616802
 0 0.729562
 0 0.669912
 0 0.628134
 0 0.66186
 0 0.60984
 0 0.666898
 0 0.674228
 0 0.655122
 0 0.775014
 0 0.700284
 0 0.646432
 0 0.685892
 0 0.667154
 0 0.648164
 0 0.678926
 0 0.643136
 0 0.692328
 0 0.640712
 0 0.654208
 0 0.62364
 0 0.683572
 0 0.671802
 0 0.629826
 0 0.681384
 0 0.68049
 0 0.5867
 0 0.635282
 0 0.724052
 0 0.65468
 0 0.675338
 0 0.67815
 0 0.741222
 0 0.690264
 0 0.691022
 0 0.744098
 0 0.680552
 0 0.680682
 0 0.77252
 0 0.71623
 0 0.68082
 0 0.708644
 0 0.710534
 0 0.671648
 0 0.707082
 0 0.683766
 0 0.676568
 0 0.704636
 0 0.736368
 0 0.685654
 0 0.709724
 0 0.657386
 0 0.742482
 0 0.669472
 0 0.63129
 0 0.612672
 0 0.645086
 0 0.62997
 0 0.633888
 0 0.752062
 0 0.775122
 0 0.703508
 0 0.719264
 0 0.7111
 0 0.715556
 0 0.67528
 0 0.68736
 0 0.753442
 0 0.702932
 0 0.680774
 0 0.709148
 0 0.687
 0 0.70209
 0 0.745976
 0 0.695308
 0 0.710324
 0 0.665006
 0 0.666612
 0 0.675522
 0 0.681326
 0 0.623522
 0 0.651492
 0 0.668702
 0 0.690026
 0 0.697622
 0 0.704392
 0 0.720324
 0 0.698764
 0 0.75639
 0 0.701348
 0 0.695956
 0 0.655032
 0 0.695254
 0 0.678456
 0 0.675652
 0 0.577418
 0 0.729352
 0 0.686874
 0 0.672724
 0 0.671408
 0 0.696792
 0 0.732258
 0 0.70568
 0 0.630926
 0 0.696482
 0 0.707668
 0 0.633936
 0 0.623156
 0 0.65626
 0 0.627624
 0 0.68365
 0 0.67318
 0 0.722946
 0 0.687774
 0 0.694686
 0 0.679798
 0 0.68204
 0 0.687096
 0 0.695734
 0 0.740794
 0 0.772374
 0 0.58821
 0 0.763154
 0 0.685024
 0 0.713542
 0 0.67198
 0 0.632472
 0 0.66739
 0 0.634434
 0 0.691322
 0 0.763706
 0 0.695568
 0 0.683476
 0 0.723358
 0 0.661208
 0 0.720192
 0 0.715146
 0 0.666548
 0 0.684222
 0 0.719344
 0 0.706348
 0 0.734608
 0 0.65685
 0 0.700336
 0 0.74356
 0 0.70531
 0 0.660684
 0 0.664398
 0 0.679592
 0 0.682512
 0 0.6403
 0 0.67751
 0 0.640402
 0 0.67297
 0 0.679754
 0 0.706118
 0 0.701168
 0 0.724474
 0 0.664776
 0 0.714394
 0 0.795818
 0 0.682118
 0 0.700686
 0 0.72993
 0 0.692226
 0 0.679282
 0 0.661554
 0 0.654264
 0 0.671324
 0 0.667108
 0 0.69979
 0 0.733308
 0 0.664194
 0 0.704562
 0 0.718214
 0 0.746286
 0 0.661486
 0 0.639434
 0 0.71041
 0 0.66219
 0 0.657556
 0 0.69131
 0 0.67706
 0 0.684332
 0 0.64717
 0 0.6571
 0 0.660668
 0 0.692776
 0 0.672898
 0 0.688558
 0 0.653374
 0 0.667254
 0 0.721268
 0 0.698118
 0 0.711816
 0 0.752738
 0 0.680342
 0 0.672874
 0 0.69506
 0 0.709428
 0 0.715872
 0 0.680758
 0 0.656002
 0 0.697774
 0 0.661886
 0 0.613322
 0 0.711974
 0 0.698934
 0 0.756312
 0 0.631116
 0 0.66652
 0 0.681276
 0 0.697034
 0 0.666026
 0 0.69738
 0 0.715724
 0 0.616144
 0 0.621704
 0 0.665508
 0 0.717262
 0 0.697362
 0 0.732624
 0 0.685096
 0 0.745598
 0 0.654302
 0 0.686558
 0 0.651076
 0 0.632554
 0 0.652132
 0 0.711006
 0 0.710746
 0 0.691368
 0 0.685114
 0 0.649856
 0 0.686558
 0 0.691788
 0 0.699126
 0 0.702582
 0 0.64201
 0 0.65144
 0 0.69172
 0 0.709416
 0 0.654886
 0 0.69965
 0 0.665266
 0 0.658422
 0 0.682868
 0 0.7135
 0 0.698322
 0 0.741166
 0 0.71417
 0 0.66412
 0 0.720978
 0 0.653298
 0 0.674166
 0 0.68041
 0 0.72775
 0 0.69467
 0 0.692978
 0 0.631096
 0 0.608024
 0 0.712628
 0 0.64666
 0 0.686256
 0 0.680076
 0 0.717334
 0 0.69625
 0 0.684852
 0 0.699552
 0 0.663912
 0 0.62133
 0 0.68242
 0 0.716682
 0 0.659658
 0 0.666416
 0 0.670206
 0 0.707422
 0 0.618926
 0 0.682146
 0 0.712042
 0 0.661682
 0 0.667776
 0 0.675344
 0 0.622242
 0 0.749396
 0 0.637414
 0 0.648028
 0 0.735918
 0 0.662488
 0 0.65297
 0 0.61231
 0 0.665754
 0 0.72847
 0 0.656954
 0 0.671278
 0 0.698188
 0 0.580452
 0 0.678002
 0 0.760364
 0 0.704192
 0 0.650794
 0 0.640978
 0 0.698134
 0 0.678188
 0 0.710772
 0 0.681372
 0 0.686534
 0 0.665754
 0 0.622246
 0 0.68174
 0 0.76437
 0 0.741436
 0 0.632868
 0 0.659278
 0 0.671182
 0 0.764716
 0 0.620448
 0 0.650386
 0 0.6781
 0 0.72724
 0 0.661652
 0 0.66144
 0 0.73931
 0 0.645098
 0 0.648864
 0 0.64202
 0 0.684988
 0 0.734192
 0 0.701644
 0 0.632914
 0 0.695626
 0 0.708868
 0 0.705292
 0 0.631732
 0 0.742754
 0 0.664336
 0 0.714396
 0 0.664668
 0 0.728188
 0 0.72652
 0 0.696944
 0 0.675186
 0 0.715072
 0 0.716438
 0 0.661482
 0 0.690324
 0 0.702074
 0 0.727966
 0 0.691152
 0 0.707798
 0 0.687804
 0 0.666098
 0 0.61641
 0 0.66614
 0 0.75081
 0 0.711488
 0 0.65518
 0 0.69898
 0 0.673318
 0 0.592834
 0 0.71071
 0 0.716714
 0 0.632782
 0 0.672218
 0 0.657048
 0 0.685172
 0 0.696698
 0 0.702644
 0 0.623614
 0 0.701242
 0 0.684258
 0 0.67987
 0 0.650396
 0 0.686816
 0 0.730618
 0 0.638492
 0 0.656882
 0 0.657192
 0 0.596154
 0 0.67533
 0 0.741896
 0 0.752892
 0 0.75365
 0 0.677328
 0 0.645818
 0 0.695048
 0 0.706696
 0 0.661924
 0 0.700074
 0 0.716268
 0 0.673878
 0 0.716332
 0 0.785484
 0 0.69067
 0 0.719444
 0 0.710488
 0 0.73616
 0 0.678528
 0 0.690462
 0 0.668866
 0 0.704662
 0 0.695286
 0 0.66217
 0 0.665242
 0 0.657426
 0 0.654746
 0 0.691758
 0 0.67107
 0 0.71246
 0 0.721822
 0 0.680502
 0 0.700776
 0 0.70947
 0 0.689516
 0 0.724556
 0 0.666258
 0 0.67016
 0 0.721828
 0 0.727744
 0 0.699112
 0 0.720974
 0 0.702096
 0 0.75532
 0 0.733744
 0 0.648492
 0 0.69453
 0 0.702316
 0 0.74151
 0 0.68235
 0 0.681074
 0 0.744156
 0 0.670022
 0 0.691408
 0 0.656776
 0 0.636434
 0 0.669938
 0 0.665748
 0 0.663854
 0 0.708882
 0 0.65419
 0 0.682836
 0 0.648856
 0 0.6484
 0 0.6806
 0 0.605178
 0 0.64635
 0 0.717106
 0 0.692612
 0 0.719734
 0 0.646818
 0 0.673278
 0 0.694004
 0 0.67592
 0 0.643058
 0 0.670796
 0 0.722252
 0 0.735664
 0 0.725596
 0 0.6802
 0 0.706234
 0 0.731442
 0 0.642518
 0 0.673414
 0 0.72072
 0 0.7176
 0 0.640744
 0 0.692416
 0 0.724536
 0 0.74056
 0 0.711362
 0 0.806798
 0 0.650856
 0 0.724204
 0 0.775664
 0 0.677102
 0 0.70755
