535 1 0 0 1
 0 0.292763
 0 0.373089
 0 0.379193
 0 0.329416
 0 0.349572
 0 0.297472
 0 0.319334
 0 0.355399
 0 0.343063
 0 0.308058
 0 0.328729
 0 0.312067
 0 0.392419
 0 0.431083
 0 0.350579
 0 0.334089
 0 0.313185
 0 0.329779
 0 0.415161
 0 0.373715
 0 0.347732
 0 0.337765
 0 0.323494
 0 0.362705
 0 0.371538
 0 0.355114
 0 0.355589
 0 0.337944
 0 0.348232
 0 0.347016
 0 0.368001
 0 0.319701
 0 0.35178
 0 0.353023
 0 0.357565
 0 0.293048
 0 0.352869
 0 0.367171
 0 0.31432
 0 0.330702
 0 0.355454
 0 0.368384
 0 0.287165
 0 0.407224
 0 0.345552
 0 0.362137
 0 0.352935
 0 0.363169
 0 0.343718
 0 0.393339
 0 0.384661
 0 0.347437
 0 0.362767
 0 0.315756
 0 0.363834
 0 0.31287
 0 0.338087
 0 0.334531
 0 0.331631
 0 0.314034
 0 0.311594
 0 0.313982
 0 0.338466
 0 0.349562
 0 0.326715
 0 0.335065
 0 0.319098
 0 0.349126
 0 0.339212
 0 0.328442
 0 0.370765
 0 0.374865
 0 0.350807
 0 0.345966
 0 0.389654
 0 0.312
 0 0.36129
 0 0.28311
 0 0.335452
 0 0.313488
 0 0.335193
 0 0.347638
 0 0.342929
 0 0.36735
 0 0.349423
 0 0.346264
 0 0.330781
 0 0.358196
 0 0.338734
 0 0.336115
 0 0.322311
 0 0.342039
 0 0.342269
 0 0.335831
 0 0.345127
 0 0.322508
 0 0.33515
 0 0.343796
 0 0.353907
 0 0.343617
 0 0.366341
 0 0.327
 0 0.319594
 0 0.313465
 0 0.3419
 0 0.337695
 0 0.336762
 0 0.299473
 0 0.331232
 0 0.33301
 0 0.362798
 0 0.39964
 0 0.308282
 0 0.288857
 0 0.340478
 0 0.342385
 0 0.288665
 0 0.318965
 0 0.366146
 0 0.341727
 0 0.356722
 0 0.361233
 0 0.398252
 0 0.417313
 0 0.380276
 0 0.327863
 0 0.312077
 0 0.356028
 0 0.369306
 0 0.391252
 0 0.307372
 0 0.363837
 0 0.353573
 0 0.35766
 0 0.396537
 0 0.38874
 0 0.28744
 0 0.370612
 0 0.308971
 0 0.337777
 0 0.339362
 0 0.334634
 0 0.280037
 0 0.334715
 0 0.376636
 0 0.331476
 0 0.377316
 0 0.3401
 0 0.346265
 0 0.348041
 0 0.318063
 0 0.330082
 0 0.338575
 0 0.35872
 0 0.361719
 0 0.357217
 0 0.38279
 0 0.318298
 0 0.335907
 0 0.345667
 0 0.36633
 0 0.367792
 0 0.369652
 0 0.323213
 0 0.366362
 0 0.293084
 0 0.304659
 0 0.289152
 0 0.39122
 0 0.341022
 0 0.348026
 0 0.360217
 0 0.326674
 0 0.349041
 0 0.374453
 0 0.30204
 0 0.34941
 0 0.342379
 0 0.357839
 0 0.401689
 0 0.343609
 0 0.380898
 0 0.356658
 0 0.327544
 0 0.388066
 0 0.366834
 0 0.392018
 0 0.291981
 0 0.368074
 0 0.361813
 0 0.343425
 0 0.352882
 0 0.378335
 0 0.318975
 0 0.359705
 0 0.306661
 0 0.383639
 0 0.341379
 0 0.339257
 0 0.357027
 0 0.341245
 0 0.382418
 0 0.345095
 0 0.369682
 0 0.327683
 0 0.399789
 0 0.335813
 0 0.354042
 0 0.338738
 0 0.404928
 0 0.293089
 0 0.32097
 0 0.308283
 0 0.313794
 0 0.315213
 0 0.355906
 0 0.319596
 0 0.319683
 0 0.309176
 0 0.341385
 0 0.327183
 0 0.333781
 0 0.331704
 0 0.354222
 0 0.301518
 0 0.316973
 0 0.263729
 0 0.294508
 0 0.359293
 0 0.305851
 0 0.312945
 0 0.337233
 0 0.389867
 0 0.338644
 0 0.332942
 0 0.303318
 0 0.294074
 0 0.342832
 0 0.314935
 0 0.319952
 0 0.34261
 0 0.338076
 0 0.379463
 0 0.305001
 0 0.349123
 0 0.311937
 0 0.389354
 0 0.338878
 0 0.32578
 0 0.352016
 0 0.341687
 0 0.360108
 0 0.328615
 0 0.382939
 0 0.297886
 0 0.339822
 0 0.362835
 0 0.355641
 0 0.368699
 0 0.34424
 0 0.356636
 0 0.347483
 0 0.340185
 0 0.349013
 0 0.304379
 0 0.392152
 0 0.333264
 0 0.348167
 0 0.355887
 0 0.370718
 0 0.398264
 0 0.364123
 0 0.276727
 0 0.352752
 0 0.360886
 0 0.345345
 0 0.357371
 0 0.367288
 0 0.315856
 0 0.342056
 0 0.345045
 0 0.363921
 0 0.376459
 0 0.303012
 0 0.321062
 0 0.350831
 0 0.392975
 0 0.290974
 0 0.30169
 0 0.321178
 0 0.300201
 0 0.328242
 0 0.35294
 0 0.335455
 0 0.347962
 0 0.378124
 0 0.345479
 0 0.313938
 0 0.355703
 0 0.345048
 0 0.362951
 0 0.35026
 0 0.363808
 0 0.363487
 0 0.306465
 0 0.382298
 0 0.38665
 0 0.3434
 0 0.298768
 0 0.350909
 0 0.313732
 0 0.346471
 0 0.321468
 0 0.360391
 0 0.322737
 0 0.37479
 0 0.317531
 0 0.376335
 0 0.326857
 0 0.319492
 0 0.343134
 0 0.314831
 0 0.343538
 0 0.341924
 0 0.31171
 0 0.3354
 0 0.314584
 0 0.414856
 0 0.29977
 0 0.291747
 0 0.371221
 0 0.339927
 0 0.363604
 0 0.339064
 0 0.331512
 0 0.377412
 0 0.338745
 0 0.348296
 0 0.356566
 0 0.340515
 0 0.307571
 0 0.343563
 0 0.32545
 0 0.363401
 0 0.330061
 0 0.343096
 0 0.325674
 0 0.307165
 0 0.326302
 0 0.348131
 0 0.341941
 0 0.349671
 0 0.356515
 0 0.354404
 0 0.280191
 0 0.305991
 0 0.353421
 0 0.368466
 0 0.330598
 0 0.292304
 0 0.334371
 0 0.333828
 0 0.336447
 0 0.406904
 0 0.303891
 0 0.315699
 0 0.274014
 0 0.346285
 0 0.318229
 0 0.337786
 0 0.329226
 0 0.295067
 0 0.323628
 0 0.324581
 0 0.312318
 0 0.283264
 0 0.303704
 0 0.29723
 0 0.320962
 0 0.303085
 0 0.352183
 0 0.316996
 0 0.323244
 0 0.311653
 0 0.329508
 0 0.373541
 0 0.401755
 0 0.36219
 0 0.390695
 0 0.379749
 0 0.363595
 0 0.347074
 0 0.336439
 0 0.347288
 0 0.350908
 0 0.366157
 0 0.347178
 0 0.354667
 0 0.36945
 0 0.354147
 0 0.353924
 0 0.368268
 0 0.359599
 0 0.335965
 0 0.353331
 0 0.321836
 0 0.367497
 0 0.380451
 0 0.385093
 0 0.343232
 0 0.296145
 0 0.317417
 0 0.3307
 0 0.324165
 0 0.334402
 0 0.394969
 0 0.361733
 0 0.355664
 0 0.367632
 0 0.343719
 0 0.335631
 0 0.316598
 0 0.317933
 0 0.28874
 0 0.352867
 0 0.299889
 0 0.340555
 0 0.295335
 0 0.308498
 0 0.329943
 0 0.348091
 0 0.326097
 0 0.345872
 0 0.329853
 0 0.333131
 0 0.330418
 0 0.331781
 0 0.362584
 0 0.351362
 0 0.350534
 0 0.352983
 0 0.354883
 0 0.353879
 0 0.345811
 0 0.320246
 0 0.355547
 0 0.34493
 0 0.350245
 0 0.332873
 0 0.345073
 0 0.31331
 0 0.311093
 0 0.28305
 0 0.359065
 0 0.31973
 0 0.345095
 0 0.383152
 0 0.350306
 0 0.372639
 0 0.376713
 0 0.330874
 0 0.332219
 0 0.359216
 0 0.310584
 0 0.385424
 0 0.333631
 0 0.370992
 0 0.336546
 0 0.401045
 0 0.321126
 0 0.353119
 0 0.359692
 0 0.389247
 0 0.332332
 0 0.384577
 0 0.3552
 0 0.325084
 0 0.375081
 0 0.376213
 0 0.321226
 0 0.338369
 0 0.349211
 0 0.370027
 0 0.335426
 0 0.332291
 0 0.321089
 0 0.33622
 0 0.320035
 0 0.327387
 0 0.357402
 0 0.328404
 0 0.370098
 0 0.353582
 0 0.332912
 0 0.323079
 0 0.332814
 0 0.333753
 0 0.373704
 0 0.346089
 0 0.337424
 0 0.308105
 0 0.323288
 0 0.298305
 0 0.303981
 0 0.36069
 0 0.350088
 0 0.305102
 0 0.321132
 0 0.334235
 0 0.389368
 0 0.32156
 0 0.355445
 0 0.318556
 0 0.329082
 0 0.326496
 0 0.339825
 0 0.357201
 0 0.366951
 0 0.365849
 0 0.29368
 0 0.298796
 0 0.324473
 0 0.376671
 0 0.350399
 0 0.342626
 0 0.362335
 0 0.336275
 0 0.323049
 0 0.352935
 0 0.387468
 0 0.30488
 0 0.367403
 0 0.359443
 0 0.3908
 0 0.347759
