535 1 0 0 1
 0 0.299226
 0 0.305805
 0 0.332758
 0 0.321921
 0 0.32458
 0 0.293212
 0 0.287484
 0 0.306525
 0 0.299963
 0 0.338163
 0 0.327768
 0 0.319107
 0 0.36391
 0 0.364058
 0 0.332175
 0 0.345841
 0 0.311368
 0 0.342679
 0 0.356939
 0 0.322874
 0 0.32598
 0 0.300407
 0 0.392641
 0 0.319595
 0 0.333207
 0 0.343444
 0 0.284556
 0 0.320628
 0 0.342944
 0 0.344276
 0 0.338356
 0 0.310283
 0 0.292629
 0 0.322371
 0 0.319209
 0 0.271711
 0 0.345009
 0 0.33126
 0 0.338441
 0 0.312259
 0 0.314597
 0 0.291163
 0 0.299291
 0 0.394399
 0 0.327744
 0 0.316903
 0 0.325916
 0 0.31754
 0 0.291098
 0 0.404326
 0 0.29793
 0 0.329349
 0 0.324634
 0 0.327971
 0 0.334626
 0 0.317725
 0 0.334092
 0 0.299214
 0 0.279268
 0 0.274909
 0 0.276516
 0 0.344728
 0 0.334208
 0 0.300338
 0 0.304131
 0 0.280175
 0 0.319308
 0 0.343656
 0 0.312197
 0 0.327349
 0 0.351923
 0 0.323864
 0 0.356561
 0 0.299329
 0 0.340522
 0 0.283931
 0 0.316478
 0 0.307769
 0 0.329903
 0 0.339925
 0 0.342265
 0 0.324773
 0 0.313808
 0 0.290992
 0 0.296554
 0 0.329975
 0 0.287111
 0 0.316851
 0 0.314231
 0 0.306539
 0 0.311226
 0 0.325658
 0 0.300751
 0 0.309046
 0 0.32538
 0 0.285409
 0 0.343213
 0 0.330343
 0 0.356729
 0 0.286192
 0 0.325604
 0 0.325736
 0 0.296609
 0 0.274716
 0 0.316033
 0 0.344258
 0 0.34396
 0 0.285264
 0 0.321946
 0 0.340628
 0 0.313044
 0 0.378292
 0 0.306201
 0 0.266322
 0 0.311115
 0 0.300519
 0 0.302984
 0 0.277043
 0 0.346477
 0 0.355829
 0 0.321109
 0 0.326838
 0 0.35517
 0 0.375259
 0 0.328702
 0 0.274764
 0 0.335533
 0 0.312393
 0 0.332855
 0 0.352525
 0 0.318044
 0 0.303089
 0 0.323567
 0 0.333657
 0 0.319248
 0 0.321518
 0 0.274478
 0 0.314054
 0 0.318009
 0 0.339374
 0 0.340193
 0 0.323754
 0 0.294321
 0 0.350702
 0 0.3545
 0 0.282971
 0 0.321199
 0 0.324857
 0 0.298048
 0 0.32864
 0 0.33661
 0 0.320584
 0 0.335186
 0 0.303264
 0 0.337734
 0 0.343937
 0 0.320416
 0 0.343671
 0 0.316148
 0 0.315122
 0 0.366738
 0 0.322514
 0 0.34925
 0 0.297514
 0 0.324967
 0 0.267113
 0 0.306922
 0 0.269581
 0 0.316895
 0 0.317504
 0 0.316157
 0 0.31756
 0 0.314359
 0 0.328539
 0 0.317251
 0 0.297771
 0 0.343317
 0 0.299382
 0 0.305206
 0 0.315885
 0 0.358723
 0 0.327779
 0 0.301538
 0 0.327998
 0 0.338171
 0 0.361668
 0 0.357658
 0 0.314036
 0 0.328988
 0 0.30454
 0 0.304471
 0 0.303409
 0 0.334814
 0 0.334744
 0 0.316626
 0 0.335354
 0 0.34499
 0 0.327914
 0 0.3161
 0 0.305317
 0 0.330077
 0 0.337361
 0 0.32498
 0 0.385951
 0 0.297328
 0 0.325687
 0 0.305613
 0 0.329358
 0 0.292143
 0 0.347345
 0 0.275304
 0 0.30152
 0 0.277886
 0 0.301355
 0 0.327907
 0 0.364569
 0 0.273294
 0 0.308043
 0 0.302646
 0 0.300094
 0 0.314778
 0 0.347947
 0 0.318521
 0 0.334124
 0 0.299458
 0 0.318864
 0 0.29498
 0 0.271507
 0 0.328181
 0 0.285855
 0 0.314757
 0 0.318282
 0 0.328334
 0 0.299623
 0 0.316958
 0 0.316534
 0 0.298654
 0 0.310225
 0 0.33773
 0 0.316066
 0 0.319868
 0 0.28958
 0 0.312026
 0 0.290834
 0 0.335895
 0 0.325272
 0 0.346876
 0 0.315914
 0 0.322459
 0 0.320572
 0 0.316659
 0 0.373337
 0 0.350339
 0 0.329949
 0 0.334945
 0 0.379641
 0 0.309737
 0 0.310447
 0 0.342382
 0 0.342852
 0 0.303957
 0 0.343249
 0 0.310883
 0 0.298054
 0 0.298009
 0 0.356614
 0 0.332201
 0 0.325581
 0 0.348628
 0 0.34289
 0 0.334142
 0 0.305338
 0 0.270177
 0 0.346863
 0 0.33169
 0 0.321714
 0 0.294964
 0 0.327429
 0 0.338501
 0 0.313841
 0 0.360329
 0 0.347731
 0 0.347754
 0 0.322541
 0 0.288307
 0 0.336539
 0 0.32865
 0 0.289946
 0 0.27945
 0 0.280781
 0 0.315713
 0 0.373637
 0 0.349152
 0 0.317862
 0 0.310631
 0 0.30406
 0 0.298798
 0 0.285004
 0 0.339317
 0 0.282178
 0 0.359379
 0 0.313133
 0 0.334266
 0 0.332773
 0 0.320888
 0 0.371247
 0 0.386998
 0 0.338557
 0 0.341515
 0 0.349949
 0 0.327555
 0 0.330183
 0 0.298387
 0 0.32956
 0 0.301621
 0 0.358062
 0 0.293067
 0 0.316282
 0 0.31078
 0 0.332133
 0 0.344225
 0 0.349411
 0 0.307854
 0 0.320349
 0 0.337531
 0 0.31527
 0 0.30735
 0 0.340014
 0 0.302915
 0 0.309525
 0 0.340256
 0 0.306637
 0 0.301646
 0 0.313358
 0 0.299186
 0 0.367554
 0 0.34295
 0 0.339628
 0 0.327385
 0 0.291911
 0 0.299784
 0 0.330558
 0 0.323153
 0 0.315711
 0 0.329063
 0 0.321656
 0 0.313319
 0 0.289168
 0 0.308545
 0 0.295051
 0 0.309417
 0 0.31672
 0 0.351962
 0 0.335222
 0 0.29508
 0 0.306068
 0 0.285153
 0 0.31517
 0 0.29162
 0 0.322951
 0 0.326116
 0 0.331541
 0 0.342544
 0 0.363487
 0 0.301315
 0 0.290716
 0 0.315932
 0 0.335118
 0 0.31601
 0 0.341444
 0 0.331552
 0 0.281645
 0 0.338128
 0 0.276586
 0 0.310131
 0 0.287413
 0 0.303227
 0 0.294537
 0 0.288668
 0 0.313932
 0 0.39279
 0 0.284333
 0 0.281866
 0 0.302819
 0 0.341969
 0 0.305257
 0 0.343383
 0 0.346746
 0 0.317688
 0 0.337636
 0 0.337069
 0 0.285533
 0 0.300458
 0 0.342246
 0 0.342988
 0 0.353869
 0 0.385293
 0 0.337934
 0 0.310888
 0 0.357047
 0 0.316792
 0 0.347279
 0 0.354871
 0 0.335175
 0 0.331637
 0 0.295942
 0 0.337155
 0 0.362393
 0 0.345775
 0 0.313589
 0 0.286237
 0 0.282516
 0 0.338206
 0 0.312121
 0 0.346234
 0 0.327052
 0 0.334014
 0 0.298744
 0 0.321115
 0 0.316353
 0 0.305882
 0 0.295013
 0 0.276916
 0 0.282651
 0 0.341359
 0 0.319089
 0 0.330158
 0 0.291928
 0 0.307128
 0 0.305563
 0 0.342915
 0 0.272939
 0 0.301857
 0 0.344685
 0 0.300257
 0 0.361233
 0 0.306332
 0 0.297737
 0 0.325652
 0 0.323153
 0 0.327646
 0 0.309287
 0 0.334307
 0 0.328183
 0 0.330773
 0 0.364874
 0 0.332567
 0 0.331112
 0 0.331186
 0 0.351211
 0 0.296893
 0 0.348542
 0 0.298253
 0 0.36858
 0 0.339498
 0 0.294135
 0 0.35057
 0 0.358929
 0 0.324697
 0 0.375318
 0 0.323164
 0 0.323732
 0 0.304652
 0 0.318427
 0 0.337644
 0 0.315879
 0 0.375106
 0 0.357347
 0 0.336505
 0 0.325933
 0 0.336008
 0 0.305708
 0 0.325925
 0 0.346125
 0 0.370406
 0 0.349149
 0 0.308721
 0 0.314145
 0 0.322211
 0 0.310895
 0 0.318816
 0 0.354683
 0 0.345363
 0 0.326385
 0 0.322669
 0 0.290171
 0 0.322399
 0 0.310934
 0 0.323261
 0 0.338107
 0 0.29577
 0 0.335079
 0 0.321603
 0 0.292803
 0 0.312932
 0 0.333955
 0 0.300725
 0 0.295849
 0 0.338683
 0 0.305436
 0 0.305809
 0 0.354647
 0 0.319943
 0 0.308191
 0 0.367807
 0 0.335982
 0 0.316984
 0 0.316924
 0 0.346674
 0 0.358267
 0 0.362813
 0 0.329796
 0 0.289997
 0 0.332291
 0 0.309443
 0 0.34768
 0 0.347099
 0 0.413199
 0 0.356229
 0 0.30833
 0 0.251032
 0 0.302124
 0 0.335561
 0 0.307784
 0 0.295804
 0 0.349946
 0 0.309552
 0 0.290077
 0 0.363584
 0 0.380377
 0 0.318989
 0 0.338883
 0 0.315719
 0 0.305472
 0 0.334867
