535 1 0 0 1
 0 0.379239
 0 0.413307
 0 0.394954
 0 0.336477
 0 0.404592
 0 0.392297
 0 0.403987
 0 0.402532
 0 0.374331
 0 0.328895
 0 0.432481
 0 0.327594
 0 0.481969
 0 0.446177
 0 0.373033
 0 0.436398
 0 0.386738
 0 0.387177
 0 0.437065
 0 0.408265
 0 0.404055
 0 0.381995
 0 0.395314
 0 0.387143
 0 0.473796
 0 0.364491
 0 0.424132
 0 0.406291
 0 0.376607
 0 0.357275
 0 0.470959
 0 0.439275
 0 0.443047
 0 0.44349
 0 0.409358
 0 0.348359
 0 0.395097
 0 0.394448
 0 0.381875
 0 0.394893
 0 0.401967
 0 0.366814
 0 0.34369
 0 0.437626
 0 0.43817
 0 0.372279
 0 0.327826
 0 0.359831
 0 0.439438
 0 0.427875
 0 0.42763
 0 0.379517
 0 0.398293
 0 0.413755
 0 0.353801
 0 0.3998
 0 0.445177
 0 0.421753
 0 0.358135
 0 0.317554
 0 0.306825
 0 0.289972
 0 0.387992
 0 0.395332
 0 0.435573
 0 0.309751
 0 0.349638
 0 0.49084
 0 0.401899
 0 0.408129
 0 0.383505
 0 0.403509
 0 0.388296
 0 0.425198
 0 0.416249
 0 0.350551
 0 0.367055
 0 0.288919
 0 0.410075
 0 0.418906
 0 0.379179
 0 0.448322
 0 0.427562
 0 0.439549
 0 0.409211
 0 0.405384
 0 0.444453
 0 0.381199
 0 0.394537
 0 0.411543
 0 0.400736
 0 0.361238
 0 0.412674
 0 0.359021
 0 0.367705
 0 0.395282
 0 0.383548
 0 0.437027
 0 0.462405
 0 0.397612
 0 0.392637
 0 0.35117
 0 0.460175
 0 0.454097
 0 0.395927
 0 0.433225
 0 0.380102
 0 0.361871
 0 0.397247
 0 0.367021
 0 0.372918
 0 0.437704
 0 0.387892
 0 0.354797
 0 0.341581
 0 0.395943
 0 0.370238
 0 0.410454
 0 0.456531
 0 0.371012
 0 0.381628
 0 0.442573
 0 0.406928
 0 0.373708
 0 0.388392
 0 0.367202
 0 0.393472
 0 0.459371
 0 0.438706
 0 0.400275
 0 0.350242
 0 0.408662
 0 0.439674
 0 0.415784
 0 0.407554
 0 0.407911
 0 0.312846
 0 0.444704
 0 0.415222
 0 0.368875
 0 0.378646
 0 0.434161
 0 0.379951
 0 0.387742
 0 0.375508
 0 0.427664
 0 0.383987
 0 0.386457
 0 0.405352
 0 0.385199
 0 0.359832
 0 0.363387
 0 0.411776
 0 0.415382
 0 0.329838
 0 0.395375
 0 0.434563
 0 0.412254
 0 0.423367
 0 0.39239
 0 0.354779
 0 0.372333
 0 0.376641
 0 0.381777
 0 0.413047
 0 0.372097
 0 0.326722
 0 0.350897
 0 0.427681
 0 0.408695
 0 0.42647
 0 0.42927
 0 0.412059
 0 0.407178
 0 0.368232
 0 0.383954
 0 0.429016
 0 0.396267
 0 0.363864
 0 0.414968
 0 0.3646
 0 0.376372
 0 0.396628
 0 0.411261
 0 0.369976
 0 0.402307
 0 0.442034
 0 0.394146
 0 0.41176
 0 0.391859
 0 0.356898
 0 0.437101
 0 0.437132
 0 0.398236
 0 0.394344
 0 0.40665
 0 0.410664
 0 0.393742
 0 0.410018
 0 0.4252
 0 0.374193
 0 0.448288
 0 0.420285
 0 0.385953
 0 0.455686
 0 0.352541
 0 0.429894
 0 0.458444
 0 0.402595
 0 0.415129
 0 0.382915
 0 0.398148
 0 0.370959
 0 0.380863
 0 0.360708
 0 0.403826
 0 0.343702
 0 0.383173
 0 0.392674
 0 0.428552
 0 0.411857
 0 0.414767
 0 0.453127
 0 0.421752
 0 0.329135
 0 0.32551
 0 0.345146
 0 0.301741
 0 0.40689
 0 0.420767
 0 0.369181
 0 0.377635
 0 0.44886
 0 0.368667
 0 0.380775
 0 0.351913
 0 0.339079
 0 0.328172
 0 0.309791
 0 0.370308
 0 0.396923
 0 0.394341
 0 0.394378
 0 0.283189
 0 0.397773
 0 0.374584
 0 0.440678
 0 0.407635
 0 0.371801
 0 0.375791
 0 0.438416
 0 0.370664
 0 0.385886
 0 0.459243
 0 0.370398
 0 0.370985
 0 0.451846
 0 0.371841
 0 0.449918
 0 0.485301
 0 0.431486
 0 0.434402
 0 0.380795
 0 0.42468
 0 0.417029
 0 0.458393
 0 0.462938
 0 0.41414
 0 0.432134
 0 0.428202
 0 0.48439
 0 0.329188
 0 0.380453
 0 0.431249
 0 0.429803
 0 0.317041
 0 0.417831
 0 0.437418
 0 0.380294
 0 0.387811
 0 0.41274
 0 0.399281
 0 0.388956
 0 0.332145
 0 0.398171
 0 0.354003
 0 0.32583
 0 0.385567
 0 0.350799
 0 0.413935
 0 0.387411
 0 0.409376
 0 0.362451
 0 0.361126
 0 0.380211
 0 0.448692
 0 0.410618
 0 0.396664
 0 0.408535
 0 0.39089
 0 0.377312
 0 0.408623
 0 0.412329
 0 0.377095
 0 0.425914
 0 0.379592
 0 0.428268
 0 0.428464
 0 0.413889
 0 0.399128
 0 0.333971
 0 0.367935
 0 0.43387
 0 0.366067
 0 0.339011
 0 0.436034
 0 0.357722
 0 0.365791
 0 0.346725
 0 0.390371
 0 0.359929
 0 0.417373
 0 0.354454
 0 0.359463
 0 0.358942
 0 0.389076
 0 0.384578
 0 0.422894
 0 0.321716
 0 0.396415
 0 0.435049
 0 0.471574
 0 0.393362
 0 0.390799
 0 0.369526
 0 0.477343
 0 0.388346
 0 0.422619
 0 0.403822
 0 0.298404
 0 0.38253
 0 0.426381
 0 0.387614
 0 0.394727
 0 0.417728
 0 0.299271
 0 0.394056
 0 0.317963
 0 0.392258
 0 0.340339
 0 0.42233
 0 0.434877
 0 0.397932
 0 0.361564
 0 0.35111
 0 0.31358
 0 0.394405
 0 0.471095
 0 0.368107
 0 0.338682
 0 0.304046
 0 0.415944
 0 0.361958
 0 0.520718
 0 0.353918
 0 0.347992
 0 0.349254
 0 0.460918
 0 0.34973
 0 0.323861
 0 0.368503
 0 0.394519
 0 0.38496
 0 0.338946
 0 0.345309
 0 0.289619
 0 0.373477
 0 0.380989
 0 0.343037
 0 0.374237
 0 0.340153
 0 0.397479
 0 0.407325
 0 0.389506
 0 0.414767
 0 0.383551
 0 0.446024
 0 0.45556
 0 0.419222
 0 0.39798
 0 0.398516
 0 0.382396
 0 0.432254
 0 0.423283
 0 0.411039
 0 0.42601
 0 0.405099
 0 0.410667
 0 0.38092
 0 0.408432
 0 0.438556
 0 0.401384
 0 0.357772
 0 0.39252
 0 0.441348
 0 0.338521
 0 0.370868
 0 0.489678
 0 0.460476
 0 0.415615
 0 0.381898
 0 0.33081
 0 0.415
 0 0.385112
 0 0.345571
 0 0.397988
 0 0.422406
 0 0.406646
 0 0.431287
 0 0.358365
 0 0.414358
 0 0.375801
 0 0.339946
 0 0.34772
 0 0.463749
 0 0.342644
 0 0.403175
 0 0.374508
 0 0.390789
 0 0.356076
 0 0.370693
 0 0.341799
 0 0.378691
 0 0.415591
 0 0.392141
 0 0.383326
 0 0.359911
 0 0.434042
 0 0.428196
 0 0.422006
 0 0.396626
 0 0.368081
 0 0.333915
 0 0.353535
 0 0.360288
 0 0.376822
 0 0.385235
 0 0.360541
 0 0.419867
 0 0.405118
 0 0.416044
 0 0.375885
 0 0.375932
 0 0.458416
 0 0.345755
 0 0.386314
 0 0.401297
 0 0.381292
 0 0.423606
 0 0.395316
 0 0.353743
 0 0.377817
 0 0.457989
 0 0.394542
 0 0.403141
 0 0.432923
 0 0.370397
 0 0.396489
 0 0.379675
 0 0.406208
 0 0.339848
 0 0.378124
 0 0.385324
 0 0.422398
 0 0.440201
 0 0.385914
 0 0.39297
 0 0.386345
 0 0.369461
 0 0.299276
 0 0.40821
 0 0.389823
 0 0.455166
 0 0.401073
 0 0.362306
 0 0.423191
 0 0.3576
 0 0.426622
 0 0.327374
 0 0.401688
 0 0.337659
 0 0.385168
 0 0.41468
 0 0.421845
 0 0.384671
 0 0.46342
 0 0.346903
 0 0.377654
 0 0.382235
 0 0.342579
 0 0.368466
 0 0.334219
 0 0.430355
 0 0.41075
 0 0.403526
 0 0.379871
 0 0.364887
 0 0.340959
 0 0.393289
 0 0.415038
 0 0.425361
 0 0.386271
 0 0.364168
 0 0.399773
 0 0.390969
 0 0.330894
 0 0.414742
 0 0.387723
 0 0.415237
 0 0.407664
 0 0.349545
 0 0.391368
 0 0.440375
 0 0.428299
 0 0.371127
 0 0.422655
 0 0.308692
 0 0.353804
 0 0.420793
 0 0.406697
 0 0.416866
 0 0.399266
 0 0.486639
 0 0.431872
 0 0.4266
