535 1 0 0 1
 0 0.318596
 0 0.361175
 0 0.37392
 0 0.371804
 0 0.342042
 0 0.3289
 0 0.355895
 0 0.356172
 0 0.339797
 0 0.343261
 0 0.370944
 0 0.356654
 0 0.381645
 0 0.376156
 0 0.37894
 0 0.350731
 0 0.353079
 0 0.323506
 0 0.386484
 0 0.362711
 0 0.362875
 0 0.371861
 0 0.371649
 0 0.342243
 0 0.358289
 0 0.386967
 0 0.371777
 0 0.360563
 0 0.369612
 0 0.348269
 0 0.386265
 0 0.405237
 0 0.3747
 0 0.363324
 0 0.365782
 0 0.344684
 0 0.370796
 0 0.356096
 0 0.368453
 0 0.364022
 0 0.359955
 0 0.349914
 0 0.335553
 0 0.395685
 0 0.36017
 0 0.375295
 0 0.356413
 0 0.327645
 0 0.353053
 0 0.406988
 0 0.366034
 0 0.381788
 0 0.390309
 0 0.348597
 0 0.365402
 0 0.370041
 0 0.354638
 0 0.347356
 0 0.341015
 0 0.343081
 0 0.356785
 0 0.356185
 0 0.362515
 0 0.333433
 0 0.331927
 0 0.368497
 0 0.341441
 0 0.366178
 0 0.368618
 0 0.375674
 0 0.385632
 0 0.372288
 0 0.341464
 0 0.369633
 0 0.363707
 0 0.335636
 0 0.355458
 0 0.351933
 0 0.352363
 0 0.376955
 0 0.398913
 0 0.342938
 0 0.351885
 0 0.350996
 0 0.348002
 0 0.335553
 0 0.376264
 0 0.373745
 0 0.357286
 0 0.38348
 0 0.371721
 0 0.363785
 0 0.359636
 0 0.362258
 0 0.351791
 0 0.383226
 0 0.382814
 0 0.370518
 0 0.383068
 0 0.324382
 0 0.362191
 0 0.360258
 0 0.339889
 0 0.380379
 0 0.350582
 0 0.373305
 0 0.367536
 0 0.340077
 0 0.354492
 0 0.368304
 0 0.359157
 0 0.381589
 0 0.340951
 0 0.35566
 0 0.345151
 0 0.348701
 0 0.337974
 0 0.334772
 0 0.35218
 0 0.368639
 0 0.371445
 0 0.358162
 0 0.35434
 0 0.354588
 0 0.342886
 0 0.356449
 0 0.334236
 0 0.365667
 0 0.401234
 0 0.360119
 0 0.357217
 0 0.349873
 0 0.365711
 0 0.358728
 0 0.368352
 0 0.358886
 0 0.327365
 0 0.350607
 0 0.340971
 0 0.349742
 0 0.374016
 0 0.380331
 0 0.34789
 0 0.377776
 0 0.362602
 0 0.345723
 0 0.350456
 0 0.38624
 0 0.373523
 0 0.372768
 0 0.389089
 0 0.362677
 0 0.36654
 0 0.352659
 0 0.366411
 0 0.374277
 0 0.347526
 0 0.369988
 0 0.36798
 0 0.377526
 0 0.351717
 0 0.356115
 0 0.348426
 0 0.354484
 0 0.398127
 0 0.335755
 0 0.337146
 0 0.333837
 0 0.347271
 0 0.334391
 0 0.349111
 0 0.407933
 0 0.334145
 0 0.378222
 0 0.345718
 0 0.371314
 0 0.408254
 0 0.380207
 0 0.361343
 0 0.369378
 0 0.358215
 0 0.404508
 0 0.347077
 0 0.372141
 0 0.359159
 0 0.346184
 0 0.365584
 0 0.368347
 0 0.37614
 0 0.338589
 0 0.344136
 0 0.343163
 0 0.393088
 0 0.342848
 0 0.357905
 0 0.380363
 0 0.375394
 0 0.345209
 0 0.370881
 0 0.39623
 0 0.403607
 0 0.400289
 0 0.370718
 0 0.384744
 0 0.355191
 0 0.388188
 0 0.365971
 0 0.371512
 0 0.364028
 0 0.359063
 0 0.360216
 0 0.364329
 0 0.373381
 0 0.389604
 0 0.360841
 0 0.328017
 0 0.344706
 0 0.363057
 0 0.384136
 0 0.364704
 0 0.353666
 0 0.375924
 0 0.364272
 0 0.374791
 0 0.335594
 0 0.355479
 0 0.343686
 0 0.347151
 0 0.359222
 0 0.338384
 0 0.378402
 0 0.352306
 0 0.35812
 0 0.359068
 0 0.358641
 0 0.330418
 0 0.327844
 0 0.35735
 0 0.376462
 0 0.321918
 0 0.343914
 0 0.33774
 0 0.378083
 0 0.350933
 0 0.3479
 0 0.381689
 0 0.377297
 0 0.351027
 0 0.370354
 0 0.367882
 0 0.414002
 0 0.367542
 0 0.365957
 0 0.37496
 0 0.398617
 0 0.389075
 0 0.382028
 0 0.369974
 0 0.405488
 0 0.359088
 0 0.369337
 0 0.382165
 0 0.354773
 0 0.376754
 0 0.322334
 0 0.368114
 0 0.334564
 0 0.360298
 0 0.388666
 0 0.376521
 0 0.354737
 0 0.385394
 0 0.361077
 0 0.393046
 0 0.373476
 0 0.343006
 0 0.340185
 0 0.376356
 0 0.344887
 0 0.352269
 0 0.393588
 0 0.350673
 0 0.34489
 0 0.368915
 0 0.366078
 0 0.354956
 0 0.347316
 0 0.348945
 0 0.367491
 0 0.345674
 0 0.371349
 0 0.36699
 0 0.364149
 0 0.351239
 0 0.370901
 0 0.377579
 0 0.362007
 0 0.355435
 0 0.347603
 0 0.371585
 0 0.360219
 0 0.385449
 0 0.349238
 0 0.403433
 0 0.360461
 0 0.347127
 0 0.364556
 0 0.367003
 0 0.382097
 0 0.361523
 0 0.359264
 0 0.384048
 0 0.375805
 0 0.387247
 0 0.359257
 0 0.367449
 0 0.335262
 0 0.366957
 0 0.355828
 0 0.348331
 0 0.367108
 0 0.333637
 0 0.354761
 0 0.375448
 0 0.38369
 0 0.363163
 0 0.365504
 0 0.370766
 0 0.342648
 0 0.343789
 0 0.36382
 0 0.359244
 0 0.381158
 0 0.371056
 0 0.36449
 0 0.374116
 0 0.316057
 0 0.385922
 0 0.357489
 0 0.341704
 0 0.368573
 0 0.372576
 0 0.350704
 0 0.365933
 0 0.347694
 0 0.335495
 0 0.372908
 0 0.337545
 0 0.345928
 0 0.351554
 0 0.357369
 0 0.35932
 0 0.385309
 0 0.347463
 0 0.348941
 0 0.334711
 0 0.329075
 0 0.405754
 0 0.34795
 0 0.360151
 0 0.372494
 0 0.386215
 0 0.340832
 0 0.394113
 0 0.342689
 0 0.386139
 0 0.351506
 0 0.369202
 0 0.343318
 0 0.396684
 0 0.365986
 0 0.358115
 0 0.350901
 0 0.363943
 0 0.382059
 0 0.338685
 0 0.340581
 0 0.359469
 0 0.33244
 0 0.363879
 0 0.353365
 0 0.331588
 0 0.357916
 0 0.345574
 0 0.346365
 0 0.371566
 0 0.400052
 0 0.364867
 0 0.380708
 0 0.352596
 0 0.395747
 0 0.331302
 0 0.339319
 0 0.411246
 0 0.404843
 0 0.374115
 0 0.379296
 0 0.365712
 0 0.368505
 0 0.408848
 0 0.340809
 0 0.358007
 0 0.365938
 0 0.368977
 0 0.387265
 0 0.334985
 0 0.363819
 0 0.371848
 0 0.386071
 0 0.319992
 0 0.354596
 0 0.32613
 0 0.366004
 0 0.359892
 0 0.334709
 0 0.35837
 0 0.370828
 0 0.326955
 0 0.382955
 0 0.369537
 0 0.369499
 0 0.317132
 0 0.343667
 0 0.339712
 0 0.350621
 0 0.354327
 0 0.388821
 0 0.33484
 0 0.364609
 0 0.358806
 0 0.372489
 0 0.357405
 0 0.363883
 0 0.380651
 0 0.34147
 0 0.363357
 0 0.337678
 0 0.324131
 0 0.374714
 0 0.362286
 0 0.343595
 0 0.356994
 0 0.384205
 0 0.346919
 0 0.377576
 0 0.342209
 0 0.359768
 0 0.384026
 0 0.366849
 0 0.359465
 0 0.366172
 0 0.377103
 0 0.364527
 0 0.373147
 0 0.390996
 0 0.397836
 0 0.361831
 0 0.351157
 0 0.362554
 0 0.358689
 0 0.372257
 0 0.366219
 0 0.346799
 0 0.344825
 0 0.371326
 0 0.381475
 0 0.380664
 0 0.372633
 0 0.374517
 0 0.389184
 0 0.386082
 0 0.355031
 0 0.342215
 0 0.371155
 0 0.341613
 0 0.392542
 0 0.380073
 0 0.387534
 0 0.346573
 0 0.349365
 0 0.364724
 0 0.366564
 0 0.381344
 0 0.339097
 0 0.377356
 0 0.321962
 0 0.365174
 0 0.357452
 0 0.352045
 0 0.376887
 0 0.337037
 0 0.349049
 0 0.350277
 0 0.335529
 0 0.373825
 0 0.401013
 0 0.351198
 0 0.338969
 0 0.410138
 0 0.344788
 0 0.352195
 0 0.388991
 0 0.357829
 0 0.324886
 0 0.378941
 0 0.354341
 0 0.361705
 0 0.378136
 0 0.35787
 0 0.361229
 0 0.370912
 0 0.389219
 0 0.34382
 0 0.360675
 0 0.356485
 0 0.371739
 0 0.382626
 0 0.381321
 0 0.372539
 0 0.359524
 0 0.331464
 0 0.364796
 0 0.397302
 0 0.369261
 0 0.364686
 0 0.352355
 0 0.312206
 0 0.351793
 0 0.380637
 0 0.402182
 0 0.385599
 0 0.364264
 0 0.397168
 0 0.34882
 0 0.36019
