535 1 0 0 1
 0 -0.724924
 0 -0.709022
 0 -0.685834
 0 -0.645646
 0 -0.72407
 0 -0.65094
 0 -0.700628
 0 -0.72449
 0 -0.722336
 0 -0.692962
 0 -0.690036
 0 -0.732188
 0 -0.82472
 0 -0.896222
 0 -0.800862
 0 -0.762702
 0 -0.670334
 0 -0.709714
 0 -0.834944
 0 -0.756612
 0 -0.828392
 0 -0.726826
 0 -0.77695
 0 -0.75931
 0 -0.71143
 0 -0.662754
 0 -0.710488
 0 -0.726572
 0 -0.738548
 0 -0.728766
 0 -0.749376
 0 -0.731284
 0 -0.699178
 0 -0.714596
 0 -0.755036
 0 -0.592252
 0 -0.806058
 0 -0.735824
 0 -0.66504
 0 -0.71843
 0 -0.687818
 0 -0.614834
 0 -0.717778
 0 -0.836674
 0 -0.693106
 0 -0.723914
 0 -0.726138
 0 -0.714496
 0 -0.69093
 0 -0.773548
 0 -0.686138
 0 -0.708408
 0 -0.723314
 0 -0.697754
 0 -0.734348
 0 -0.753352
 0 -0.71699
 0 -0.685828
 0 -0.651008
 0 -0.694574
 0 -0.582842
 0 -0.765292
 0 -0.774924
 0 -0.730524
 0 -0.654552
 0 -0.601628
 0 -0.749944
 0 -0.72786
 0 -0.744928
 0 -0.743428
 0 -0.818696
 0 -0.80402
 0 -0.706326
 0 -0.70798
 0 -0.664954
 0 -0.735158
 0 -0.770696
 0 -0.761506
 0 -0.754688
 0 -0.820766
 0 -0.775374
 0 -0.78536
 0 -0.784224
 0 -0.770726
 0 -0.625022
 0 -0.683238
 0 -0.758812
 0 -0.74102
 0 -0.733278
 0 -0.764072
 0 -0.678076
 0 -0.75486
 0 -0.698672
 0 -0.72996
 0 -0.752956
 0 -0.614658
 0 -0.734888
 0 -0.747218
 0 -0.797552
 0 -0.737484
 0 -0.780858
 0 -0.821266
 0 -0.653914
 0 -0.694946
 0 -0.756396
 0 -0.71161
 0 -0.695672
 0 -0.65764
 0 -0.729762
 0 -0.630462
 0 -0.747336
 0 -0.678834
 0 -0.702268
 0 -0.618512
 0 -0.640362
 0 -0.653082
 0 -0.656474
 0 -0.63281
 0 -0.702748
 0 -0.766724
 0 -0.760828
 0 -0.744928
 0 -0.786754
 0 -0.74986
 0 -0.7266
 0 -0.737618
 0 -0.783212
 0 -0.708656
 0 -0.737614
 0 -0.780974
 0 -0.676494
 0 -0.720258
 0 -0.654836
 0 -0.70699
 0 -0.729174
 0 -0.778632
 0 -0.688372
 0 -0.677706
 0 -0.747424
 0 -0.699598
 0 -0.699082
 0 -0.709616
 0 -0.705712
 0 -0.722522
 0 -0.73347
 0 -0.714866
 0 -0.778664
 0 -0.730118
 0 -0.631658
 0 -0.67877
 0 -0.781954
 0 -0.673054
 0 -0.859668
 0 -0.708266
 0 -0.742682
 0 -0.81042
 0 -0.756946
 0 -0.725584
 0 -0.70886
 0 -0.702936
 0 -0.760642
 0 -0.66801
 0 -0.671232
 0 -0.62634
 0 -0.843252
 0 -0.662008
 0 -0.67871
 0 -0.639784
 0 -0.66647
 0 -0.716512
 0 -0.684804
 0 -0.686076
 0 -0.7324
 0 -0.850828
 0 -0.756262
 0 -0.611702
 0 -0.779258
 0 -0.606424
 0 -0.753362
 0 -0.827886
 0 -0.686106
 0 -0.742216
 0 -0.763516
 0 -0.724886
 0 -0.74337
 0 -0.763148
 0 -0.763844
 0 -0.739708
 0 -0.693704
 0 -0.679566
 0 -0.705076
 0 -0.773364
 0 -0.796126
 0 -0.712282
 0 -0.750368
 0 -0.76406
 0 -0.859682
 0 -0.774068
 0 -0.65567
 0 -0.79103
 0 -0.768372
 0 -0.714864
 0 -0.78686
 0 -0.671352
 0 -0.710986
 0 -0.709268
 0 -0.659324
 0 -0.724182
 0 -0.811382
 0 -0.780936
 0 -0.676462
 0 -0.664304
 0 -0.691624
 0 -0.715908
 0 -0.662688
 0 -0.713868
 0 -0.635044
 0 -0.757316
 0 -0.713622
 0 -0.756618
 0 -0.738124
 0 -0.66904
 0 -0.676376
 0 -0.726562
 0 -0.742444
 0 -0.810314
 0 -0.649744
 0 -0.740838
 0 -0.6794
 0 -0.69104
 0 -0.673304
 0 -0.640518
 0 -0.726972
 0 -0.799804
 0 -0.744458
 0 -0.689182
 0 -0.655466
 0 -0.755148
 0 -0.673266
 0 -0.672652
 0 -0.691918
 0 -0.663756
 0 -0.690706
 0 -0.689292
 0 -0.617452
 0 -0.75454
 0 -0.766714
 0 -0.74345
 0 -0.779482
 0 -0.818988
 0 -0.710774
 0 -0.73872
 0 -0.731986
 0 -0.766232
 0 -0.739178
 0 -0.82261
 0 -0.813228
 0 -0.703184
 0 -0.77183
 0 -0.764848
 0 -0.674002
 0 -0.744132
 0 -0.68475
 0 -0.708104
 0 -0.72511
 0 -0.723724
 0 -0.696938
 0 -0.76013
 0 -0.75252
 0 -0.755908
 0 -0.842614
 0 -0.739532
 0 -0.68295
 0 -0.710862
 0 -0.70187
 0 -0.725576
 0 -0.711738
 0 -0.834784
 0 -0.605888
 0 -0.80116
 0 -0.767306
 0 -0.737382
 0 -0.70879
 0 -0.66404
 0 -0.699848
 0 -0.662086
 0 -0.75931
 0 -0.660332
 0 -0.710878
 0 -0.7615
 0 -0.729848
 0 -0.777006
 0 -0.82219
 0 -0.707356
 0 -0.726416
 0 -0.780412
 0 -0.680952
 0 -0.621138
 0 -0.857684
 0 -0.771342
 0 -0.76453
 0 -0.726866
 0 -0.752238
 0 -0.61265
 0 -0.703458
 0 -0.74266
 0 -0.68352
 0 -0.802688
 0 -0.688522
 0 -0.787046
 0 -0.8301
 0 -0.698746
 0 -0.624178
 0 -0.751386
 0 -0.613392
 0 -0.753282
 0 -0.682436
 0 -0.726278
 0 -0.650018
 0 -0.683086
 0 -0.714694
 0 -0.75031
 0 -0.681896
 0 -0.818368
 0 -0.730916
 0 -0.77639
 0 -0.746708
 0 -0.792098
 0 -0.763092
 0 -0.785952
 0 -0.759002
 0 -0.66727
 0 -0.741732
 0 -0.705804
 0 -0.647324
 0 -0.755978
 0 -0.76564
 0 -0.747672
 0 -0.731378
 0 -0.681424
 0 -0.750484
 0 -0.77919
 0 -0.774284
 0 -0.788514
 0 -0.70147
 0 -0.735718
 0 -0.693612
 0 -0.610102
 0 -0.70974
 0 -0.651162
 0 -0.687622
 0 -0.719238
 0 -0.727506
 0 -0.726216
 0 -0.692322
 0 -0.730718
 0 -0.700938
 0 -0.729876
 0 -0.621382
 0 -0.737746
 0 -0.6412
 0 -0.699156
 0 -0.814008
 0 -0.787482
 0 -0.669186
 0 -0.69631
 0 -0.771532
 0 -0.722568
 0 -0.702118
 0 -0.682708
 0 -0.715512
 0 -0.606814
 0 -0.74211
 0 -0.66409
 0 -0.696118
 0 -0.70052
 0 -0.807686
 0 -0.68711
 0 -0.771834
 0 -0.681936
 0 -0.695426
 0 -0.6466
 0 -0.678716
 0 -0.795578
 0 -0.767112
 0 -0.754862
 0 -0.767314
 0 -0.729824
 0 -0.71347
 0 -0.729838
 0 -0.72914
 0 -0.65837
 0 -0.686114
 0 -0.6868
 0 -0.686502
 0 -0.643402
 0 -0.687858
 0 -0.701164
 0 -0.771848
 0 -0.735182
 0 -0.686908
 0 -0.671374
 0 -0.765366
 0 -0.737284
 0 -0.801454
 0 -0.638962
 0 -0.787692
 0 -0.73627
 0 -0.741176
 0 -0.71316
 0 -0.638372
 0 -0.763484
 0 -0.777364
 0 -0.641548
 0 -0.706016
 0 -0.773252
 0 -0.827718
 0 -0.66939
 0 -0.848032
 0 -0.719822
 0 -0.738714
 0 -0.733766
 0 -0.661774
 0 -0.611244
 0 -0.755634
 0 -0.70961
 0 -0.683894
 0 -0.620204
 0 -0.653046
 0 -0.705182
 0 -0.777916
 0 -0.661826
 0 -0.768546
 0 -0.770616
 0 -0.659454
 0 -0.727744
 0 -0.733002
 0 -0.763008
 0 -0.7115
 0 -0.752166
 0 -0.681366
 0 -0.762188
 0 -0.718094
 0 -0.687056
 0 -0.72143
 0 -0.770096
 0 -0.695962
 0 -0.832528
 0 -0.7251
 0 -0.677098
 0 -0.754998
 0 -0.718684
 0 -0.767156
 0 -0.72867
 0 -0.787042
 0 -0.675938
 0 -0.730392
 0 -0.722708
 0 -0.799132
 0 -0.708494
 0 -0.70467
 0 -0.835826
 0 -0.728126
 0 -0.699906
 0 -0.72383
 0 -0.753636
 0 -0.761658
 0 -0.643248
 0 -0.755012
 0 -0.701228
 0 -0.6943
 0 -0.710448
 0 -0.755114
 0 -0.727152
 0 -0.880114
 0 -0.789224
 0 -0.822046
 0 -0.760206
 0 -0.740136
 0 -0.728236
 0 -0.619866
 0 -0.794876
 0 -0.715266
 0 -0.750602
 0 -0.723892
 0 -0.686576
 0 -0.705174
 0 -0.668552
 0 -0.756148
 0 -0.731574
 0 -0.66135
 0 -0.72442
 0 -0.789196
 0 -0.684834
 0 -0.700564
 0 -0.787392
 0 -0.669864
 0 -0.738052
 0 -0.63479
 0 -0.715568
 0 -0.664836
 0 -0.71459
 0 -0.795184
 0 -0.795764
 0 -0.803896
 0 -0.679656
 0 -0.717892
 0 -0.689814
 0 -0.807664
 0 -0.770224
 0 -0.695978
 0 -0.74855
 0 -0.701588
 0 -0.781102
 0 -0.702132
 0 -0.746568
 0 -0.801692
 0 -0.821844
 0 -0.869272
 0 -0.606822
 0 -0.639286
 0 -0.673102
 0 -0.685052
 0 -0.766016
 0 -0.666528
 0 -0.705866
 0 -0.73405
 0 -0.670812
 0 -0.735542
 0 -0.74549
 0 -0.674334
 0 -0.77007
 0 -0.663068
 0 -0.650562
 0 -0.742652
