535 1 0 0 1
 0 0.800506
 0 0.955564
 0 0.720092
 0 0.795004
 0 0.966312
 0 0.914668
 0 0.910352
 0 0.874088
 0 0.761002
 0 0.648354
 0 0.763236
 0 0.653912
 0 0.842082
 0 0.819368
 0 0.848434
 0 0.680656
 0 0.73357
 0 0.68133
 0 0.799032
 0 0.67669
 0 0.725452
 0 0.95058
 0 0.825744
 0 0.721258
 0 0.726624
 0 0.768988
 0 0.92459
 0 0.759194
 0 0.835322
 0 0.63365
 0 0.86076
 0 0.75666
 0 0.739532
 0 0.672022
 0 0.892226
 0 0.682678
 0 0.880026
 0 0.974918
 0 0.74646
 0 0.740694
 0 0.709862
 0 0.749888
 0 0.796588
 0 0.766592
 0 0.751842
 0 0.877778
 0 0.703334
 0 0.714484
 0 0.792098
 0 0.86425
 0 0.851566
 0 0.848444
 0 0.72607
 0 0.78708
 0 0.625374
 0 0.64269
 0 0.864614
 0 1.01341
 0 0.711016
 0 0.735086
 0 0.711244
 0 0.868672
 0 0.720958
 0 0.722954
 0 0.73813
 0 0.865814
 0 0.769748
 0 0.752654
 0 0.909162
 0 0.826306
 0 0.876334
 0 0.697278
 0 0.769864
 0 0.905058
 0 0.76854
 0 0.830616
 0 0.77078
 0 0.750738
 0 0.622576
 0 0.811894
 0 0.854756
 0 0.599028
 0 0.98277
 0 0.887986
 0 0.775898
 0 0.810462
 0 0.70312
 0 0.833778
 0 0.804422
 0 0.643196
 0 0.752434
 0 0.967616
 0 0.736646
 0 0.56302
 0 0.816112
 0 0.737262
 0 0.762374
 0 0.87938
 0 0.887818
 0 0.74248
 0 0.87623
 0 0.895748
 0 0.812758
 0 0.793118
 0 0.763858
 0 0.877976
 0 0.648314
 0 0.676866
 0 0.78994
 0 0.828404
 0 0.638126
 0 0.730376
 0 0.879992
 0 0.676822
 0 0.866146
 0 0.73333
 0 0.824768
 0 0.75678
 0 1.05368
 0 0.893006
 0 0.785498
 0 0.799206
 0 0.847452
 0 0.789046
 0 0.871014
 0 0.813586
 0 0.864356
 0 0.735706
 0 0.786088
 0 0.707568
 0 0.784114
 0 0.906378
 0 0.796716
 0 0.800502
 0 0.895482
 0 0.647064
 0 0.783866
 0 0.777336
 0 0.842254
 0 0.71738
 0 0.730276
 0 0.75302
 0 0.723212
 0 0.664616
 0 0.780636
 0 0.838326
 0 0.72741
 0 0.955318
 0 0.749406
 0 0.837952
 0 0.675768
 0 0.959404
 0 0.777264
 0 0.805178
 0 0.574976
 0 0.788716
 0 0.67522
 0 0.716244
 0 0.800936
 0 0.654962
 0 0.643192
 0 0.748058
 0 0.664146
 0 0.824654
 0 0.82876
 0 0.920686
 0 0.790008
 0 0.708926
 0 0.869854
 0 0.739326
 0 0.903524
 0 0.801848
 0 0.881312
 0 0.879598
 0 0.729366
 0 0.693156
 0 0.861042
 0 0.679362
 0 0.816124
 0 0.90411
 0 0.69069
 0 0.659774
 0 0.727446
 0 0.797734
 0 0.87519
 0 0.714954
 0 0.899788
 0 0.677612
 0 0.78212
 0 0.94775
 0 0.996778
 0 0.960342
 0 1.00375
 0 0.779116
 0 0.954566
 0 0.88113
 0 0.800268
 0 0.90157
 0 0.912862
 0 0.963942
 0 0.949204
 0 0.640244
 0 0.618772
 0 0.814534
 0 0.914474
 0 0.73233
 0 0.692808
 0 0.95974
 0 0.76291
 0 0.591044
 0 0.830418
 0 0.641666
 0 0.839318
 0 0.727972
 0 0.924166
 0 0.896852
 0 0.732332
 0 0.73627
 0 0.636674
 0 0.711786
 0 0.696004
 0 0.727824
 0 0.83545
 0 0.762824
 0 0.712092
 0 0.778828
 0 0.842206
 0 0.846382
 0 0.689402
 0 0.871862
 0 0.759142
 0 0.655398
 0 0.726858
 0 0.81953
 0 0.779876
 0 0.646658
 0 0.621966
 0 0.793622
 0 0.687652
 0 0.726494
 0 0.68024
 0 0.709204
 0 0.795944
 0 0.583006
 0 0.76721
 0 0.89621
 0 0.802478
 0 0.800944
 0 0.899796
 0 0.76316
 0 0.733006
 0 0.697042
 0 0.862862
 0 0.828204
 0 0.833268
 0 0.711844
 0 0.75669
 0 0.73937
 0 0.99937
 0 1.06658
 0 0.737364
 0 0.849102
 0 0.805364
 0 0.72765
 0 0.763788
 0 0.71807
 0 0.995676
 0 0.79639
 0 0.720584
 0 0.756232
 0 0.749326
 0 0.756006
 0 0.866082
 0 0.787718
 0 0.820728
 0 0.67336
 0 0.814874
 0 0.767532
 0 0.806992
 0 0.787694
 0 0.737196
 0 0.763482
 0 0.827536
 0 0.780308
 0 0.962574
 0 0.814304
 0 0.69533
 0 0.965312
 0 0.846676
 0 0.888326
 0 0.81952
 0 0.700332
 0 0.712768
 0 0.743382
 0 0.744514
 0 0.891484
 0 0.711784
 0 0.783922
 0 0.9032
 0 0.770784
 0 0.843492
 0 0.73101
 0 0.824592
 0 0.708984
 0 0.82022
 0 0.895832
 0 0.676348
 0 0.950154
 0 0.921618
 0 0.729776
 0 0.677668
 0 0.691064
 0 0.857158
 0 0.777626
 0 0.863802
 0 0.92824
 0 0.717646
 0 0.776966
 0 0.667538
 0 0.737684
 0 0.832306
 0 0.742796
 0 0.646872
 0 0.781096
 0 0.76262
 0 0.739534
 0 0.752368
 0 0.841536
 0 0.57708
 0 0.79699
 0 0.784872
 0 0.93618
 0 0.713568
 0 0.675686
 0 0.88309
 0 0.73638
 0 0.707562
 0 0.695174
 0 0.88201
 0 0.602528
 0 0.673102
 0 0.786816
 0 0.772286
 0 0.731852
 0 0.76241
 0 0.615764
 0 0.78918
 0 0.688792
 0 0.841948
 0 0.764626
 0 0.840132
 0 0.718956
 0 0.64018
 0 0.75693
 0 0.715508
 0 0.7729
 0 0.940788
 0 0.804332
 0 0.875604
 0 0.860452
 0 0.810014
 0 0.864404
 0 0.72244
 0 0.828258
 0 0.689402
 0 0.90028
 0 0.689294
 0 0.861824
 0 0.725624
 0 0.776902
 0 0.99946
 0 0.662768
 0 0.668562
 0 0.771766
 0 0.77552
 0 0.769398
 0 0.852136
 0 0.810562
 0 0.812128
 0 0.870702
 0 0.758846
 0 0.840886
 0 0.666604
 0 0.697888
 0 0.78665
 0 0.690274
 0 0.866104
 0 0.81983
 0 0.802956
 0 0.84996
 0 0.79366
 0 0.829648
 0 0.727676
 0 0.75053
 0 0.662714
 0 0.722604
 0 0.756592
 0 0.869228
 0 0.710866
 0 0.816986
 0 0.885316
 0 0.82645
 0 0.684106
 0 0.785012
 0 0.92561
 0 0.791232
 0 0.749842
 0 0.909032
 0 0.779854
 0 0.831458
 0 0.74916
 0 0.729198
 0 0.872532
 0 1.00423
 0 0.770446
 0 0.89141
 0 0.842208
 0 0.721442
 0 0.687502
 0 0.943592
 0 0.83183
 0 0.91336
 0 0.639576
 0 0.744246
 0 1.07051
 0 0.856374
 0 0.816988
 0 0.7823
 0 0.842446
 0 0.873782
 0 0.888222
 0 0.797104
 0 0.809992
 0 0.859374
 0 0.71176
 0 0.89594
 0 0.667812
 0 0.758634
 0 0.807794
 0 0.779998
 0 0.926232
 0 0.93354
 0 0.693042
 0 0.588138
 0 0.801444
 0 0.629838
 0 0.811012
 0 0.738536
 0 0.850936
 0 0.79089
 0 0.714312
 0 0.929962
 0 0.812314
 0 0.835234
 0 0.963972
 0 0.781766
 0 0.85314
 0 0.837424
 0 0.76141
 0 0.883914
 0 0.815194
 0 0.692716
 0 0.839472
 0 0.715744
 0 0.704676
 0 0.691482
 0 0.750806
 0 0.849674
 0 0.84742
 0 0.729576
 0 0.73034
 0 0.917428
 0 0.699838
 0 0.822658
 0 0.811224
 0 0.695992
 0 0.948234
 0 0.840956
 0 0.814082
 0 0.765356
 0 0.78998
 0 0.829982
 0 0.944154
 0 0.76138
 0 0.631604
 0 0.784948
 0 0.676552
 0 0.83333
 0 0.867128
 0 0.803364
 0 0.646992
 0 0.777852
 0 0.87387
 0 0.885794
 0 0.71232
 0 0.843882
 0 0.899984
 0 0.927918
 0 0.697178
 0 0.80686
 0 0.77729
 0 0.67885
 0 0.821126
 0 0.825302
 0 0.935164
 0 0.678648
 0 0.824056
 0 0.750474
 0 0.78832
 0 0.803868
 0 0.84972
 0 0.65862
 0 0.564454
 0 0.871114
 0 0.94205
 0 0.845606
 0 0.947466
 0 0.85241
 0 0.810224
 0 0.714942
 0 0.691728
 0 0.593982
 0 0.89915
 0 0.768266
 0 0.827822
 0 0.761012
 0 0.716814
 0 0.991702
 0 0.766064
 0 0.796868
 0 0.699154
 0 0.827368
 0 0.82553
 0 0.778262
 0 0.94808
