535 1 0 0 1
 0 0.598452
 0 0.61161
 0 0.665516
 0 0.643842
 0 0.64916
 0 0.586424
 0 0.574968
 0 0.61305
 0 0.599926
 0 0.676326
 0 0.655536
 0 0.638214
 0 0.72782
 0 0.728116
 0 0.66435
 0 0.691682
 0 0.622736
 0 0.685358
 0 0.713878
 0 0.645748
 0 0.65196
 0 0.600814
 0 0.785282
 0 0.63919
 0 0.666414
 0 0.686888
 0 0.569112
 0 0.641256
 0 0.685888
 0 0.688552
 0 0.676712
 0 0.620566
 0 0.585258
 0 0.644742
 0 0.638418
 0 0.543422
 0 0.690018
 0 0.66252
 0 0.676882
 0 0.624518
 0 0.629194
 0 0.582326
 0 0.598582
 0 0.788798
 0 0.655488
 0 0.633806
 0 0.651832
 0 0.63508
 0 0.582196
 0 0.808652
 0 0.59586
 0 0.658698
 0 0.649268
 0 0.655942
 0 0.669252
 0 0.63545
 0 0.668184
 0 0.598428
 0 0.558536
 0 0.549818
 0 0.553032
 0 0.689456
 0 0.668416
 0 0.600676
 0 0.608262
 0 0.56035
 0 0.638616
 0 0.687312
 0 0.624394
 0 0.654698
 0 0.703846
 0 0.647728
 0 0.713122
 0 0.598658
 0 0.681044
 0 0.567862
 0 0.632956
 0 0.615538
 0 0.659806
 0 0.67985
 0 0.68453
 0 0.649546
 0 0.627616
 0 0.581984
 0 0.593108
 0 0.65995
 0 0.574222
 0 0.633702
 0 0.628462
 0 0.613078
 0 0.622452
 0 0.651316
 0 0.601502
 0 0.618092
 0 0.65076
 0 0.570818
 0 0.686426
 0 0.660686
 0 0.713458
 0 0.572384
 0 0.651208
 0 0.651472
 0 0.593218
 0 0.549432
 0 0.632066
 0 0.688516
 0 0.68792
 0 0.570528
 0 0.643892
 0 0.681256
 0 0.626088
 0 0.756584
 0 0.612402
 0 0.532644
 0 0.62223
 0 0.601038
 0 0.605968
 0 0.554086
 0 0.692954
 0 0.711658
 0 0.642218
 0 0.653676
 0 0.71034
 0 0.750518
 0 0.657404
 0 0.549528
 0 0.671066
 0 0.624786
 0 0.66571
 0 0.70505
 0 0.636088
 0 0.606178
 0 0.647134
 0 0.667314
 0 0.638496
 0 0.643036
 0 0.548956
 0 0.628108
 0 0.636018
 0 0.678748
 0 0.680386
 0 0.647508
 0 0.588642
 0 0.701404
 0 0.709
 0 0.565942
 0 0.642398
 0 0.649714
 0 0.596096
 0 0.65728
 0 0.67322
 0 0.641168
 0 0.670372
 0 0.606528
 0 0.675468
 0 0.687874
 0 0.640832
 0 0.687342
 0 0.632296
 0 0.630244
 0 0.733476
 0 0.645028
 0 0.6985
 0 0.595028
 0 0.649934
 0 0.534226
 0 0.613844
 0 0.539162
 0 0.63379
 0 0.635008
 0 0.632314
 0 0.63512
 0 0.628718
 0 0.657078
 0 0.634502
 0 0.595542
 0 0.686634
 0 0.598764
 0 0.610412
 0 0.63177
 0 0.717446
 0 0.655558
 0 0.603076
 0 0.655996
 0 0.676342
 0 0.723336
 0 0.715316
 0 0.628072
 0 0.657976
 0 0.60908
 0 0.608942
 0 0.606818
 0 0.669628
 0 0.669488
 0 0.633252
 0 0.670708
 0 0.68998
 0 0.655828
 0 0.6322
 0 0.610634
 0 0.660154
 0 0.674722
 0 0.64996
 0 0.771902
 0 0.594656
 0 0.651374
 0 0.611226
 0 0.658716
 0 0.584286
 0 0.69469
 0 0.550608
 0 0.60304
 0 0.555772
 0 0.60271
 0 0.655814
 0 0.729138
 0 0.546588
 0 0.616086
 0 0.605292
 0 0.600188
 0 0.629556
 0 0.695894
 0 0.637042
 0 0.668248
 0 0.598916
 0 0.637728
 0 0.58996
 0 0.543014
 0 0.656362
 0 0.57171
 0 0.629514
 0 0.636564
 0 0.656668
 0 0.599246
 0 0.633916
 0 0.633068
 0 0.597308
 0 0.62045
 0 0.67546
 0 0.632132
 0 0.639736
 0 0.57916
 0 0.624052
 0 0.581668
 0 0.67179
 0 0.650544
 0 0.693752
 0 0.631828
 0 0.644918
 0 0.641144
 0 0.633318
 0 0.746674
 0 0.700678
 0 0.659898
 0 0.66989
 0 0.759282
 0 0.619474
 0 0.620894
 0 0.684764
 0 0.685704
 0 0.607914
 0 0.686498
 0 0.621766
 0 0.596108
 0 0.596018
 0 0.713228
 0 0.664402
 0 0.651162
 0 0.697256
 0 0.68578
 0 0.668284
 0 0.610676
 0 0.540354
 0 0.693726
 0 0.66338
 0 0.643428
 0 0.589928
 0 0.654858
 0 0.677002
 0 0.627682
 0 0.720658
 0 0.695462
 0 0.695508
 0 0.645082
 0 0.576614
 0 0.673078
 0 0.6573
 0 0.579892
 0 0.5589
 0 0.561562
 0 0.631426
 0 0.747274
 0 0.698304
 0 0.635724
 0 0.621262
 0 0.60812
 0 0.597596
 0 0.570008
 0 0.678634
 0 0.564356
 0 0.718758
 0 0.626266
 0 0.668532
 0 0.665546
 0 0.641776
 0 0.742494
 0 0.773996
 0 0.677114
 0 0.68303
 0 0.699898
 0 0.65511
 0 0.660366
 0 0.596774
 0 0.65912
 0 0.603242
 0 0.716124
 0 0.586134
 0 0.632564
 0 0.62156
 0 0.664266
 0 0.68845
 0 0.698822
 0 0.615708
 0 0.640698
 0 0.675062
 0 0.63054
 0 0.6147
 0 0.680028
 0 0.60583
 0 0.61905
 0 0.680512
 0 0.613274
 0 0.603292
 0 0.626716
 0 0.598372
 0 0.735108
 0 0.6859
 0 0.679256
 0 0.65477
 0 0.583822
 0 0.599568
 0 0.661116
 0 0.646306
 0 0.631422
 0 0.658126
 0 0.643312
 0 0.626638
 0 0.578336
 0 0.61709
 0 0.590102
 0 0.618834
 0 0.63344
 0 0.703924
 0 0.670444
 0 0.59016
 0 0.612136
 0 0.570306
 0 0.63034
 0 0.58324
 0 0.645902
 0 0.652232
 0 0.663082
 0 0.685088
 0 0.726974
 0 0.60263
 0 0.581432
 0 0.631864
 0 0.670236
 0 0.63202
 0 0.682888
 0 0.663104
 0 0.56329
 0 0.676256
 0 0.553172
 0 0.620262
 0 0.574826
 0 0.606454
 0 0.589074
 0 0.577336
 0 0.627864
 0 0.78558
 0 0.568666
 0 0.563732
 0 0.605638
 0 0.683938
 0 0.610514
 0 0.686766
 0 0.693492
 0 0.635376
 0 0.675272
 0 0.674138
 0 0.571066
 0 0.600916
 0 0.684492
 0 0.685976
 0 0.707738
 0 0.770586
 0 0.675868
 0 0.621776
 0 0.714094
 0 0.633584
 0 0.694558
 0 0.709742
 0 0.67035
 0 0.663274
 0 0.591884
 0 0.67431
 0 0.724786
 0 0.69155
 0 0.627178
 0 0.572474
 0 0.565032
 0 0.676412
 0 0.624242
 0 0.692468
 0 0.654104
 0 0.668028
 0 0.597488
 0 0.64223
 0 0.632706
 0 0.611764
 0 0.590026
 0 0.553832
 0 0.565302
 0 0.682718
 0 0.638178
 0 0.660316
 0 0.583856
 0 0.614256
 0 0.611126
 0 0.68583
 0 0.545878
 0 0.603714
 0 0.68937
 0 0.600514
 0 0.722466
 0 0.612664
 0 0.595474
 0 0.651304
 0 0.646306
 0 0.655292
 0 0.618574
 0 0.668614
 0 0.656366
 0 0.661546
 0 0.729748
 0 0.665134
 0 0.662224
 0 0.662372
 0 0.702422
 0 0.593786
 0 0.697084
 0 0.596506
 0 0.73716
 0 0.678996
 0 0.58827
 0 0.70114
 0 0.717858
 0 0.649394
 0 0.750636
 0 0.646328
 0 0.647464
 0 0.609304
 0 0.636854
 0 0.675288
 0 0.631758
 0 0.750212
 0 0.714694
 0 0.67301
 0 0.651866
 0 0.672016
 0 0.611416
 0 0.65185
 0 0.69225
 0 0.740812
 0 0.698298
 0 0.617442
 0 0.62829
 0 0.644422
 0 0.62179
 0 0.637632
 0 0.709366
 0 0.690726
 0 0.65277
 0 0.645338
 0 0.580342
 0 0.644798
 0 0.621868
 0 0.646522
 0 0.676214
 0 0.59154
 0 0.670158
 0 0.643206
 0 0.585606
 0 0.625864
 0 0.66791
 0 0.60145
 0 0.591698
 0 0.677366
 0 0.610872
 0 0.611618
 0 0.709294
 0 0.639886
 0 0.616382
 0 0.735614
 0 0.671964
 0 0.633968
 0 0.633848
 0 0.693348
 0 0.716534
 0 0.725626
 0 0.659592
 0 0.579994
 0 0.664582
 0 0.618886
 0 0.69536
 0 0.694198
 0 0.826398
 0 0.712458
 0 0.61666
 0 0.502064
 0 0.604248
 0 0.671122
 0 0.615568
 0 0.591608
 0 0.699892
 0 0.619104
 0 0.580154
 0 0.727168
 0 0.760754
 0 0.637978
 0 0.677766
 0 0.631438
 0 0.610944
 0 0.669734
