535 1 0 0 1
 0 0.362462
 0 0.354511
 0 0.342917
 0 0.322823
 0 0.362035
 0 0.32547
 0 0.350314
 0 0.362245
 0 0.361168
 0 0.346481
 0 0.345018
 0 0.366094
 0 0.41236
 0 0.448111
 0 0.400431
 0 0.381351
 0 0.335167
 0 0.354857
 0 0.417472
 0 0.378306
 0 0.414196
 0 0.363413
 0 0.388475
 0 0.379655
 0 0.355715
 0 0.331377
 0 0.355244
 0 0.363286
 0 0.369274
 0 0.364383
 0 0.374688
 0 0.365642
 0 0.349589
 0 0.357298
 0 0.377518
 0 0.296126
 0 0.403029
 0 0.367912
 0 0.33252
 0 0.359215
 0 0.343909
 0 0.307417
 0 0.358889
 0 0.418337
 0 0.346553
 0 0.361957
 0 0.363069
 0 0.357248
 0 0.345465
 0 0.386774
 0 0.343069
 0 0.354204
 0 0.361657
 0 0.348877
 0 0.367174
 0 0.376676
 0 0.358495
 0 0.342914
 0 0.325504
 0 0.347287
 0 0.291421
 0 0.382646
 0 0.387462
 0 0.365262
 0 0.327276
 0 0.300814
 0 0.374972
 0 0.36393
 0 0.372464
 0 0.371714
 0 0.409348
 0 0.40201
 0 0.353163
 0 0.35399
 0 0.332477
 0 0.367579
 0 0.385348
 0 0.380753
 0 0.377344
 0 0.410383
 0 0.387687
 0 0.39268
 0 0.392112
 0 0.385363
 0 0.312511
 0 0.341619
 0 0.379406
 0 0.37051
 0 0.366639
 0 0.382036
 0 0.339038
 0 0.37743
 0 0.349336
 0 0.36498
 0 0.376478
 0 0.307329
 0 0.367444
 0 0.373609
 0 0.398776
 0 0.368742
 0 0.390429
 0 0.410633
 0 0.326957
 0 0.347473
 0 0.378198
 0 0.355805
 0 0.347836
 0 0.32882
 0 0.364881
 0 0.315231
 0 0.373668
 0 0.339417
 0 0.351134
 0 0.309256
 0 0.320181
 0 0.326541
 0 0.328237
 0 0.316405
 0 0.351374
 0 0.383362
 0 0.380414
 0 0.372464
 0 0.393377
 0 0.37493
 0 0.3633
 0 0.368809
 0 0.391606
 0 0.354328
 0 0.368807
 0 0.390487
 0 0.338247
 0 0.360129
 0 0.327418
 0 0.353495
 0 0.364587
 0 0.389316
 0 0.344186
 0 0.338853
 0 0.373712
 0 0.349799
 0 0.349541
 0 0.354808
 0 0.352856
 0 0.361261
 0 0.366735
 0 0.357433
 0 0.389332
 0 0.365059
 0 0.315829
 0 0.339385
 0 0.390977
 0 0.336527
 0 0.429834
 0 0.354133
 0 0.371341
 0 0.40521
 0 0.378473
 0 0.362792
 0 0.35443
 0 0.351468
 0 0.380321
 0 0.334005
 0 0.335616
 0 0.31317
 0 0.421626
 0 0.331004
 0 0.339355
 0 0.319892
 0 0.333235
 0 0.358256
 0 0.342402
 0 0.343038
 0 0.3662
 0 0.425414
 0 0.378131
 0 0.305851
 0 0.389629
 0 0.303212
 0 0.376681
 0 0.413943
 0 0.343053
 0 0.371108
 0 0.381758
 0 0.362443
 0 0.371685
 0 0.381574
 0 0.381922
 0 0.369854
 0 0.346852
 0 0.339783
 0 0.352538
 0 0.386682
 0 0.398063
 0 0.356141
 0 0.375184
 0 0.38203
 0 0.429841
 0 0.387034
 0 0.327835
 0 0.395515
 0 0.384186
 0 0.357432
 0 0.39343
 0 0.335676
 0 0.355493
 0 0.354634
 0 0.329662
 0 0.362091
 0 0.405691
 0 0.390468
 0 0.338231
 0 0.332152
 0 0.345812
 0 0.357954
 0 0.331344
 0 0.356934
 0 0.317522
 0 0.378658
 0 0.356811
 0 0.378309
 0 0.369062
 0 0.33452
 0 0.338188
 0 0.363281
 0 0.371222
 0 0.405157
 0 0.324872
 0 0.370419
 0 0.3397
 0 0.34552
 0 0.336652
 0 0.320259
 0 0.363486
 0 0.399902
 0 0.372229
 0 0.344591
 0 0.327733
 0 0.377574
 0 0.336633
 0 0.336326
 0 0.345959
 0 0.331878
 0 0.345353
 0 0.344646
 0 0.308726
 0 0.37727
 0 0.383357
 0 0.371725
 0 0.389741
 0 0.409494
 0 0.355387
 0 0.36936
 0 0.365993
 0 0.383116
 0 0.369589
 0 0.411305
 0 0.406614
 0 0.351592
 0 0.385915
 0 0.382424
 0 0.337001
 0 0.372066
 0 0.342375
 0 0.354052
 0 0.362555
 0 0.361862
 0 0.348469
 0 0.380065
 0 0.37626
 0 0.377954
 0 0.421307
 0 0.369766
 0 0.341475
 0 0.355431
 0 0.350935
 0 0.362788
 0 0.355869
 0 0.417392
 0 0.302944
 0 0.40058
 0 0.383653
 0 0.368691
 0 0.354395
 0 0.33202
 0 0.349924
 0 0.331043
 0 0.379655
 0 0.330166
 0 0.355439
 0 0.38075
 0 0.364924
 0 0.388503
 0 0.411095
 0 0.353678
 0 0.363208
 0 0.390206
 0 0.340476
 0 0.310569
 0 0.428842
 0 0.385671
 0 0.382265
 0 0.363433
 0 0.376119
 0 0.306325
 0 0.351729
 0 0.37133
 0 0.34176
 0 0.401344
 0 0.344261
 0 0.393523
 0 0.41505
 0 0.349373
 0 0.312089
 0 0.375693
 0 0.306696
 0 0.376641
 0 0.341218
 0 0.363139
 0 0.325009
 0 0.341543
 0 0.357347
 0 0.375155
 0 0.340948
 0 0.409184
 0 0.365458
 0 0.388195
 0 0.373354
 0 0.396049
 0 0.381546
 0 0.392976
 0 0.379501
 0 0.333635
 0 0.370866
 0 0.352902
 0 0.323662
 0 0.377989
 0 0.38282
 0 0.373836
 0 0.365689
 0 0.340712
 0 0.375242
 0 0.389595
 0 0.387142
 0 0.394257
 0 0.350735
 0 0.367859
 0 0.346806
 0 0.305051
 0 0.35487
 0 0.325581
 0 0.343811
 0 0.359619
 0 0.363753
 0 0.363108
 0 0.346161
 0 0.365359
 0 0.350469
 0 0.364938
 0 0.310691
 0 0.368873
 0 0.3206
 0 0.349578
 0 0.407004
 0 0.393741
 0 0.334593
 0 0.348155
 0 0.385766
 0 0.361284
 0 0.351059
 0 0.341354
 0 0.357756
 0 0.303407
 0 0.371055
 0 0.332045
 0 0.348059
 0 0.35026
 0 0.403843
 0 0.343555
 0 0.385917
 0 0.340968
 0 0.347713
 0 0.3233
 0 0.339358
 0 0.397789
 0 0.383556
 0 0.377431
 0 0.383657
 0 0.364912
 0 0.356735
 0 0.364919
 0 0.36457
 0 0.329185
 0 0.343057
 0 0.3434
 0 0.343251
 0 0.321701
 0 0.343929
 0 0.350582
 0 0.385924
 0 0.367591
 0 0.343454
 0 0.335687
 0 0.382683
 0 0.368642
 0 0.400727
 0 0.319481
 0 0.393846
 0 0.368135
 0 0.370588
 0 0.35658
 0 0.319186
 0 0.381742
 0 0.388682
 0 0.320774
 0 0.353008
 0 0.386626
 0 0.413859
 0 0.334695
 0 0.424016
 0 0.359911
 0 0.369357
 0 0.366883
 0 0.330887
 0 0.305622
 0 0.377817
 0 0.354805
 0 0.341947
 0 0.310102
 0 0.326523
 0 0.352591
 0 0.388958
 0 0.330913
 0 0.384273
 0 0.385308
 0 0.329727
 0 0.363872
 0 0.366501
 0 0.381504
 0 0.35575
 0 0.376083
 0 0.340683
 0 0.381094
 0 0.359047
 0 0.343528
 0 0.360715
 0 0.385048
 0 0.347981
 0 0.416264
 0 0.36255
 0 0.338549
 0 0.377499
 0 0.359342
 0 0.383578
 0 0.364335
 0 0.393521
 0 0.337969
 0 0.365196
 0 0.361354
 0 0.399566
 0 0.354247
 0 0.352335
 0 0.417913
 0 0.364063
 0 0.349953
 0 0.361915
 0 0.376818
 0 0.380829
 0 0.321624
 0 0.377506
 0 0.350614
 0 0.34715
 0 0.355224
 0 0.377557
 0 0.363576
 0 0.440057
 0 0.394612
 0 0.411023
 0 0.380103
 0 0.370068
 0 0.364118
 0 0.309933
 0 0.397438
 0 0.357633
 0 0.375301
 0 0.361946
 0 0.343288
 0 0.352587
 0 0.334276
 0 0.378074
 0 0.365787
 0 0.330675
 0 0.36221
 0 0.394598
 0 0.342417
 0 0.350282
 0 0.393696
 0 0.334932
 0 0.369026
 0 0.317395
 0 0.357784
 0 0.332418
 0 0.357295
 0 0.397592
 0 0.397882
 0 0.401948
 0 0.339828
 0 0.358946
 0 0.344907
 0 0.403832
 0 0.385112
 0 0.347989
 0 0.374275
 0 0.350794
 0 0.390551
 0 0.351066
 0 0.373284
 0 0.400846
 0 0.410922
 0 0.434636
 0 0.303411
 0 0.319643
 0 0.336551
 0 0.342526
 0 0.383008
 0 0.333264
 0 0.352933
 0 0.367025
 0 0.335406
 0 0.367771
 0 0.372745
 0 0.337167
 0 0.385035
 0 0.331534
 0 0.325281
 0 0.371326
