535 1 0 0 1
 0 0.637192
 0 0.72235
 0 0.74784
 0 0.743608
 0 0.684084
 0 0.6578
 0 0.71179
 0 0.712344
 0 0.679594
 0 0.686522
 0 0.741888
 0 0.713308
 0 0.76329
 0 0.752312
 0 0.75788
 0 0.701462
 0 0.706158
 0 0.647012
 0 0.772968
 0 0.725422
 0 0.72575
 0 0.743722
 0 0.743298
 0 0.684486
 0 0.716578
 0 0.773934
 0 0.743554
 0 0.721126
 0 0.739224
 0 0.696538
 0 0.77253
 0 0.810474
 0 0.7494
 0 0.726648
 0 0.731564
 0 0.689368
 0 0.741592
 0 0.712192
 0 0.736906
 0 0.728044
 0 0.71991
 0 0.699828
 0 0.671106
 0 0.79137
 0 0.72034
 0 0.75059
 0 0.712826
 0 0.65529
 0 0.706106
 0 0.813976
 0 0.732068
 0 0.763576
 0 0.780618
 0 0.697194
 0 0.730804
 0 0.740082
 0 0.709276
 0 0.694712
 0 0.68203
 0 0.686162
 0 0.71357
 0 0.71237
 0 0.72503
 0 0.666866
 0 0.663854
 0 0.736994
 0 0.682882
 0 0.732356
 0 0.737236
 0 0.751348
 0 0.771264
 0 0.744576
 0 0.682928
 0 0.739266
 0 0.727414
 0 0.671272
 0 0.710916
 0 0.703866
 0 0.704726
 0 0.75391
 0 0.797826
 0 0.685876
 0 0.70377
 0 0.701992
 0 0.696004
 0 0.671106
 0 0.752528
 0 0.74749
 0 0.714572
 0 0.76696
 0 0.743442
 0 0.72757
 0 0.719272
 0 0.724516
 0 0.703582
 0 0.766452
 0 0.765628
 0 0.741036
 0 0.766136
 0 0.648764
 0 0.724382
 0 0.720516
 0 0.679778
 0 0.760758
 0 0.701164
 0 0.74661
 0 0.735072
 0 0.680154
 0 0.708984
 0 0.736608
 0 0.718314
 0 0.763178
 0 0.681902
 0 0.71132
 0 0.690302
 0 0.697402
 0 0.675948
 0 0.669544
 0 0.70436
 0 0.737278
 0 0.74289
 0 0.716324
 0 0.70868
 0 0.709176
 0 0.685772
 0 0.712898
 0 0.668472
 0 0.731334
 0 0.802468
 0 0.720238
 0 0.714434
 0 0.699746
 0 0.731422
 0 0.717456
 0 0.736704
 0 0.717772
 0 0.65473
 0 0.701214
 0 0.681942
 0 0.699484
 0 0.748032
 0 0.760662
 0 0.69578
 0 0.755552
 0 0.725204
 0 0.691446
 0 0.700912
 0 0.77248
 0 0.747046
 0 0.745536
 0 0.778178
 0 0.725354
 0 0.73308
 0 0.705318
 0 0.732822
 0 0.748554
 0 0.695052
 0 0.739976
 0 0.73596
 0 0.755052
 0 0.703434
 0 0.71223
 0 0.696852
 0 0.708968
 0 0.796254
 0 0.67151
 0 0.674292
 0 0.667674
 0 0.694542
 0 0.668782
 0 0.698222
 0 0.815866
 0 0.66829
 0 0.756444
 0 0.691436
 0 0.742628
 0 0.816508
 0 0.760414
 0 0.722686
 0 0.738756
 0 0.71643
 0 0.809016
 0 0.694154
 0 0.744282
 0 0.718318
 0 0.692368
 0 0.731168
 0 0.736694
 0 0.75228
 0 0.677178
 0 0.688272
 0 0.686326
 0 0.786176
 0 0.685696
 0 0.71581
 0 0.760726
 0 0.750788
 0 0.690418
 0 0.741762
 0 0.79246
 0 0.807214
 0 0.800578
 0 0.741436
 0 0.769488
 0 0.710382
 0 0.776376
 0 0.731942
 0 0.743024
 0 0.728056
 0 0.718126
 0 0.720432
 0 0.728658
 0 0.746762
 0 0.779208
 0 0.721682
 0 0.656034
 0 0.689412
 0 0.726114
 0 0.768272
 0 0.729408
 0 0.707332
 0 0.751848
 0 0.728544
 0 0.749582
 0 0.671188
 0 0.710958
 0 0.687372
 0 0.694302
 0 0.718444
 0 0.676768
 0 0.756804
 0 0.704612
 0 0.71624
 0 0.718136
 0 0.717282
 0 0.660836
 0 0.655688
 0 0.7147
 0 0.752924
 0 0.643836
 0 0.687828
 0 0.67548
 0 0.756166
 0 0.701866
 0 0.6958
 0 0.763378
 0 0.754594
 0 0.702054
 0 0.740708
 0 0.735764
 0 0.828004
 0 0.735084
 0 0.731914
 0 0.74992
 0 0.797234
 0 0.77815
 0 0.764056
 0 0.739948
 0 0.810976
 0 0.718176
 0 0.738674
 0 0.76433
 0 0.709546
 0 0.753508
 0 0.644668
 0 0.736228
 0 0.669128
 0 0.720596
 0 0.777332
 0 0.753042
 0 0.709474
 0 0.770788
 0 0.722154
 0 0.786092
 0 0.746952
 0 0.686012
 0 0.68037
 0 0.752712
 0 0.689774
 0 0.704538
 0 0.787176
 0 0.701346
 0 0.68978
 0 0.73783
 0 0.732156
 0 0.709912
 0 0.694632
 0 0.69789
 0 0.734982
 0 0.691348
 0 0.742698
 0 0.73398
 0 0.728298
 0 0.702478
 0 0.741802
 0 0.755158
 0 0.724014
 0 0.71087
 0 0.695206
 0 0.74317
 0 0.720438
 0 0.770898
 0 0.698476
 0 0.806866
 0 0.720922
 0 0.694254
 0 0.729112
 0 0.734006
 0 0.764194
 0 0.723046
 0 0.718528
 0 0.768096
 0 0.75161
 0 0.774494
 0 0.718514
 0 0.734898
 0 0.670524
 0 0.733914
 0 0.711656
 0 0.696662
 0 0.734216
 0 0.667274
 0 0.709522
 0 0.750896
 0 0.76738
 0 0.726326
 0 0.731008
 0 0.741532
 0 0.685296
 0 0.687578
 0 0.72764
 0 0.718488
 0 0.762316
 0 0.742112
 0 0.72898
 0 0.748232
 0 0.632114
 0 0.771844
 0 0.714978
 0 0.683408
 0 0.737146
 0 0.745152
 0 0.701408
 0 0.731866
 0 0.695388
 0 0.67099
 0 0.745816
 0 0.67509
 0 0.691856
 0 0.703108
 0 0.714738
 0 0.71864
 0 0.770618
 0 0.694926
 0 0.697882
 0 0.669422
 0 0.65815
 0 0.811508
 0 0.6959
 0 0.720302
 0 0.744988
 0 0.77243
 0 0.681664
 0 0.788226
 0 0.685378
 0 0.772278
 0 0.703012
 0 0.738404
 0 0.686636
 0 0.793368
 0 0.731972
 0 0.71623
 0 0.701802
 0 0.727886
 0 0.764118
 0 0.67737
 0 0.681162
 0 0.718938
 0 0.66488
 0 0.727758
 0 0.70673
 0 0.663176
 0 0.715832
 0 0.691148
 0 0.69273
 0 0.743132
 0 0.800104
 0 0.729734
 0 0.761416
 0 0.705192
 0 0.791494
 0 0.662604
 0 0.678638
 0 0.822492
 0 0.809686
 0 0.74823
 0 0.758592
 0 0.731424
 0 0.73701
 0 0.817696
 0 0.681618
 0 0.716014
 0 0.731876
 0 0.737954
 0 0.77453
 0 0.66997
 0 0.727638
 0 0.743696
 0 0.772142
 0 0.639984
 0 0.709192
 0 0.65226
 0 0.732008
 0 0.719784
 0 0.669418
 0 0.71674
 0 0.741656
 0 0.65391
 0 0.76591
 0 0.739074
 0 0.738998
 0 0.634264
 0 0.687334
 0 0.679424
 0 0.701242
 0 0.708654
 0 0.777642
 0 0.66968
 0 0.729218
 0 0.717612
 0 0.744978
 0 0.71481
 0 0.727766
 0 0.761302
 0 0.68294
 0 0.726714
 0 0.675356
 0 0.648262
 0 0.749428
 0 0.724572
 0 0.68719
 0 0.713988
 0 0.76841
 0 0.693838
 0 0.755152
 0 0.684418
 0 0.719536
 0 0.768052
 0 0.733698
 0 0.71893
 0 0.732344
 0 0.754206
 0 0.729054
 0 0.746294
 0 0.781992
 0 0.795672
 0 0.723662
 0 0.702314
 0 0.725108
 0 0.717378
 0 0.744514
 0 0.732438
 0 0.693598
 0 0.68965
 0 0.742652
 0 0.76295
 0 0.761328
 0 0.745266
 0 0.749034
 0 0.778368
 0 0.772164
 0 0.710062
 0 0.68443
 0 0.74231
 0 0.683226
 0 0.785084
 0 0.760146
 0 0.775068
 0 0.693146
 0 0.69873
 0 0.729448
 0 0.733128
 0 0.762688
 0 0.678194
 0 0.754712
 0 0.643924
 0 0.730348
 0 0.714904
 0 0.70409
 0 0.753774
 0 0.674074
 0 0.698098
 0 0.700554
 0 0.671058
 0 0.74765
 0 0.802026
 0 0.702396
 0 0.677938
 0 0.820276
 0 0.689576
 0 0.70439
 0 0.777982
 0 0.715658
 0 0.649772
 0 0.757882
 0 0.708682
 0 0.72341
 0 0.756272
 0 0.71574
 0 0.722458
 0 0.741824
 0 0.778438
 0 0.68764
 0 0.72135
 0 0.71297
 0 0.743478
 0 0.765252
 0 0.762642
 0 0.745078
 0 0.719048
 0 0.662928
 0 0.729592
 0 0.794604
 0 0.738522
 0 0.729372
 0 0.70471
 0 0.624412
 0 0.703586
 0 0.761274
 0 0.804364
 0 0.771198
 0 0.728528
 0 0.794336
 0 0.69764
 0 0.72038
