535 1 0 0 1
 0 0.351269
 0 0.356989
 0 0.35905
 0 0.378935
 0 0.407488
 0 0.355954
 0 0.448301
 0 0.415825
 0 0.388994
 0 0.321034
 0 0.368114
 0 0.424346
 0 0.410591
 0 0.417012
 0 0.4096
 0 0.349574
 0 0.389069
 0 0.405154
 0 0.413749
 0 0.423167
 0 0.405746
 0 0.3711
 0 0.379807
 0 0.363008
 0 0.362906
 0 0.36133
 0 0.382054
 0 0.373574
 0 0.361123
 0 0.352617
 0 0.407135
 0 0.368166
 0 0.347377
 0 0.380352
 0 0.342042
 0 0.411765
 0 0.402366
 0 0.384427
 0 0.395973
 0 0.400264
 0 0.33876
 0 0.366874
 0 0.372521
 0 0.363292
 0 0.369213
 0 0.341889
 0 0.410832
 0 0.375516
 0 0.378483
 0 0.412622
 0 0.341916
 0 0.393019
 0 0.373199
 0 0.373746
 0 0.363849
 0 0.390428
 0 0.371082
 0 0.361343
 0 0.33502
 0 0.424617
 0 0.320772
 0 0.331304
 0 0.414948
 0 0.369463
 0 0.364994
 0 0.323463
 0 0.364751
 0 0.382356
 0 0.386905
 0 0.350709
 0 0.389363
 0 0.454053
 0 0.358839
 0 0.367749
 0 0.336837
 0 0.367861
 0 0.327669
 0 0.342663
 0 0.387764
 0 0.386565
 0 0.390499
 0 0.458429
 0 0.376935
 0 0.385966
 0 0.369205
 0 0.353391
 0 0.390006
 0 0.39618
 0 0.370852
 0 0.366258
 0 0.376848
 0 0.345671
 0 0.400922
 0 0.402875
 0 0.376153
 0 0.346575
 0 0.418224
 0 0.369445
 0 0.414486
 0 0.423194
 0 0.402263
 0 0.392281
 0 0.331973
 0 0.41311
 0 0.350912
 0 0.386779
 0 0.394524
 0 0.400829
 0 0.352147
 0 0.379373
 0 0.355389
 0 0.358983
 0 0.36063
 0 0.391339
 0 0.42093
 0 0.359375
 0 0.37957
 0 0.352003
 0 0.377353
 0 0.36687
 0 0.410132
 0 0.373333
 0 0.392786
 0 0.39736
 0 0.379885
 0 0.422985
 0 0.408528
 0 0.366317
 0 0.373786
 0 0.322944
 0 0.390119
 0 0.403967
 0 0.446557
 0 0.392097
 0 0.391713
 0 0.387764
 0 0.353483
 0 0.368787
 0 0.386508
 0 0.328481
 0 0.342203
 0 0.388752
 0 0.4104
 0 0.40286
 0 0.367341
 0 0.391707
 0 0.386431
 0 0.385697
 0 0.378302
 0 0.376319
 0 0.396189
 0 0.371804
 0 0.438908
 0 0.372147
 0 0.381095
 0 0.372308
 0 0.395426
 0 0.382067
 0 0.354384
 0 0.431572
 0 0.440936
 0 0.371528
 0 0.324878
 0 0.362243
 0 0.418196
 0 0.342743
 0 0.371156
 0 0.370272
 0 0.344094
 0 0.382713
 0 0.358561
 0 0.410375
 0 0.395586
 0 0.391231
 0 0.380238
 0 0.385842
 0 0.403156
 0 0.33358
 0 0.384085
 0 0.393419
 0 0.369316
 0 0.412251
 0 0.417448
 0 0.362444
 0 0.364255
 0 0.379937
 0 0.41456
 0 0.373936
 0 0.361788
 0 0.330126
 0 0.435902
 0 0.403687
 0 0.414916
 0 0.366839
 0 0.36265
 0 0.373453
 0 0.390767
 0 0.383597
 0 0.403442
 0 0.41147
 0 0.410027
 0 0.428783
 0 0.395744
 0 0.377109
 0 0.421956
 0 0.387339
 0 0.382945
 0 0.403169
 0 0.339956
 0 0.419116
 0 0.343507
 0 0.393981
 0 0.37903
 0 0.379322
 0 0.364836
 0 0.387768
 0 0.405387
 0 0.390108
 0 0.389928
 0 0.39838
 0 0.376376
 0 0.399171
 0 0.350755
 0 0.421365
 0 0.395774
 0 0.365634
 0 0.347481
 0 0.401445
 0 0.355786
 0 0.389062
 0 0.347038
 0 0.347902
 0 0.404109
 0 0.398333
 0 0.384426
 0 0.371066
 0 0.367345
 0 0.397008
 0 0.342713
 0 0.335126
 0 0.374344
 0 0.354409
 0 0.353396
 0 0.388271
 0 0.294872
 0 0.348895
 0 0.394926
 0 0.376078
 0 0.359909
 0 0.388971
 0 0.345246
 0 0.338474
 0 0.356649
 0 0.369118
 0 0.417557
 0 0.393955
 0 0.372114
 0 0.384585
 0 0.397098
 0 0.389009
 0 0.362461
 0 0.391836
 0 0.371642
 0 0.377299
 0 0.351907
 0 0.362543
 0 0.375025
 0 0.372434
 0 0.370461
 0 0.402955
 0 0.36942
 0 0.345425
 0 0.392022
 0 0.427049
 0 0.39471
 0 0.415983
 0 0.398664
 0 0.40903
 0 0.390013
 0 0.403858
 0 0.446501
 0 0.3772
 0 0.402589
 0 0.312284
 0 0.37276
 0 0.393014
 0 0.363346
 0 0.378361
 0 0.391964
 0 0.363876
 0 0.370141
 0 0.385567
 0 0.367626
 0 0.39186
 0 0.368202
 0 0.399722
 0 0.346174
 0 0.411699
 0 0.359511
 0 0.429695
 0 0.399205
 0 0.394561
 0 0.400468
 0 0.381319
 0 0.409057
 0 0.397797
 0 0.380748
 0 0.350119
 0 0.391996
 0 0.405068
 0 0.396927
 0 0.353942
 0 0.421144
 0 0.376393
 0 0.331552
 0 0.363383
 0 0.41048
 0 0.349364
 0 0.362952
 0 0.384245
 0 0.384643
 0 0.374602
 0 0.39704
 0 0.40251
 0 0.392414
 0 0.397248
 0 0.380553
 0 0.347953
 0 0.357419
 0 0.416244
 0 0.423328
 0 0.353216
 0 0.369858
 0 0.394302
 0 0.367675
 0 0.353363
 0 0.349993
 0 0.417786
 0 0.415415
 0 0.40136
 0 0.348807
 0 0.427913
 0 0.378843
 0 0.401922
 0 0.361855
 0 0.339484
 0 0.359646
 0 0.326501
 0 0.3518
 0 0.389332
 0 0.362193
 0 0.383117
 0 0.374814
 0 0.386371
 0 0.37937
 0 0.430566
 0 0.375199
 0 0.41396
 0 0.341522
 0 0.381245
 0 0.343078
 0 0.360569
 0 0.37565
 0 0.413955
 0 0.33604
 0 0.35865
 0 0.414353
 0 0.380912
 0 0.411892
 0 0.353274
 0 0.410067
 0 0.325677
 0 0.403706
 0 0.321349
 0 0.380976
 0 0.381732
 0 0.402079
 0 0.37307
 0 0.410943
 0 0.376156
 0 0.364287
 0 0.310155
 0 0.368411
 0 0.34774
 0 0.361765
 0 0.365335
 0 0.449349
 0 0.343814
 0 0.370872
 0 0.339889
 0 0.405763
 0 0.406912
 0 0.363238
 0 0.414626
 0 0.379886
 0 0.411302
 0 0.375594
 0 0.377595
 0 0.387172
 0 0.418632
 0 0.386374
 0 0.364801
 0 0.376182
 0 0.386286
 0 0.391495
 0 0.363637
 0 0.384032
 0 0.404569
 0 0.411493
 0 0.423204
 0 0.370288
 0 0.371228
 0 0.409137
 0 0.37404
 0 0.420404
 0 0.374552
 0 0.416123
 0 0.396736
 0 0.40078
 0 0.36052
 0 0.365556
 0 0.354672
 0 0.331586
 0 0.389206
 0 0.416539
 0 0.386305
 0 0.42243
 0 0.347935
 0 0.349402
 0 0.38701
 0 0.397417
 0 0.332108
 0 0.370918
 0 0.398225
 0 0.343649
 0 0.381798
 0 0.400949
 0 0.369925
 0 0.411572
 0 0.404214
 0 0.38811
 0 0.401969
 0 0.34187
 0 0.392309
 0 0.390478
 0 0.371701
 0 0.411486
 0 0.43699
 0 0.389201
 0 0.382787
 0 0.408705
 0 0.393
 0 0.419004
 0 0.395675
 0 0.401128
 0 0.370203
 0 0.405385
 0 0.397949
 0 0.391953
 0 0.38315
 0 0.377073
 0 0.396948
 0 0.37568
 0 0.374898
 0 0.428441
 0 0.366525
 0 0.396344
 0 0.368731
 0 0.387612
 0 0.401979
 0 0.360784
 0 0.3615
 0 0.428073
 0 0.412224
 0 0.409561
 0 0.395465
 0 0.393929
 0 0.400732
 0 0.386173
 0 0.330505
 0 0.343917
 0 0.372385
 0 0.372063
 0 0.351131
 0 0.39613
 0 0.36295
 0 0.373545
 0 0.367524
 0 0.379048
 0 0.420107
 0 0.416931
 0 0.384159
 0 0.405199
 0 0.365315
 0 0.411162
 0 0.384529
 0 0.382962
 0 0.363432
 0 0.363223
 0 0.398547
 0 0.365649
 0 0.372789
 0 0.404539
 0 0.369308
 0 0.404539
 0 0.382472
 0 0.424479
 0 0.379791
 0 0.396913
 0 0.383812
 0 0.405267
 0 0.392508
 0 0.342359
 0 0.373389
 0 0.367594
 0 0.41276
 0 0.373645
 0 0.353121
 0 0.392192
 0 0.34653
 0 0.374282
 0 0.371752
 0 0.389657
 0 0.429654
 0 0.406255
 0 0.418071
 0 0.380435
 0 0.420672
 0 0.373447
 0 0.386343
 0 0.37316
 0 0.337955
 0 0.419945
 0 0.355902
 0 0.419217
