535 1 0 0 1
 0 0.585526
 0 0.746178
 0 0.758386
 0 0.658832
 0 0.699144
 0 0.594944
 0 0.638668
 0 0.710798
 0 0.686126
 0 0.616116
 0 0.657458
 0 0.624134
 0 0.784838
 0 0.862166
 0 0.701158
 0 0.668178
 0 0.62637
 0 0.659558
 0 0.830322
 0 0.74743
 0 0.695464
 0 0.67553
 0 0.646988
 0 0.72541
 0 0.743076
 0 0.710228
 0 0.711178
 0 0.675888
 0 0.696464
 0 0.694032
 0 0.736002
 0 0.639402
 0 0.70356
 0 0.706046
 0 0.71513
 0 0.586096
 0 0.705738
 0 0.734342
 0 0.62864
 0 0.661404
 0 0.710908
 0 0.736768
 0 0.57433
 0 0.814448
 0 0.691104
 0 0.724274
 0 0.70587
 0 0.726338
 0 0.687436
 0 0.786678
 0 0.769322
 0 0.694874
 0 0.725534
 0 0.631512
 0 0.727668
 0 0.62574
 0 0.676174
 0 0.669062
 0 0.663262
 0 0.628068
 0 0.623188
 0 0.627964
 0 0.676932
 0 0.699124
 0 0.65343
 0 0.67013
 0 0.638196
 0 0.698252
 0 0.678424
 0 0.656884
 0 0.74153
 0 0.74973
 0 0.701614
 0 0.691932
 0 0.779308
 0 0.624
 0 0.72258
 0 0.56622
 0 0.670904
 0 0.626976
 0 0.670386
 0 0.695276
 0 0.685858
 0 0.7347
 0 0.698846
 0 0.692528
 0 0.661562
 0 0.716392
 0 0.677468
 0 0.67223
 0 0.644622
 0 0.684078
 0 0.684538
 0 0.671662
 0 0.690254
 0 0.645016
 0 0.6703
 0 0.687592
 0 0.707814
 0 0.687234
 0 0.732682
 0 0.654
 0 0.639188
 0 0.62693
 0 0.6838
 0 0.67539
 0 0.673524
 0 0.598946
 0 0.662464
 0 0.66602
 0 0.725596
 0 0.79928
 0 0.616564
 0 0.577714
 0 0.680956
 0 0.68477
 0 0.57733
 0 0.63793
 0 0.732292
 0 0.683454
 0 0.713444
 0 0.722466
 0 0.796504
 0 0.834626
 0 0.760552
 0 0.655726
 0 0.624154
 0 0.712056
 0 0.738612
 0 0.782504
 0 0.614744
 0 0.727674
 0 0.707146
 0 0.71532
 0 0.793074
 0 0.77748
 0 0.57488
 0 0.741224
 0 0.617942
 0 0.675554
 0 0.678724
 0 0.669268
 0 0.560074
 0 0.66943
 0 0.753272
 0 0.662952
 0 0.754632
 0 0.6802
 0 0.69253
 0 0.696082
 0 0.636126
 0 0.660164
 0 0.67715
 0 0.71744
 0 0.723438
 0 0.714434
 0 0.76558
 0 0.636596
 0 0.671814
 0 0.691334
 0 0.73266
 0 0.735584
 0 0.739304
 0 0.646426
 0 0.732724
 0 0.586168
 0 0.609318
 0 0.578304
 0 0.78244
 0 0.682044
 0 0.696052
 0 0.720434
 0 0.653348
 0 0.698082
 0 0.748906
 0 0.60408
 0 0.69882
 0 0.684758
 0 0.715678
 0 0.803378
 0 0.687218
 0 0.761796
 0 0.713316
 0 0.655088
 0 0.776132
 0 0.733668
 0 0.784036
 0 0.583962
 0 0.736148
 0 0.723626
 0 0.68685
 0 0.705764
 0 0.75667
 0 0.63795
 0 0.71941
 0 0.613322
 0 0.767278
 0 0.682758
 0 0.678514
 0 0.714054
 0 0.68249
 0 0.764836
 0 0.69019
 0 0.739364
 0 0.655366
 0 0.799578
 0 0.671626
 0 0.708084
 0 0.677476
 0 0.809856
 0 0.586178
 0 0.64194
 0 0.616566
 0 0.627588
 0 0.630426
 0 0.711812
 0 0.639192
 0 0.639366
 0 0.618352
 0 0.68277
 0 0.654366
 0 0.667562
 0 0.663408
 0 0.708444
 0 0.603036
 0 0.633946
 0 0.527458
 0 0.589016
 0 0.718586
 0 0.611702
 0 0.62589
 0 0.674466
 0 0.779734
 0 0.677288
 0 0.665884
 0 0.606636
 0 0.588148
 0 0.685664
 0 0.62987
 0 0.639904
 0 0.68522
 0 0.676152
 0 0.758926
 0 0.610002
 0 0.698246
 0 0.623874
 0 0.778708
 0 0.677756
 0 0.65156
 0 0.704032
 0 0.683374
 0 0.720216
 0 0.65723
 0 0.765878
 0 0.595772
 0 0.679644
 0 0.72567
 0 0.711282
 0 0.737398
 0 0.68848
 0 0.713272
 0 0.694966
 0 0.68037
 0 0.698026
 0 0.608758
 0 0.784304
 0 0.666528
 0 0.696334
 0 0.711774
 0 0.741436
 0 0.796528
 0 0.728246
 0 0.553454
 0 0.705504
 0 0.721772
 0 0.69069
 0 0.714742
 0 0.734576
 0 0.631712
 0 0.684112
 0 0.69009
 0 0.727842
 0 0.752918
 0 0.606024
 0 0.642124
 0 0.701662
 0 0.78595
 0 0.581948
 0 0.60338
 0 0.642356
 0 0.600402
 0 0.656484
 0 0.70588
 0 0.67091
 0 0.695924
 0 0.756248
 0 0.690958
 0 0.627876
 0 0.711406
 0 0.690096
 0 0.725902
 0 0.70052
 0 0.727616
 0 0.726974
 0 0.61293
 0 0.764596
 0 0.7733
 0 0.6868
 0 0.597536
 0 0.701818
 0 0.627464
 0 0.692942
 0 0.642936
 0 0.720782
 0 0.645474
 0 0.74958
 0 0.635062
 0 0.75267
 0 0.653714
 0 0.638984
 0 0.686268
 0 0.629662
 0 0.687076
 0 0.683848
 0 0.62342
 0 0.6708
 0 0.629168
 0 0.829712
 0 0.59954
 0 0.583494
 0 0.742442
 0 0.679854
 0 0.727208
 0 0.678128
 0 0.663024
 0 0.754824
 0 0.67749
 0 0.696592
 0 0.713132
 0 0.68103
 0 0.615142
 0 0.687126
 0 0.6509
 0 0.726802
 0 0.660122
 0 0.686192
 0 0.651348
 0 0.61433
 0 0.652604
 0 0.696262
 0 0.683882
 0 0.699342
 0 0.71303
 0 0.708808
 0 0.560382
 0 0.611982
 0 0.706842
 0 0.736932
 0 0.661196
 0 0.584608
 0 0.668742
 0 0.667656
 0 0.672894
 0 0.813808
 0 0.607782
 0 0.631398
 0 0.548028
 0 0.69257
 0 0.636458
 0 0.675572
 0 0.658452
 0 0.590134
 0 0.647256
 0 0.649162
 0 0.624636
 0 0.566528
 0 0.607408
 0 0.59446
 0 0.641924
 0 0.60617
 0 0.704366
 0 0.633992
 0 0.646488
 0 0.623306
 0 0.659016
 0 0.747082
 0 0.80351
 0 0.72438
 0 0.78139
 0 0.759498
 0 0.72719
 0 0.694148
 0 0.672878
 0 0.694576
 0 0.701816
 0 0.732314
 0 0.694356
 0 0.709334
 0 0.7389
 0 0.708294
 0 0.707848
 0 0.736536
 0 0.719198
 0 0.67193
 0 0.706662
 0 0.643672
 0 0.734994
 0 0.760902
 0 0.770186
 0 0.686464
 0 0.59229
 0 0.634834
 0 0.6614
 0 0.64833
 0 0.668804
 0 0.789938
 0 0.723466
 0 0.711328
 0 0.735264
 0 0.687438
 0 0.671262
 0 0.633196
 0 0.635866
 0 0.57748
 0 0.705734
 0 0.599778
 0 0.68111
 0 0.59067
 0 0.616996
 0 0.659886
 0 0.696182
 0 0.652194
 0 0.691744
 0 0.659706
 0 0.666262
 0 0.660836
 0 0.663562
 0 0.725168
 0 0.702724
 0 0.701068
 0 0.705966
 0 0.709766
 0 0.707758
 0 0.691622
 0 0.640492
 0 0.711094
 0 0.68986
 0 0.70049
 0 0.665746
 0 0.690146
 0 0.62662
 0 0.622186
 0 0.5661
 0 0.71813
 0 0.63946
 0 0.69019
 0 0.766304
 0 0.700612
 0 0.745278
 0 0.753426
 0 0.661748
 0 0.664438
 0 0.718432
 0 0.621168
 0 0.770848
 0 0.667262
 0 0.741984
 0 0.673092
 0 0.80209
 0 0.642252
 0 0.706238
 0 0.719384
 0 0.778494
 0 0.664664
 0 0.769154
 0 0.7104
 0 0.650168
 0 0.750162
 0 0.752426
 0 0.642452
 0 0.676738
 0 0.698422
 0 0.740054
 0 0.670852
 0 0.664582
 0 0.642178
 0 0.67244
 0 0.64007
 0 0.654774
 0 0.714804
 0 0.656808
 0 0.740196
 0 0.707164
 0 0.665824
 0 0.646158
 0 0.665628
 0 0.667506
 0 0.747408
 0 0.692178
 0 0.674848
 0 0.61621
 0 0.646576
 0 0.59661
 0 0.607962
 0 0.72138
 0 0.700176
 0 0.610204
 0 0.642264
 0 0.66847
 0 0.778736
 0 0.64312
 0 0.71089
 0 0.637112
 0 0.658164
 0 0.652992
 0 0.67965
 0 0.714402
 0 0.733902
 0 0.731698
 0 0.58736
 0 0.597592
 0 0.648946
 0 0.753342
 0 0.700798
 0 0.685252
 0 0.72467
 0 0.67255
 0 0.646098
 0 0.70587
 0 0.774936
 0 0.60976
 0 0.734806
 0 0.718886
 0 0.7816
 0 0.695518
