535 1 0 0 1
 0 0.702538
 0 0.713978
 0 0.7181
 0 0.75787
 0 0.814976
 0 0.711908
 0 0.896602
 0 0.83165
 0 0.777988
 0 0.642068
 0 0.736228
 0 0.848692
 0 0.821182
 0 0.834024
 0 0.8192
 0 0.699148
 0 0.778138
 0 0.810308
 0 0.827498
 0 0.846334
 0 0.811492
 0 0.7422
 0 0.759614
 0 0.726016
 0 0.725812
 0 0.72266
 0 0.764108
 0 0.747148
 0 0.722246
 0 0.705234
 0 0.81427
 0 0.736332
 0 0.694754
 0 0.760704
 0 0.684084
 0 0.82353
 0 0.804732
 0 0.768854
 0 0.791946
 0 0.800528
 0 0.67752
 0 0.733748
 0 0.745042
 0 0.726584
 0 0.738426
 0 0.683778
 0 0.821664
 0 0.751032
 0 0.756966
 0 0.825244
 0 0.683832
 0 0.786038
 0 0.746398
 0 0.747492
 0 0.727698
 0 0.780856
 0 0.742164
 0 0.722686
 0 0.67004
 0 0.849234
 0 0.641544
 0 0.662608
 0 0.829896
 0 0.738926
 0 0.729988
 0 0.646926
 0 0.729502
 0 0.764712
 0 0.77381
 0 0.701418
 0 0.778726
 0 0.908106
 0 0.717678
 0 0.735498
 0 0.673674
 0 0.735722
 0 0.655338
 0 0.685326
 0 0.775528
 0 0.77313
 0 0.780998
 0 0.916858
 0 0.75387
 0 0.771932
 0 0.73841
 0 0.706782
 0 0.780012
 0 0.79236
 0 0.741704
 0 0.732516
 0 0.753696
 0 0.691342
 0 0.801844
 0 0.80575
 0 0.752306
 0 0.69315
 0 0.836448
 0 0.73889
 0 0.828972
 0 0.846388
 0 0.804526
 0 0.784562
 0 0.663946
 0 0.82622
 0 0.701824
 0 0.773558
 0 0.789048
 0 0.801658
 0 0.704294
 0 0.758746
 0 0.710778
 0 0.717966
 0 0.72126
 0 0.782678
 0 0.84186
 0 0.71875
 0 0.75914
 0 0.704006
 0 0.754706
 0 0.73374
 0 0.820264
 0 0.746666
 0 0.785572
 0 0.79472
 0 0.75977
 0 0.84597
 0 0.817056
 0 0.732634
 0 0.747572
 0 0.645888
 0 0.780238
 0 0.807934
 0 0.893114
 0 0.784194
 0 0.783426
 0 0.775528
 0 0.706966
 0 0.737574
 0 0.773016
 0 0.656962
 0 0.684406
 0 0.777504
 0 0.8208
 0 0.80572
 0 0.734682
 0 0.783414
 0 0.772862
 0 0.771394
 0 0.756604
 0 0.752638
 0 0.792378
 0 0.743608
 0 0.877816
 0 0.744294
 0 0.76219
 0 0.744616
 0 0.790852
 0 0.764134
 0 0.708768
 0 0.863144
 0 0.881872
 0 0.743056
 0 0.649756
 0 0.724486
 0 0.836392
 0 0.685486
 0 0.742312
 0 0.740544
 0 0.688188
 0 0.765426
 0 0.717122
 0 0.82075
 0 0.791172
 0 0.782462
 0 0.760476
 0 0.771684
 0 0.806312
 0 0.66716
 0 0.76817
 0 0.786838
 0 0.738632
 0 0.824502
 0 0.834896
 0 0.724888
 0 0.72851
 0 0.759874
 0 0.82912
 0 0.747872
 0 0.723576
 0 0.660252
 0 0.871804
 0 0.807374
 0 0.829832
 0 0.733678
 0 0.7253
 0 0.746906
 0 0.781534
 0 0.767194
 0 0.806884
 0 0.82294
 0 0.820054
 0 0.857566
 0 0.791488
 0 0.754218
 0 0.843912
 0 0.774678
 0 0.76589
 0 0.806338
 0 0.679912
 0 0.838232
 0 0.687014
 0 0.787962
 0 0.75806
 0 0.758644
 0 0.729672
 0 0.775536
 0 0.810774
 0 0.780216
 0 0.779856
 0 0.79676
 0 0.752752
 0 0.798342
 0 0.70151
 0 0.84273
 0 0.791548
 0 0.731268
 0 0.694962
 0 0.80289
 0 0.711572
 0 0.778124
 0 0.694076
 0 0.695804
 0 0.808218
 0 0.796666
 0 0.768852
 0 0.742132
 0 0.73469
 0 0.794016
 0 0.685426
 0 0.670252
 0 0.748688
 0 0.708818
 0 0.706792
 0 0.776542
 0 0.589744
 0 0.69779
 0 0.789852
 0 0.752156
 0 0.719818
 0 0.777942
 0 0.690492
 0 0.676948
 0 0.713298
 0 0.738236
 0 0.835114
 0 0.78791
 0 0.744228
 0 0.76917
 0 0.794196
 0 0.778018
 0 0.724922
 0 0.783672
 0 0.743284
 0 0.754598
 0 0.703814
 0 0.725086
 0 0.75005
 0 0.744868
 0 0.740922
 0 0.80591
 0 0.73884
 0 0.69085
 0 0.784044
 0 0.854098
 0 0.78942
 0 0.831966
 0 0.797328
 0 0.81806
 0 0.780026
 0 0.807716
 0 0.893002
 0 0.7544
 0 0.805178
 0 0.624568
 0 0.74552
 0 0.786028
 0 0.726692
 0 0.756722
 0 0.783928
 0 0.727752
 0 0.740282
 0 0.771134
 0 0.735252
 0 0.78372
 0 0.736404
 0 0.799444
 0 0.692348
 0 0.823398
 0 0.719022
 0 0.85939
 0 0.79841
 0 0.789122
 0 0.800936
 0 0.762638
 0 0.818114
 0 0.795594
 0 0.761496
 0 0.700238
 0 0.783992
 0 0.810136
 0 0.793854
 0 0.707884
 0 0.842288
 0 0.752786
 0 0.663104
 0 0.726766
 0 0.82096
 0 0.698728
 0 0.725904
 0 0.76849
 0 0.769286
 0 0.749204
 0 0.79408
 0 0.80502
 0 0.784828
 0 0.794496
 0 0.761106
 0 0.695906
 0 0.714838
 0 0.832488
 0 0.846656
 0 0.706432
 0 0.739716
 0 0.788604
 0 0.73535
 0 0.706726
 0 0.699986
 0 0.835572
 0 0.83083
 0 0.80272
 0 0.697614
 0 0.855826
 0 0.757686
 0 0.803844
 0 0.72371
 0 0.678968
 0 0.719292
 0 0.653002
 0 0.7036
 0 0.778664
 0 0.724386
 0 0.766234
 0 0.749628
 0 0.772742
 0 0.75874
 0 0.861132
 0 0.750398
 0 0.82792
 0 0.683044
 0 0.76249
 0 0.686156
 0 0.721138
 0 0.7513
 0 0.82791
 0 0.67208
 0 0.7173
 0 0.828706
 0 0.761824
 0 0.823784
 0 0.706548
 0 0.820134
 0 0.651354
 0 0.807412
 0 0.642698
 0 0.761952
 0 0.763464
 0 0.804158
 0 0.74614
 0 0.821886
 0 0.752312
 0 0.728574
 0 0.62031
 0 0.736822
 0 0.69548
 0 0.72353
 0 0.73067
 0 0.898698
 0 0.687628
 0 0.741744
 0 0.679778
 0 0.811526
 0 0.813824
 0 0.726476
 0 0.829252
 0 0.759772
 0 0.822604
 0 0.751188
 0 0.75519
 0 0.774344
 0 0.837264
 0 0.772748
 0 0.729602
 0 0.752364
 0 0.772572
 0 0.78299
 0 0.727274
 0 0.768064
 0 0.809138
 0 0.822986
 0 0.846408
 0 0.740576
 0 0.742456
 0 0.818274
 0 0.74808
 0 0.840808
 0 0.749104
 0 0.832246
 0 0.793472
 0 0.80156
 0 0.72104
 0 0.731112
 0 0.709344
 0 0.663172
 0 0.778412
 0 0.833078
 0 0.77261
 0 0.84486
 0 0.69587
 0 0.698804
 0 0.77402
 0 0.794834
 0 0.664216
 0 0.741836
 0 0.79645
 0 0.687298
 0 0.763596
 0 0.801898
 0 0.73985
 0 0.823144
 0 0.808428
 0 0.77622
 0 0.803938
 0 0.68374
 0 0.784618
 0 0.780956
 0 0.743402
 0 0.822972
 0 0.87398
 0 0.778402
 0 0.765574
 0 0.81741
 0 0.786
 0 0.838008
 0 0.79135
 0 0.802256
 0 0.740406
 0 0.81077
 0 0.795898
 0 0.783906
 0 0.7663
 0 0.754146
 0 0.793896
 0 0.75136
 0 0.749796
 0 0.856882
 0 0.73305
 0 0.792688
 0 0.737462
 0 0.775224
 0 0.803958
 0 0.721568
 0 0.723
 0 0.856146
 0 0.824448
 0 0.819122
 0 0.79093
 0 0.787858
 0 0.801464
 0 0.772346
 0 0.66101
 0 0.687834
 0 0.74477
 0 0.744126
 0 0.702262
 0 0.79226
 0 0.7259
 0 0.74709
 0 0.735048
 0 0.758096
 0 0.840214
 0 0.833862
 0 0.768318
 0 0.810398
 0 0.73063
 0 0.822324
 0 0.769058
 0 0.765924
 0 0.726864
 0 0.726446
 0 0.797094
 0 0.731298
 0 0.745578
 0 0.809078
 0 0.738616
 0 0.809078
 0 0.764944
 0 0.848958
 0 0.759582
 0 0.793826
 0 0.767624
 0 0.810534
 0 0.785016
 0 0.684718
 0 0.746778
 0 0.735188
 0 0.82552
 0 0.74729
 0 0.706242
 0 0.784384
 0 0.69306
 0 0.748564
 0 0.743504
 0 0.779314
 0 0.859308
 0 0.81251
 0 0.836142
 0 0.76087
 0 0.841344
 0 0.746894
 0 0.772686
 0 0.74632
 0 0.67591
 0 0.83989
 0 0.711804
 0 0.838434
