535 1 0 0 1
 0 0.758478
 0 0.826614
 0 0.789908
 0 0.672954
 0 0.809184
 0 0.784594
 0 0.807974
 0 0.805064
 0 0.748662
 0 0.65779
 0 0.864962
 0 0.655188
 0 0.963938
 0 0.892354
 0 0.746066
 0 0.872796
 0 0.773476
 0 0.774354
 0 0.87413
 0 0.81653
 0 0.80811
 0 0.76399
 0 0.790628
 0 0.774286
 0 0.947592
 0 0.728982
 0 0.848264
 0 0.812582
 0 0.753214
 0 0.71455
 0 0.941918
 0 0.87855
 0 0.886094
 0 0.88698
 0 0.818716
 0 0.696718
 0 0.790194
 0 0.788896
 0 0.76375
 0 0.789786
 0 0.803934
 0 0.733628
 0 0.68738
 0 0.875252
 0 0.87634
 0 0.744558
 0 0.655652
 0 0.719662
 0 0.878876
 0 0.85575
 0 0.85526
 0 0.759034
 0 0.796586
 0 0.82751
 0 0.707602
 0 0.7996
 0 0.890354
 0 0.843506
 0 0.71627
 0 0.635108
 0 0.61365
 0 0.579944
 0 0.775984
 0 0.790664
 0 0.871146
 0 0.619502
 0 0.699276
 0 0.98168
 0 0.803798
 0 0.816258
 0 0.76701
 0 0.807018
 0 0.776592
 0 0.850396
 0 0.832498
 0 0.701102
 0 0.73411
 0 0.577838
 0 0.82015
 0 0.837812
 0 0.758358
 0 0.896644
 0 0.855124
 0 0.879098
 0 0.818422
 0 0.810768
 0 0.888906
 0 0.762398
 0 0.789074
 0 0.823086
 0 0.801472
 0 0.722476
 0 0.825348
 0 0.718042
 0 0.73541
 0 0.790564
 0 0.767096
 0 0.874054
 0 0.92481
 0 0.795224
 0 0.785274
 0 0.70234
 0 0.92035
 0 0.908194
 0 0.791854
 0 0.86645
 0 0.760204
 0 0.723742
 0 0.794494
 0 0.734042
 0 0.745836
 0 0.875408
 0 0.775784
 0 0.709594
 0 0.683162
 0 0.791886
 0 0.740476
 0 0.820908
 0 0.913062
 0 0.742024
 0 0.763256
 0 0.885146
 0 0.813856
 0 0.747416
 0 0.776784
 0 0.734404
 0 0.786944
 0 0.918742
 0 0.877412
 0 0.80055
 0 0.700484
 0 0.817324
 0 0.879348
 0 0.831568
 0 0.815108
 0 0.815822
 0 0.625692
 0 0.889408
 0 0.830444
 0 0.73775
 0 0.757292
 0 0.868322
 0 0.759902
 0 0.775484
 0 0.751016
 0 0.855328
 0 0.767974
 0 0.772914
 0 0.810704
 0 0.770398
 0 0.719664
 0 0.726774
 0 0.823552
 0 0.830764
 0 0.659676
 0 0.79075
 0 0.869126
 0 0.824508
 0 0.846734
 0 0.78478
 0 0.709558
 0 0.744666
 0 0.753282
 0 0.763554
 0 0.826094
 0 0.744194
 0 0.653444
 0 0.701794
 0 0.855362
 0 0.81739
 0 0.85294
 0 0.85854
 0 0.824118
 0 0.814356
 0 0.736464
 0 0.767908
 0 0.858032
 0 0.792534
 0 0.727728
 0 0.829936
 0 0.7292
 0 0.752744
 0 0.793256
 0 0.822522
 0 0.739952
 0 0.804614
 0 0.884068
 0 0.788292
 0 0.82352
 0 0.783718
 0 0.713796
 0 0.874202
 0 0.874264
 0 0.796472
 0 0.788688
 0 0.8133
 0 0.821328
 0 0.787484
 0 0.820036
 0 0.8504
 0 0.748386
 0 0.896576
 0 0.84057
 0 0.771906
 0 0.911372
 0 0.705082
 0 0.859788
 0 0.916888
 0 0.80519
 0 0.830258
 0 0.76583
 0 0.796296
 0 0.741918
 0 0.761726
 0 0.721416
 0 0.807652
 0 0.687404
 0 0.766346
 0 0.785348
 0 0.857104
 0 0.823714
 0 0.829534
 0 0.906254
 0 0.843504
 0 0.65827
 0 0.65102
 0 0.690292
 0 0.603482
 0 0.81378
 0 0.841534
 0 0.738362
 0 0.75527
 0 0.89772
 0 0.737334
 0 0.76155
 0 0.703826
 0 0.678158
 0 0.656344
 0 0.619582
 0 0.740616
 0 0.793846
 0 0.788682
 0 0.788756
 0 0.566378
 0 0.795546
 0 0.749168
 0 0.881356
 0 0.81527
 0 0.743602
 0 0.751582
 0 0.876832
 0 0.741328
 0 0.771772
 0 0.918486
 0 0.740796
 0 0.74197
 0 0.903692
 0 0.743682
 0 0.899836
 0 0.970602
 0 0.862972
 0 0.868804
 0 0.76159
 0 0.84936
 0 0.834058
 0 0.916786
 0 0.925876
 0 0.82828
 0 0.864268
 0 0.856404
 0 0.96878
 0 0.658376
 0 0.760906
 0 0.862498
 0 0.859606
 0 0.634082
 0 0.835662
 0 0.874836
 0 0.760588
 0 0.775622
 0 0.82548
 0 0.798562
 0 0.777912
 0 0.66429
 0 0.796342
 0 0.708006
 0 0.65166
 0 0.771134
 0 0.701598
 0 0.82787
 0 0.774822
 0 0.818752
 0 0.724902
 0 0.722252
 0 0.760422
 0 0.897384
 0 0.821236
 0 0.793328
 0 0.81707
 0 0.78178
 0 0.754624
 0 0.817246
 0 0.824658
 0 0.75419
 0 0.851828
 0 0.759184
 0 0.856536
 0 0.856928
 0 0.827778
 0 0.798256
 0 0.667942
 0 0.73587
 0 0.86774
 0 0.732134
 0 0.678022
 0 0.872068
 0 0.715444
 0 0.731582
 0 0.69345
 0 0.780742
 0 0.719858
 0 0.834746
 0 0.708908
 0 0.718926
 0 0.717884
 0 0.778152
 0 0.769156
 0 0.845788
 0 0.643432
 0 0.79283
 0 0.870098
 0 0.943148
 0 0.786724
 0 0.781598
 0 0.739052
 0 0.954686
 0 0.776692
 0 0.845238
 0 0.807644
 0 0.596808
 0 0.76506
 0 0.852762
 0 0.775228
 0 0.789454
 0 0.835456
 0 0.598542
 0 0.788112
 0 0.635926
 0 0.784516
 0 0.680678
 0 0.84466
 0 0.869754
 0 0.795864
 0 0.723128
 0 0.70222
 0 0.62716
 0 0.78881
 0 0.94219
 0 0.736214
 0 0.677364
 0 0.608092
 0 0.831888
 0 0.723916
 0 1.04144
 0 0.707836
 0 0.695984
 0 0.698508
 0 0.921836
 0 0.69946
 0 0.647722
 0 0.737006
 0 0.789038
 0 0.76992
 0 0.677892
 0 0.690618
 0 0.579238
 0 0.746954
 0 0.761978
 0 0.686074
 0 0.748474
 0 0.680306
 0 0.794958
 0 0.81465
 0 0.779012
 0 0.829534
 0 0.767102
 0 0.892048
 0 0.91112
 0 0.838444
 0 0.79596
 0 0.797032
 0 0.764792
 0 0.864508
 0 0.846566
 0 0.822078
 0 0.85202
 0 0.810198
 0 0.821334
 0 0.76184
 0 0.816864
 0 0.877112
 0 0.802768
 0 0.715544
 0 0.78504
 0 0.882696
 0 0.677042
 0 0.741736
 0 0.979356
 0 0.920952
 0 0.83123
 0 0.763796
 0 0.66162
 0 0.83
 0 0.770224
 0 0.691142
 0 0.795976
 0 0.844812
 0 0.813292
 0 0.862574
 0 0.71673
 0 0.828716
 0 0.751602
 0 0.679892
 0 0.69544
 0 0.927498
 0 0.685288
 0 0.80635
 0 0.749016
 0 0.781578
 0 0.712152
 0 0.741386
 0 0.683598
 0 0.757382
 0 0.831182
 0 0.784282
 0 0.766652
 0 0.719822
 0 0.868084
 0 0.856392
 0 0.844012
 0 0.793252
 0 0.736162
 0 0.66783
 0 0.70707
 0 0.720576
 0 0.753644
 0 0.77047
 0 0.721082
 0 0.839734
 0 0.810236
 0 0.832088
 0 0.75177
 0 0.751864
 0 0.916832
 0 0.69151
 0 0.772628
 0 0.802594
 0 0.762584
 0 0.847212
 0 0.790632
 0 0.707486
 0 0.755634
 0 0.915978
 0 0.789084
 0 0.806282
 0 0.865846
 0 0.740794
 0 0.792978
 0 0.75935
 0 0.812416
 0 0.679696
 0 0.756248
 0 0.770648
 0 0.844796
 0 0.880402
 0 0.771828
 0 0.78594
 0 0.77269
 0 0.738922
 0 0.598552
 0 0.81642
 0 0.779646
 0 0.910332
 0 0.802146
 0 0.724612
 0 0.846382
 0 0.7152
 0 0.853244
 0 0.654748
 0 0.803376
 0 0.675318
 0 0.770336
 0 0.82936
 0 0.84369
 0 0.769342
 0 0.92684
 0 0.693806
 0 0.755308
 0 0.76447
 0 0.685158
 0 0.736932
 0 0.668438
 0 0.86071
 0 0.8215
 0 0.807052
 0 0.759742
 0 0.729774
 0 0.681918
 0 0.786578
 0 0.830076
 0 0.850722
 0 0.772542
 0 0.728336
 0 0.799546
 0 0.781938
 0 0.661788
 0 0.829484
 0 0.775446
 0 0.830474
 0 0.815328
 0 0.69909
 0 0.782736
 0 0.88075
 0 0.856598
 0 0.742254
 0 0.84531
 0 0.617384
 0 0.707608
 0 0.841586
 0 0.813394
 0 0.833732
 0 0.798532
 0 0.973278
 0 0.863744
 0 0.8532
