535 1 0 0 1
 0 0.725714
 0 0.690676
 0 0.68223
 0 0.779696
 0 0.804848
 0 0.64869
 0 0.741334
 0 0.832258
 0 0.751376
 0 0.608804
 0 0.821342
 0 0.758398
 0 0.873846
 0 0.7663
 0 0.75594
 0 0.682358
 0 0.649784
 0 0.66944
 0 0.739208
 0 0.747452
 0 0.73104
 0 0.816764
 0 0.756188
 0 0.8221
 0 0.855378
 0 0.702874
 0 0.851708
 0 0.800706
 0 0.810118
 0 0.770924
 0 0.844584
 0 0.85586
 0 0.714546
 0 0.733916
 0 0.873916
 0 0.80993
 0 0.79805
 0 0.770662
 0 0.811968
 0 0.748386
 0 0.696844
 0 0.73593
 0 0.698674
 0 0.867394
 0 0.71275
 0 0.774582
 0 0.738814
 0 0.67676
 0 0.658336
 0 0.830612
 0 0.732324
 0 0.76891
 0 0.729304
 0 0.734236
 0 0.766172
 0 0.809946
 0 0.770636
 0 0.707588
 0 0.693364
 0 0.718482
 0 0.814406
 0 0.810928
 0 0.776816
 0 0.716666
 0 0.66856
 0 0.701084
 0 0.858948
 0 0.820314
 0 0.785452
 0 0.78102
 0 0.706342
 0 0.90436
 0 0.811888
 0 0.699166
 0 0.77762
 0 0.74067
 0 0.713718
 0 0.709682
 0 0.83286
 0 0.779968
 0 0.74662
 0 0.74479
 0 0.85105
 0 0.74531
 0 0.827278
 0 0.614206
 0 0.74269
 0 0.79128
 0 0.688086
 0 0.795496
 0 0.679996
 0 0.782748
 0 0.685166
 0 0.660994
 0 0.748344
 0 0.77076
 0 0.746346
 0 0.835478
 0 0.872622
 0 0.74468
 0 0.786
 0 0.758926
 0 0.836896
 0 0.813946
 0 0.753696
 0 0.796258
 0 0.727746
 0 0.703514
 0 0.862354
 0 0.821722
 0 0.63782
 0 0.798556
 0 0.81968
 0 0.753128
 0 0.8029
 0 0.830778
 0 0.699918
 0 0.764926
 0 0.758332
 0 0.9047
 0 0.686828
 0 0.70574
 0 0.758948
 0 0.684466
 0 0.636426
 0 0.782526
 0 0.722152
 0 0.702562
 0 0.734928
 0 0.802956
 0 0.834522
 0 0.79016
 0 0.83419
 0 0.857086
 0 0.819008
 0 0.825638
 0 0.6706
 0 0.733152
 0 0.753864
 0 0.682638
 0 0.686324
 0 0.610096
 0 0.747266
 0 0.742774
 0 0.6984
 0 0.793774
 0 0.690234
 0 0.892624
 0 0.613738
 0 0.7428
 0 0.740086
 0 0.615416
 0 0.787702
 0 0.795674
 0 0.749284
 0 0.739768
 0 0.779046
 0 0.718694
 0 0.76768
 0 0.732944
 0 0.707724
 0 0.803938
 0 0.61513
 0 0.733864
 0 0.805174
 0 0.748236
 0 0.71828
 0 0.69667
 0 0.734982
 0 0.75174
 0 0.796926
 0 0.78437
 0 0.776112
 0 0.756546
 0 0.720252
 0 0.659618
 0 0.805486
 0 0.667976
 0 0.836904
 0 0.808698
 0 0.677112
 0 0.745274
 0 0.774464
 0 0.708506
 0 0.801158
 0 0.722678
 0 0.80377
 0 0.672514
 0 0.725796
 0 0.752542
 0 0.7334
 0 0.771668
 0 0.79308
 0 0.674148
 0 0.776142
 0 0.793794
 0 0.726912
 0 0.805202
 0 0.733514
 0 0.7997
 0 0.829494
 0 0.810818
 0 0.700084
 0 0.741502
 0 0.841972
 0 0.65096
 0 0.660594
 0 0.837988
 0 0.751742
 0 0.675298
 0 0.742976
 0 0.701908
 0 0.757372
 0 0.824542
 0 0.831044
 0 0.701034
 0 0.752398
 0 0.693396
 0 0.709048
 0 0.881696
 0 0.692504
 0 0.932114
 0 0.83866
 0 0.803202
 0 0.673298
 0 0.82277
 0 0.761998
 0 0.611366
 0 0.602814
 0 0.755548
 0 0.784976
 0 0.672942
 0 0.744772
 0 0.741828
 0 0.789924
 0 0.759836
 0 0.614666
 0 0.708096
 0 0.705384
 0 0.77735
 0 0.699104
 0 0.711546
 0 0.758554
 0 0.676272
 0 0.718708
 0 0.759804
 0 0.670864
 0 0.820318
 0 0.857432
 0 0.680876
 0 0.808872
 0 0.761284
 0 0.788056
 0 0.73266
 0 0.856782
 0 0.867288
 0 0.754148
 0 0.682836
 0 0.736468
 0 0.776504
 0 0.687386
 0 0.787546
 0 0.708856
 0 0.736846
 0 0.780636
 0 0.743104
 0 0.81645
 0 0.818456
 0 0.862388
 0 0.72787
 0 0.790354
 0 0.819456
 0 0.712106
 0 0.729086
 0 0.794576
 0 0.63919
 0 0.823372
 0 0.712312
 0 0.7411
 0 0.825972
 0 0.852262
 0 0.679246
 0 0.79175
 0 0.731462
 0 0.808854
 0 0.779996
 0 0.683268
 0 0.706172
 0 0.73906
 0 0.722246
 0 0.769502
 0 0.751976
 0 0.704844
 0 0.741594
 0 0.773178
 0 0.762358
 0 0.729812
 0 0.805828
 0 0.715484
 0 0.813308
 0 0.746452
 0 0.681558
 0 0.768278
 0 0.632838
 0 0.684764
 0 0.6553
 0 0.63236
 0 0.821604
 0 0.778314
 0 0.689824
 0 0.767134
 0 0.720956
 0 0.71965
 0 0.760108
 0 0.667076
 0 0.792748
 0 0.722636
 0 0.626348
 0 0.676114
 0 0.675408
 0 0.858864
 0 0.721932
 0 0.762346
 0 0.708328
 0 0.772418
 0 0.802708
 0 0.80886
 0 0.788328
 0 0.718118
 0 0.767284
 0 0.867448
 0 0.824054
 0 0.687744
 0 0.665998
 0 0.715104
 0 0.777964
 0 0.77665
 0 0.71061
 0 0.828374
 0 0.846228
 0 0.827098
 0 0.75425
 0 0.70844
 0 0.808988
 0 0.716236
 0 0.789294
 0 0.935382
 0 0.686818
 0 0.754374
 0 0.686846
 0 0.688688
 0 0.771222
 0 0.737368
 0 0.873238
 0 0.795522
 0 0.633856
 0 0.631734
 0 0.702058
 0 0.681254
 0 0.7409
 0 0.664766
 0 0.808698
 0 0.763972
 0 0.795144
 0 0.638044
 0 0.7762
 0 0.770812
 0 0.788022
 0 0.81112
 0 0.711702
 0 0.783292
 0 0.61801
 0 0.870236
 0 0.692746
 0 0.846796
 0 0.742628
 0 0.7403
 0 0.649098
 0 0.738308
 0 0.73924
 0 0.706726
 0 0.76433
 0 0.757436
 0 0.780534
 0 0.717942
 0 0.748118
 0 0.751996
 0 0.758882
 0 0.707582
 0 0.86445
 0 0.717908
 0 0.787482
 0 0.654878
 0 0.790368
 0 0.68007
 0 0.797644
 0 0.672336
 0 0.685088
 0 0.693244
 0 0.798874
 0 0.74616
 0 0.666844
 0 0.736868
 0 0.861224
 0 0.829604
 0 0.681538
 0 0.78382
 0 0.871468
 0 0.779906
 0 0.83822
 0 0.741178
 0 0.782044
 0 0.797342
 0 0.813994
 0 0.718334
 0 0.758924
 0 0.764334
 0 0.802214
 0 0.819056
 0 0.743038
 0 0.773112
 0 0.68872
 0 0.708848
 0 0.78255
 0 0.674454
 0 0.66034
 0 0.717714
 0 0.756828
 0 0.809546
 0 0.779984
 0 0.73752
 0 0.789404
 0 0.828174
 0 0.81033
 0 0.779928
 0 0.792602
 0 0.731332
 0 0.7696
 0 0.798348
 0 0.839146
 0 0.749192
 0 0.814726
 0 0.765822
 0 0.662832
 0 0.766866
 0 0.824346
 0 0.782696
 0 0.766412
 0 0.751574
 0 0.7902
 0 0.771306
 0 0.68961
 0 0.781186
 0 0.795776
 0 0.838786
 0 0.834338
 0 0.825322
 0 0.845374
 0 0.787864
 0 0.844596
 0 0.711898
 0 0.810762
 0 0.76264
 0 0.710476
 0 0.818948
 0 0.74473
 0 0.739566
 0 0.760914
 0 0.826296
 0 0.821168
 0 0.82997
 0 0.80363
 0 0.692054
 0 0.749138
 0 0.935456
 0 0.784144
 0 0.790014
 0 0.76009
 0 0.714844
 0 0.64932
 0 0.779602
 0 0.85369
 0 0.815626
 0 0.753992
 0 0.71333
 0 0.730762
 0 0.80163
 0 0.800728
 0 0.690558
 0 0.895604
 0 0.782818
 0 0.666042
 0 0.738644
 0 0.692794
 0 0.717512
 0 0.777306
 0 0.74293
 0 0.754042
 0 0.771592
 0 0.663178
 0 0.784428
 0 0.832888
 0 0.865056
 0 0.834738
 0 0.783528
 0 0.743808
 0 0.781148
 0 0.673424
 0 0.690284
 0 0.85592
 0 0.733594
 0 0.778944
 0 0.76545
 0 0.779196
 0 0.890744
 0 0.682962
 0 0.893846
 0 0.775188
 0 0.701028
 0 0.785256
 0 0.757396
 0 0.758254
 0 0.79821
 0 0.798802
 0 0.65775
 0 0.713626
 0 0.686108
 0 0.82435
 0 0.767974
 0 0.81155
 0 0.64013
 0 0.864424
 0 0.780482
 0 0.713684
 0 0.921706
