535 1 0 0 1
 0 0.456662
 0 0.349368
 0 0.450954
 0 0.302533
 0 0.455669
 0 0.546146
 0 0.502771
 0 0.548758
 0 0.432006
 0 0.400728
 0 0.391655
 0 0.444131
 0 0.546741
 0 0.580961
 0 0.295607
 0 0.310892
 0 0.418695
 0 0.428882
 0 0.596309
 0 0.408824
 0 0.37894
 0 0.421657
 0 0.645751
 0 0.486703
 0 0.507448
 0 0.343425
 0 0.388358
 0 0.504094
 0 0.441864
 0 0.359679
 0 0.518698
 0 0.389631
 0 0.447516
 0 0.387272
 0 0.430987
 0 0.320718
 0 0.449136
 0 0.568863
 0 0.40062
 0 0.455616
 0 0.371244
 0 0.274296
 0 0.496042
 0 0.583831
 0 0.439102
 0 0.462313
 0 0.290928
 0 0.483878
 0 0.37236
 0 0.531109
 0 0.514996
 0 0.503463
 0 0.460231
 0 0.42942
 0 0.359733
 0 0.332478
 0 0.323102
 0 0.47286
 0 0.589415
 0 0.496293
 0 0.347957
 0 0.531013
 0 0.300454
 0 0.384608
 0 0.527205
 0 0.431918
 0 0.447069
 0 0.556898
 0 0.418424
 0 0.547091
 0 0.252218
 0 0.423091
 0 0.48111
 0 0.462768
 0 0.460427
 0 0.259857
 0 0.268736
 0 0.447014
 0 0.373384
 0 0.51926
 0 0.383248
 0 0.33839
 0 0.521216
 0 0.459396
 0 0.547221
 0 0.420617
 0 0.41245
 0 0.559069
 0 0.310212
 0 0.4196
 0 0.344879
 0 0.572951
 0 0.395663
 0 0.444368
 0 0.507751
 0 0.482972
 0 0.429404
 0 0.459877
 0 0.548146
 0 0.402617
 0 0.339347
 0 0.477463
 0 0.397764
 0 0.514323
 0 0.331947
 0 0.426066
 0 0.31485
 0 0.477703
 0 0.639383
 0 0.410876
 0 0.237581
 0 0.275837
 0 0.465247
 0 0.320788
 0 0.421448
 0 0.257177
 0 0.40533
 0 0.371503
 0 0.573304
 0 0.601582
 0 0.429138
 0 0.375034
 0 0.431582
 0 0.474463
 0 0.410297
 0 0.626161
 0 0.475732
 0 0.309113
 0 0.671548
 0 0.460836
 0 0.502616
 0 0.547066
 0 0.571078
 0 0.510404
 0 0.424334
 0 0.432753
 0 0.379026
 0 0.394773
 0 0.52627
 0 0.503789
 0 0.493199
 0 0.254836
 0 0.454422
 0 0.362884
 0 0.259467
 0 0.352078
 0 0.365363
 0 0.530441
 0 0.483623
 0 0.34047
 0 0.6042
 0 0.417272
 0 0.242281
 0 0.422245
 0 0.547629
 0 0.536674
 0 0.419377
 0 0.330513
 0 0.590879
 0 0.464273
 0 0.543593
 0 0.549234
 0 0.354593
 0 0.339393
 0 0.454707
 0 0.510418
 0 0.190171
 0 0.42406
 0 0.63363
 0 0.3281
 0 0.451189
 0 0.540314
 0 0.280075
 0 0.422603
 0 0.211269
 0 0.44829
 0 0.61763
 0 0.344497
 0 0.399208
 0 0.514137
 0 0.400576
 0 0.483088
 0 0.357749
 0 0.478046
 0 0.420282
 0 0.415751
 0 0.512179
 0 0.307719
 0 0.397073
 0 0.315993
 0 0.358088
 0 0.460061
 0 0.555699
 0 0.510502
 0 0.453633
 0 0.472788
 0 0.42042
 0 0.43822
 0 0.407613
 0 0.399702
 0 0.495207
 0 0.585835
 0 0.346851
 0 0.369557
 0 0.560352
 0 0.446662
 0 0.477641
 0 0.449467
 0 0.40338
 0 0.504371
 0 0.418221
 0 0.303105
 0 0.479111
 0 0.586501
 0 0.567563
 0 0.506862
 0 0.356035
 0 0.224489
 0 0.381132
 0 0.377803
 0 0.360735
 0 0.462153
 0 0.557234
 0 0.4799
 0 0.298722
 0 0.383539
 0 0.410108
 0 0.449944
 0 0.284686
 0 0.477762
 0 0.449827
 0 0.334756
 0 0.434729
 0 0.588634
 0 0.391277
 0 0.451885
 0 0.395194
 0 0.403684
 0 0.467847
 0 0.668593
 0 0.240557
 0 0.434444
 0 0.452562
 0 0.354142
 0 0.331253
 0 0.500548
 0 0.361843
 0 0.496296
 0 0.298312
 0 0.451169
 0 0.422127
 0 0.234701
 0 0.384877
 0 0.450156
 0 0.556503
 0 0.632961
 0 0.452733
 0 0.503699
 0 0.638777
 0 0.612513
 0 0.563887
 0 0.406055
 0 0.357754
 0 0.53624
 0 0.396656
 0 0.558531
 0 0.45891
 0 0.452216
 0 0.503517
 0 0.31699
 0 0.558827
 0 0.440551
 0 0.434375
 0 0.439041
 0 0.737206
 0 0.468487
 0 0.556489
 0 0.428121
 0 0.329231
 0 0.450712
 0 0.51553
 0 0.285332
 0 0.350681
 0 0.383467
 0 0.427689
 0 0.503395
 0 0.416551
 0 0.278662
 0 0.403948
 0 0.469643
 0 0.558143
 0 0.495085
 0 0.328127
 0 0.346868
 0 0.395381
 0 0.474727
 0 0.508714
 0 0.620261
 0 0.394551
 0 0.470897
 0 0.381828
 0 0.384978
 0 0.430555
 0 0.28651
 0 0.373959
 0 0.362896
 0 0.352717
 0 0.552849
 0 0.444545
 0 0.425513
 0 0.359845
 0 0.346015
 0 0.574612
 0 0.570586
 0 0.361336
 0 0.442385
 0 0.275052
 0 0.469153
 0 0.366531
 0 0.484455
 0 0.467077
 0 0.371799
 0 0.42664
 0 0.466361
 0 0.346309
 0 0.459568
 0 0.425378
 0 0.214421
 0 0.385068
 0 0.461058
 0 0.440243
 0 0.612375
 0 0.319576
 0 0.312114
 0 0.507528
 0 0.473144
 0 0.374931
 0 0.352887
 0 0.50425
 0 0.554422
 0 0.3939
 0 0.406585
 0 0.352122
 0 0.430958
 0 0.472628
 0 0.485225
 0 0.411494
 0 0.336322
 0 0.424021
 0 0.235688
 0 0.391942
 0 0.602292
 0 0.393606
 0 0.372873
 0 0.373136
 0 0.36724
 0 0.273414
 0 0.441573
 0 0.363971
 0 0.374976
 0 0.28194
 0 0.48803
 0 0.411536
 0 0.485407
 0 0.298402
 0 0.504684
 0 0.427747
 0 0.401471
 0 0.414504
 0 0.395723
 0 0.340783
 0 0.360728
 0 0.453318
 0 0.434893
 0 0.45349
 0 0.407602
 0 0.466154
 0 0.256927
 0 0.360565
 0 0.409107
 0 0.283081
 0 0.556693
 0 0.464134
 0 0.444318
 0 0.501735
 0 0.447194
 0 0.383077
 0 0.659107
 0 0.565401
 0 0.31942
 0 0.408299
 0 0.325365
 0 0.458312
 0 0.563677
 0 0.363979
 0 0.622317
 0 0.507892
 0 0.606058
 0 0.458771
 0 0.605931
 0 0.529081
 0 0.421778
 0 0.373373
 0 0.424727
 0 0.483684
 0 0.277609
 0 0.42217
 0 0.4799
 0 0.409699
 0 0.555162
 0 0.359529
 0 0.416021
 0 0.521872
 0 0.568777
 0 0.47322
 0 0.558069
 0 0.617094
 0 0.47124
 0 0.385164
 0 0.411277
 0 0.540233
 0 0.449664
 0 0.438758
 0 0.357663
 0 0.47709
 0 0.384791
 0 0.495063
 0 0.449531
 0 0.405968
 0 0.573409
 0 0.515922
 0 0.454433
 0 0.538968
 0 0.46395
 0 0.448144
 0 0.285993
 0 0.351803
 0 0.547409
 0 0.516806
 0 0.407221
 0 0.462044
 0 0.412546
 0 0.461781
 0 0.354538
 0 0.384713
 0 0.452666
 0 0.336841
 0 0.458932
 0 0.496598
 0 0.537395
 0 0.358969
 0 0.289379
 0 0.249927
 0 0.536261
 0 0.49538
 0 0.451567
 0 0.499237
 0 0.532577
 0 0.346172
 0 0.535331
 0 0.361459
 0 0.587349
 0 0.380379
 0 0.406854
 0 0.472482
 0 0.540373
 0 0.457079
 0 0.418329
 0 0.315732
 0 0.578061
 0 0.471963
 0 0.33306
 0 0.265967
 0 0.499881
 0 0.464704
 0 0.518996
 0 0.405505
 0 0.508956
 0 0.374619
 0 0.336879
 0 0.303791
 0 0.538161
 0 0.564696
 0 0.431025
 0 0.526776
 0 0.387308
 0 0.489604
 0 0.451062
 0 0.294413
 0 0.353553
 0 0.459791
 0 0.445816
 0 0.514271
 0 0.474402
 0 0.455175
 0 0.296357
 0 0.470266
 0 0.368546
 0 0.433304
 0 0.341644
 0 0.278215
 0 0.532274
 0 0.477848
 0 0.468631
 0 0.497759
 0 0.5704
 0 0.524939
 0 0.313438
 0 0.390155
 0 0.580947
 0 0.454787
 0 0.55083
 0 0.416254
 0 0.504599
 0 0.644942
 0 0.536911
 0 0.503863
 0 0.544815
 0 0.456947
 0 0.338579
 0 0.528986
 0 0.383258
 0 0.340052
 0 0.486863
 0 0.345573
 0 0.437136
 0 0.31322
 0 0.564442
 0 0.467644
 0 0.455867
 0 0.29515
 0 0.524771
 0 0.372171
 0 0.577655
 0 0.443201
