535 1 0 0 1
 0 0.952953
 0 0.729054
 0 0.941041
 0 0.631319
 0 0.95088
 0 1.13969
 0 1.04917
 0 1.14514
 0 0.901501
 0 0.836231
 0 0.817297
 0 0.926803
 0 1.14093
 0 1.21234
 0 0.616866
 0 0.648763
 0 0.873724
 0 0.894982
 0 1.24436
 0 0.853125
 0 0.790764
 0 0.879905
 0 1.34754
 0 1.01564
 0 1.05893
 0 0.716652
 0 0.810417
 0 1.05193
 0 0.922072
 0 0.75057
 0 1.08241
 0 0.813074
 0 0.933867
 0 0.808151
 0 0.899374
 0 0.669267
 0 0.937247
 0 1.18709
 0 0.836005
 0 0.95077
 0 0.774704
 0 0.572395
 0 1.03513
 0 1.21833
 0 0.916309
 0 0.964745
 0 0.607102
 0 1.00975
 0 0.777033
 0 1.10831
 0 1.07468
 0 1.05062
 0 0.9604
 0 0.896105
 0 0.750683
 0 0.693808
 0 0.674242
 0 0.986754
 0 1.22998
 0 1.03565
 0 0.726109
 0 1.10811
 0 0.626981
 0 0.802592
 0 1.10016
 0 0.901317
 0 0.932934
 0 1.16212
 0 0.873158
 0 1.14166
 0 0.526323
 0 0.882897
 0 1.00397
 0 0.965694
 0 0.960809
 0 0.542264
 0 0.560793
 0 0.932819
 0 0.77917
 0 1.08358
 0 0.799754
 0 0.706145
 0 1.08766
 0 0.958658
 0 1.14193
 0 0.877735
 0 0.860692
 0 1.16665
 0 0.647344
 0 0.875612
 0 0.719686
 0 1.19562
 0 0.825661
 0 0.927298
 0 1.05956
 0 1.00786
 0 0.896071
 0 0.959662
 0 1.14386
 0 0.840173
 0 0.708142
 0 0.99636
 0 0.830045
 0 1.07328
 0 0.6927
 0 0.889105
 0 0.657022
 0 0.99686
 0 1.33425
 0 0.857407
 0 0.495779
 0 0.575611
 0 0.970868
 0 0.669414
 0 0.879469
 0 0.536671
 0 0.845834
 0 0.775245
 0 1.19636
 0 1.25537
 0 0.895516
 0 0.782613
 0 0.900616
 0 0.990099
 0 0.856199
 0 1.30666
 0 0.992747
 0 0.64505
 0 1.40137
 0 0.961663
 0 1.04885
 0 1.14161
 0 1.19171
 0 1.0651
 0 0.885491
 0 0.90306
 0 0.790943
 0 0.823804
 0 1.09821
 0 1.0513
 0 1.0292
 0 0.531786
 0 0.948278
 0 0.757259
 0 0.54145
 0 0.734709
 0 0.762432
 0 1.10691
 0 1.00921
 0 0.710486
 0 1.26083
 0 0.870754
 0 0.505587
 0 0.881132
 0 1.14278
 0 1.11992
 0 0.875147
 0 0.689707
 0 1.23303
 0 0.968835
 0 1.13436
 0 1.14613
 0 0.739957
 0 0.708238
 0 0.948873
 0 1.06513
 0 0.396845
 0 0.884919
 0 1.32225
 0 0.684672
 0 0.941532
 0 1.12752
 0 0.584455
 0 0.881879
 0 0.440872
 0 0.935482
 0 1.28886
 0 0.718889
 0 0.833059
 0 1.07289
 0 0.835913
 0 1.0081
 0 0.746543
 0 0.997576
 0 0.877036
 0 0.86758
 0 1.0688
 0 0.642141
 0 0.828603
 0 0.659407
 0 0.74725
 0 0.960045
 0 1.15962
 0 1.0653
 0 0.946632
 0 0.986604
 0 0.877323
 0 0.914468
 0 0.850598
 0 0.83409
 0 1.03339
 0 1.22251
 0 0.723801
 0 0.771184
 0 1.16933
 0 0.932085
 0 0.996731
 0 0.937938
 0 0.841765
 0 1.05251
 0 0.872735
 0 0.632513
 0 0.999799
 0 1.2239
 0 1.18438
 0 1.05771
 0 0.742966
 0 0.468459
 0 0.795338
 0 0.788391
 0 0.752774
 0 0.964411
 0 1.16282
 0 1.00145
 0 0.623367
 0 0.800361
 0 0.855805
 0 0.938934
 0 0.594077
 0 0.996984
 0 0.938689
 0 0.698562
 0 0.907183
 0 1.22835
 0 0.816509
 0 0.942984
 0 0.824682
 0 0.842399
 0 0.976293
 0 1.39521
 0 0.501989
 0 0.906588
 0 0.944397
 0 0.739016
 0 0.691252
 0 1.04453
 0 0.755086
 0 1.03566
 0 0.622511
 0 0.94149
 0 0.880886
 0 0.489769
 0 0.803153
 0 0.939376
 0 1.1613
 0 1.32085
 0 0.944754
 0 1.05111
 0 1.33299
 0 1.27818
 0 1.17671
 0 0.847347
 0 0.746553
 0 1.11901
 0 0.827733
 0 1.16553
 0 0.957644
 0 0.943675
 0 1.05073
 0 0.661488
 0 1.16615
 0 0.919332
 0 0.906444
 0 0.916181
 0 1.53839
 0 0.977629
 0 1.16127
 0 0.893394
 0 0.687032
 0 0.940536
 0 1.0758
 0 0.595425
 0 0.731794
 0 0.800211
 0 0.892492
 0 1.05047
 0 0.86925
 0 0.581506
 0 0.84295
 0 0.980041
 0 1.16472
 0 1.03313
 0 0.684728
 0 0.723837
 0 0.825073
 0 0.99065
 0 1.06157
 0 1.29435
 0 0.823341
 0 0.982658
 0 0.796791
 0 0.803364
 0 0.898473
 0 0.597883
 0 0.78037
 0 0.757284
 0 0.736042
 0 1.15367
 0 0.927667
 0 0.887951
 0 0.750917
 0 0.722057
 0 1.19909
 0 1.19069
 0 0.754028
 0 0.92316
 0 0.573973
 0 0.979018
 0 0.764869
 0 1.01095
 0 0.974686
 0 0.775862
 0 0.890303
 0 0.973192
 0 0.72267
 0 0.959017
 0 0.88767
 0 0.447449
 0 0.803552
 0 0.962126
 0 0.91869
 0 1.27789
 0 0.666884
 0 0.651313
 0 1.0591
 0 0.987347
 0 0.782398
 0 0.736397
 0 1.05226
 0 1.15696
 0 0.821982
 0 0.848453
 0 0.734801
 0 0.899314
 0 0.98627
 0 1.01256
 0 0.858697
 0 0.70183
 0 0.884838
 0 0.491829
 0 0.817896
 0 1.25685
 0 0.821369
 0 0.778103
 0 0.778652
 0 0.766349
 0 0.570555
 0 0.921465
 0 0.759527
 0 0.782492
 0 0.588346
 0 1.01841
 0 0.858785
 0 1.01294
 0 0.622699
 0 1.05316
 0 0.892613
 0 0.837781
 0 0.864978
 0 0.825786
 0 0.711139
 0 0.75276
 0 0.945974
 0 0.907525
 0 0.946333
 0 0.850575
 0 0.97276
 0 0.53615
 0 0.752419
 0 0.853716
 0 0.590727
 0 1.1617
 0 0.968545
 0 0.927193
 0 1.04701
 0 0.933195
 0 0.799397
 0 1.37541
 0 1.17987
 0 0.666559
 0 0.85203
 0 0.678965
 0 0.956396
 0 1.17627
 0 0.759544
 0 1.29864
 0 1.05986
 0 1.26471
 0 0.957354
 0 1.26444
 0 1.10407
 0 0.880157
 0 0.779147
 0 0.886311
 0 1.00934
 0 0.579309
 0 0.880975
 0 1.00145
 0 0.854951
 0 1.1585
 0 0.750257
 0 0.868144
 0 1.08903
 0 1.18691
 0 0.987505
 0 1.16457
 0 1.28774
 0 0.983374
 0 0.803752
 0 0.858244
 0 1.12735
 0 0.938349
 0 0.915591
 0 0.746364
 0 0.995581
 0 0.802974
 0 1.03309
 0 0.938072
 0 0.847165
 0 1.19658
 0 1.07662
 0 0.948301
 0 1.12471
 0 0.968161
 0 0.935177
 0 0.596804
 0 0.734135
 0 1.14232
 0 1.07846
 0 0.84978
 0 0.964184
 0 0.860892
 0 0.963635
 0 0.739842
 0 0.802811
 0 0.944614
 0 0.702913
 0 0.95769
 0 1.03629
 0 1.12142
 0 0.749089
 0 0.60387
 0 0.521542
 0 1.11906
 0 1.03375
 0 0.94232
 0 1.0418
 0 1.11137
 0 0.722384
 0 1.11712
 0 0.754285
 0 1.22567
 0 0.793767
 0 0.849014
 0 0.985965
 0 1.12764
 0 0.953823
 0 0.87296
 0 0.658863
 0 1.20629
 0 0.984882
 0 0.695023
 0 0.555014
 0 1.04314
 0 0.969734
 0 1.08303
 0 0.846199
 0 1.06208
 0 0.781747
 0 0.702992
 0 0.633945
 0 1.12302
 0 1.1784
 0 0.899454
 0 1.09926
 0 0.808226
 0 1.0217
 0 0.941267
 0 0.614375
 0 0.737787
 0 0.959482
 0 0.930319
 0 1.07317
 0 0.989972
 0 0.949849
 0 0.618431
 0 0.981341
 0 0.769074
 0 0.90421
 0 0.712935
 0 0.580573
 0 1.11074
 0 0.997163
 0 0.977929
 0 1.03871
 0 1.1903
 0 1.09543
 0 0.654076
 0 0.814167
 0 1.21231
 0 0.94904
 0 1.14946
 0 0.86863
 0 1.05299
 0 1.34585
 0 1.12041
 0 1.05145
 0 1.13691
 0 0.953547
 0 0.706539
 0 1.10388
 0 0.799775
 0 0.709613
 0 1.01598
 0 0.721134
 0 0.912206
 0 0.653621
 0 1.17787
 0 0.97587
 0 0.951294
 0 0.615913
 0 1.09508
 0 0.776639
 0 1.20544
 0 0.924862
