535 1 0 0 1
 0 -0.776396
 0 -0.93539
 0 -0.802452
 0 -0.912342
 0 -0.820014
 0 -0.562658
 0 -0.76163
 0 -0.732728
 0 -0.9155
 0 -1.12889
 0 -0.485826
 0 -0.80669
 0 -0.800698
 0 -0.90169
 0 -0.991004
 0 -0.85387
 0 -0.796274
 0 -0.743184
 0 -0.848112
 0 -0.88856
 0 -1.03856
 0 -0.555552
 0 -0.765848
 0 -0.484154
 0 -0.979714
 0 -0.829932
 0 -0.977212
 0 -0.80235
 0 -0.710922
 0 -1.09653
 0 -0.780448
 0 -0.893132
 0 -0.368662
 0 -0.676232
 0 -0.682588
 0 -0.795662
 0 -1.22782
 0 -0.956716
 0 -0.917212
 0 -0.965838
 0 -0.886876
 0 -0.703148
 0 -0.375398
 0 -0.714446
 0 -0.548804
 0 -0.8932
 0 -0.789838
 0 -0.997156
 0 -0.669608
 0 -0.682324
 0 -0.6969
 0 -0.657758
 0 -0.953228
 0 -0.707698
 0 -0.621134
 0 -0.654696
 0 -0.57061
 0 -0.71372
 0 -0.840282
 0 -0.48461
 0 -0.4913
 0 -0.981682
 0 -0.708744
 0 -0.9593
 0 -0.951378
 0 -0.900834
 0 -0.727694
 0 -0.522554
 0 -0.96618
 0 -1.053
 0 -0.659456
 0 -0.975234
 0 -1.01412
 0 -1.12402
 0 -0.920192
 0 -0.771192
 0 -1.05458
 0 -0.85404
 0 -0.9125
 0 -0.81163
 0 -0.398246
 0 -0.711708
 0 -0.641
 0 -1.02691
 0 -0.675544
 0 -0.81294
 0 -0.60029
 0 -1.12606
 0 -0.690228
 0 -0.506274
 0 -0.570412
 0 -0.822922
 0 -0.601802
 0 -0.752548
 0 -0.759416
 0 -0.840472
 0 -0.716154
 0 -0.828994
 0 -0.825408
 0 -0.93725
 0 -0.526426
 0 -0.761468
 0 -0.7906
 0 -0.9364
 0 -0.596966
 0 -0.581784
 0 -0.984574
 0 -0.791778
 0 -1.03203
 0 -0.887944
 0 -0.613526
 0 -0.714406
 0 -0.700364
 0 -0.59534
 0 -1.0501
 0 -0.958048
 0 -0.487956
 0 -0.437768
 0 -0.600472
 0 -0.82256
 0 -0.74304
 0 -0.920456
 0 -0.583442
 0 -0.898424
 0 -0.426896
 0 -0.96444
 0 -0.674344
 0 -0.908618
 0 -0.831308
 0 -0.706716
 0 -0.582924
 0 -0.803328
 0 -0.78041
 0 -1.21227
 0 -1.2276
 0 -0.746668
 0 -0.43972
 0 -0.613974
 0 -0.824448
 0 -0.765254
 0 -0.980576
 0 -0.591552
 0 -0.73508
 0 -0.667432
 0 -1.04864
 0 -0.749432
 0 -0.749342
 0 -0.941674
 0 -0.940126
 0 -0.771402
 0 -0.96556
 0 -0.55636
 0 -0.902924
 0 -0.864092
 0 -0.933036
 0 -0.525334
 0 -0.97604
 0 -0.95813
 0 -0.95726
 0 -1.00699
 0 -0.716458
 0 -0.694934
 0 -0.818186
 0 -0.790696
 0 -0.830458
 0 -0.737172
 0 -0.679562
 0 -0.680748
 0 -0.882396
 0 -0.892954
 0 -0.677404
 0 -0.641044
 0 -1.0877
 0 -1.09952
 0 -0.560842
 0 -0.8999
 0 -0.692738
 0 -0.58055
 0 -0.864012
 0 -0.823702
 0 -0.978956
 0 -0.768006
 0 -0.774846
 0 -0.811444
 0 -0.75799
 0 -0.60051
 0 -0.870912
 0 -0.780846
 0 -0.722214
 0 -0.667678
 0 -0.675978
 0 -0.729698
 0 -0.585132
 0 -1.12705
 0 -0.829084
 0 -0.74618
 0 -0.736826
 0 -0.598558
 0 -0.750954
 0 -0.906324
 0 -1.09044
 0 -1.15017
 0 -0.764226
 0 -0.788364
 0 -0.769162
 0 -0.966974
 0 -0.6368
 0 -0.796758
 0 -0.453952
 0 -0.738392
 0 -0.89431
 0 -0.35875
 0 -0.80371
 0 -1.18375
 0 -0.994262
 0 -0.862842
 0 -0.972756
 0 -0.762294
 0 -0.609892
 0 -0.746094
 0 -0.967004
 0 -0.83487
 0 -0.74141
 0 -1.05635
 0 -0.777204
 0 -1.23106
 0 -0.550094
 0 -0.805504
 0 -0.582006
 0 -0.597162
 0 -0.809114
 0 -0.938162
 0 -0.835744
 0 -0.895372
 0 -0.88189
 0 -0.763824
 0 -0.966568
 0 -0.862486
 0 -0.67196
 0 -0.983692
 0 -0.595172
 0 -0.481174
 0 -0.639516
 0 -0.779144
 0 -0.672898
 0 -0.853294
 0 -0.81775
 0 -0.890898
 0 -0.705978
 0 -0.724004
 0 -0.771926
 0 -0.935618
 0 -0.580586
 0 -0.951816
 0 -0.80715
 0 -0.744592
 0 -0.963886
 0 -0.574442
 0 -1.01594
 0 -0.764642
 0 -0.768912
 0 -0.961184
 0 -0.659984
 0 -0.742876
 0 -0.69957
 0 -0.65588
 0 -0.85866
 0 -0.802226
 0 -0.954224
 0 -0.894938
 0 -0.802544
 0 -0.860282
 0 -0.83044
 0 -0.75408
 0 -0.75169
 0 -0.785782
 0 -0.70346
 0 -0.846408
 0 -0.597952
 0 -0.60885
 0 -1.03091
 0 -0.709626
 0 -0.777024
 0 -0.895934
 0 -0.97162
 0 -0.83422
 0 -0.911976
 0 -0.730702
 0 -0.71605
 0 -0.715916
 0 -0.740096
 0 -0.599176
 0 -1.03208
 0 -0.80217
 0 -0.638866
 0 -0.72301
 0 -0.55716
 0 -0.751914
 0 -0.68734
 0 -0.780862
 0 -0.965992
 0 -0.584196
 0 -0.654398
 0 -0.558322
 0 -0.883886
 0 -0.845858
 0 -0.825194
 0 -0.829582
 0 -0.950908
 0 -0.850798
 0 -0.598688
 0 -0.711226
 0 -0.612468
 0 -0.886472
 0 -0.5763
 0 -0.798386
 0 -0.553252
 0 -0.821206
 0 -0.739518
 0 -0.767208
 0 -0.86642
 0 -0.767214
 0 -0.891988
 0 -0.727006
 0 -0.777042
 0 -0.831258
 0 -0.736548
 0 -0.842124
 0 -0.766142
 0 -0.793668
 0 -0.77447
 0 -1.01309
 0 -0.973116
 0 -0.86957
 0 -0.596868
 0 -0.657214
 0 -0.764912
 0 -0.8328
 0 -0.935122
 0 -0.627428
 0 -0.65116
 0 -0.846536
 0 -0.61817
 0 -1.02281
 0 -0.921406
 0 -1.01645
 0 -0.735406
 0 -0.977618
 0 -0.771022
 0 -0.807352
 0 -1.06259
 0 -1.15604
 0 -0.895742
 0 -0.58402
 0 -0.800366
 0 -0.658356
 0 -0.662812
 0 -0.826842
 0 -0.889158
 0 -0.630368
 0 -0.86451
 0 -0.75153
 0 -0.721216
 0 -1.03728
 0 -0.735414
 0 -0.482192
 0 -1.05642
 0 -0.67571
 0 -1.01084
 0 -1.1357
 0 -0.91965
 0 -0.579074
 0 -0.63401
 0 -0.747088
 0 -1.14426
 0 -0.427786
 0 -0.44207
 0 -0.664384
 0 -0.859238
 0 -0.804158
 0 -1.01686
 0 -0.606622
 0 -0.623396
 0 -0.716712
 0 -0.7326
 0 -0.654856
 0 -0.480456
 0 -1.07066
 0 -0.70462
 0 -0.587056
 0 -0.67392
 0 -0.80088
 0 -0.58854
 0 -0.65411
 0 -0.44801
 0 -0.800352
 0 -0.92498
 0 -1.10331
 0 -0.664544
 0 -1.00514
 0 -0.651116
 0 -0.961776
 0 -1.08294
 0 -0.927438
 0 -0.742762
 0 -0.752078
 0 -0.761082
 0 -1.10603
 0 -0.678538
 0 -0.849578
 0 -0.638522
 0 -0.472712
 0 -0.703858
 0 -0.933588
 0 -0.853552
 0 -0.837186
 0 -0.811374
 0 -0.802908
 0 -0.451578
 0 -0.744294
 0 -0.771692
 0 -0.538078
 0 -0.663382
 0 -0.825448
 0 -0.587026
 0 -0.700704
 0 -0.668604
 0 -0.704568
 0 -0.850998
 0 -0.866234
 0 -1.00591
 0 -0.784714
 0 -0.566474
 0 -1.01135
 0 -0.735632
 0 -0.692422
 0 -0.885146
 0 -0.85129
 0 -0.827426
 0 -0.957272
 0 -0.850882
 0 -0.644496
 0 -0.777158
 0 -0.746256
 0 -0.787892
 0 -0.887236
 0 -1.06947
 0 -0.816692
 0 -0.857198
 0 -0.577664
 0 -0.749922
 0 -0.986062
 0 -0.809718
 0 -0.698036
 0 -1.02361
 0 -0.81164
 0 -0.768858
 0 -1.02704
 0 -0.807098
 0 -0.852588
 0 -0.964492
 0 -1.17738
 0 -0.341552
 0 -0.71888
 0 -1.02487
 0 -0.77433
 0 -0.769038
 0 -0.611706
 0 -0.802146
 0 -0.950168
 0 -0.682258
 0 -0.692614
 0 -0.907918
 0 -0.631648
 0 -0.89446
 0 -0.625818
 0 -0.789696
 0 -0.974502
 0 -0.959022
 0 -0.692016
 0 -0.75937
 0 -0.61525
 0 -0.940722
 0 -0.922142
 0 -0.843078
 0 -0.812154
 0 -0.974792
 0 -0.817278
 0 -0.823378
 0 -0.9893
 0 -0.524862
 0 -0.967196
 0 -0.575908
 0 -0.627168
 0 -0.862386
 0 -0.968612
 0 -0.779636
 0 -0.83313
 0 -0.817582
 0 -0.812608
 0 -0.710402
 0 -0.865968
 0 -0.92351
 0 -0.755428
 0 -0.55678
 0 -0.60639
 0 -0.900448
 0 -0.88054
 0 -0.680568
 0 -0.843738
 0 -0.687634
 0 -1.00641
 0 -0.39155
 0 -0.65305
 0 -0.671208
 0 -0.75702
 0 -0.823738
 0 -0.872592
 0 -0.966784
 0 -1.0146
 0 -0.972916
 0 -1.03062
 0 -0.87988
 0 -0.761926
 0 -0.875188
 0 -1.04339
 0 -0.777568
 0 -0.716142
 0 -0.787138
 0 -0.782968
 0 -0.738356
 0 -0.773398
 0 -0.823898
 0 -0.694736
 0 -0.903234
