535 1 0 0 1
 0 0.499908
 0 0.464764
 0 0.623412
 0 0.662531
 0 0.557792
 0 0.534195
 0 0.494735
 0 0.597724
 0 0.421833
 0 0.33536
 0 0.448187
 0 0.451367
 0 0.265382
 0 0.574248
 0 0.37323
 0 0.479175
 0 0.364507
 0 0.392685
 0 0.713339
 0 0.600507
 0 0.547834
 0 0.443977
 0 0.583365
 0 0.432502
 0 0.59554
 0 0.442389
 0 0.273691
 0 0.518788
 0 0.298656
 0 0.499933
 0 0.703104
 0 0.549371
 0 0.644875
 0 0.390755
 0 0.394773
 0 0.411478
 0 0.530188
 0 0.51857
 0 0.514102
 0 0.511574
 0 0.360605
 0 0.271803
 0 0.463372
 0 0.566307
 0 0.311133
 0 0.366057
 0 0.203389
 0 0.357799
 0 0.304817
 0 0.552217
 0 0.592625
 0 0.285211
 0 0.499642
 0 0.457507
 0 0.472545
 0 0.271698
 0 0.556059
 0 0.465709
 0 0.432039
 0 0.533513
 0 0.527306
 0 0.437868
 0 0.553475
 0 0.704641
 0 0.451037
 0 0.386224
 0 0.364081
 0 0.528061
 0 0.666414
 0 0.396528
 0 0.288775
 0 0.443093
 0 0.349823
 0 0.577134
 0 0.595754
 0 0.475592
 0 0.427938
 0 0.475854
 0 0.561187
 0 0.332704
 0 0.436086
 0 0.459901
 0 0.344017
 0 0.55147
 0 0.485487
 0 0.437588
 0 0.40634
 0 0.477275
 0 0.684106
 0 0.388816
 0 0.47771
 0 0.388471
 0 0.196151
 0 0.327508
 0 0.628511
 0 0.258623
 0 0.485272
 0 0.495607
 0 0.565922
 0 0.386028
 0 0.319867
 0 0.461289
 0 0.664753
 0 0.619175
 0 0.375935
 0 0.361543
 0 0.474554
 0 0.547839
 0 0.432111
 0 0.488751
 0 0.309848
 0 0.491656
 0 0.354322
 0 0.379765
 0 0.378458
 0 0.412792
 0 0.458867
 0 0.520393
 0 0.575075
 0 0.366378
 0 0.34928
 0 0.41149
 0 0.544019
 0 0.32626
 0 0.273368
 0 0.617339
 0 0.400669
 0 0.561439
 0 0.531309
 0 0.474112
 0 0.310263
 0 0.667371
 0 0.585328
 0 0.18904
 0 0.474153
 0 0.525301
 0 0.29278
 0 0.452389
 0 0.445558
 0 0.428106
 0 0.319344
 0 0.265539
 0 0.572761
 0 0.425345
 0 0.227929
 0 0.403377
 0 0.308574
 0 0.577197
 0 0.610217
 0 0.446438
 0 0.565928
 0 0.311018
 0 0.289092
 0 0.409036
 0 0.573785
 0 0.508034
 0 0.623962
 0 0.326643
 0 0.386272
 0 0.524926
 0 0.475714
 0 0.354377
 0 0.424897
 0 0.423803
 0 0.631293
 0 0.502276
 0 0.296158
 0 0.575648
 0 0.379597
 0 0.448915
 0 0.205636
 0 0.301674
 0 0.579724
 0 0.643336
 0 0.285737
 0 0.565373
 0 0.271786
 0 0.396254
 0 0.55086
 0 0.358778
 0 0.553377
 0 0.484511
 0 0.442039
 0 0.781323
 0 0.340859
 0 0.429195
 0 0.523509
 0 0.41053
 0 0.443054
 0 0.444241
 0 0.285517
 0 0.346133
 0 0.482223
 0 0.202993
 0 0.531334
 0 0.666189
 0 0.522158
 0 0.557769
 0 0.464955
 0 0.479734
 0 0.502424
 0 0.67432
 0 0.381106
 0 0.600657
 0 0.742377
 0 0.206768
 0 0.454187
 0 0.575979
 0 0.31018
 0 0.448732
 0 0.50818
 0 0.561675
 0 0.439266
 0 0.561089
 0 0.52082
 0 0.51799
 0 0.513894
 0 0.316156
 0 0.584307
 0 0.244918
 0 0.453234
 0 0.538666
 0 0.575202
 0 0.532142
 0 0.514823
 0 0.462354
 0 0.631906
 0 0.229964
 0 0.352101
 0 0.323622
 0 0.362296
 0 0.423057
 0 0.351033
 0 0.538022
 0 0.559127
 0 0.385958
 0 0.28636
 0 0.597097
 0 0.231045
 0 0.516221
 0 0.261289
 0 0.357983
 0 0.391921
 0 0.356242
 0 0.632551
 0 0.232344
 0 0.336854
 0 0.644304
 0 0.294202
 0 0.632676
 0 0.545402
 0 0.469168
 0 0.420374
 0 0.462137
 0 0.486019
 0 0.59248
 0 0.456922
 0 0.297477
 0 0.454367
 0 0.479034
 0 0.322741
 0 0.645929
 0 0.569969
 0 0.530049
 0 0.48156
 0 0.382738
 0 0.388752
 0 0.547585
 0 0.557667
 0 0.48132
 0 0.690741
 0 0.406244
 0 0.50605
 0 0.614265
 0 0.517292
 0 0.339209
 0 0.549776
 0 0.370987
 0 0.546618
 0 0.386354
 0 0.508547
 0 0.456521
 0 0.63767
 0 0.457795
 0 0.553929
 0 0.417934
 0 0.362189
 0 0.427779
 0 0.45653
 0 0.54461
 0 0.465447
 0 0.241864
 0 0.449997
 0 0.616176
 0 0.429276
 0 0.617505
 0 0.345427
 0 0.461416
 0 0.413832
 0 0.518383
 0 0.422892
 0 0.612706
 0 0.451905
 0 0.253072
 0 0.563281
 0 0.535528
 0 0.475513
 0 0.603031
 0 0.332089
 0 0.295207
 0 0.547331
 0 0.4162
 0 0.316662
 0 0.342078
 0 0.390959
 0 0.501453
 0 0.532498
 0 0.290549
 0 0.423861
 0 0.386086
 0 0.652454
 0 0.511901
 0 0.314033
 0 0.390478
 0 0.465648
 0 0.528991
 0 0.355329
 0 0.292035
 0 0.212781
 0 0.323492
 0 0.582086
 0 0.548354
 0 0.338066
 0 0.337315
 0 0.411218
 0 0.457609
 0 0.558488
 0 0.285463
 0 0.49761
 0 0.525932
 0 0.511382
 0 0.605966
 0 0.487696
 0 0.490726
 0 0.577833
 0 0.413088
 0 0.45256
 0 0.466715
 0 0.256474
 0 0.454382
 0 0.187388
 0 0.418357
 0 0.551235
 0 0.526179
 0 0.506878
 0 0.229843
 0 0.338162
 0 0.332321
 0 0.318344
 0 0.655085
 0 0.466669
 0 0.504277
 0 0.426194
 0 0.591122
 0 0.286399
 0 0.355955
 0 0.563632
 0 0.42437
 0 0.383541
 0 0.464268
 0 0.534913
 0 0.394798
 0 0.41882
 0 0.441263
 0 0.58872
 0 0.393951
 0 0.473113
 0 0.314203
 0 0.360029
 0 0.362825
 0 0.349308
 0 0.65406
 0 0.273347
 0 0.485784
 0 0.422835
 0 0.314376
 0 0.469262
 0 0.441841
 0 0.643343
 0 0.717658
 0 0.298614
 0 0.505453
 0 0.329847
 0 0.478622
 0 0.344503
 0 0.438472
 0 0.573798
 0 0.488945
 0 0.392862
 0 0.527242
 0 0.532545
 0 0.524227
 0 0.262748
 0 0.314743
 0 0.297704
 0 0.477555
 0 0.436438
 0 0.436296
 0 0.341589
 0 0.403055
 0 0.16743
 0 0.353908
 0 0.583521
 0 0.712152
 0 0.426704
 0 0.457366
 0 0.49382
 0 0.418153
 0 0.33847
 0 0.343493
 0 0.506099
 0 0.508495
 0 0.60316
 0 0.524447
 0 0.546712
 0 0.338506
 0 0.471128
 0 0.616426
 0 0.26736
 0 0.667758
 0 0.277929
 0 0.275495
 0 0.531948
 0 0.476834
 0 0.371481
 0 0.597245
 0 0.481896
 0 0.575499
 0 0.353492
 0 0.413412
 0 0.504735
 0 0.550376
 0 0.498043
 0 0.244538
 0 0.381528
 0 0.548141
 0 0.540317
 0 0.597431
 0 0.586638
 0 0.441064
 0 0.416905
 0 0.5866
 0 0.450896
 0 0.285481
 0 0.731977
 0 0.576585
 0 0.512017
 0 0.491656
 0 0.572487
 0 0.627076
 0 0.375652
 0 0.52641
 0 0.476118
 0 0.321294
 0 0.312911
 0 0.616398
 0 0.482115
 0 0.553229
 0 0.499076
 0 0.509514
 0 0.543764
 0 0.462297
 0 0.216971
 0 0.717039
 0 0.560558
 0 0.414853
 0 0.568207
 0 0.397011
 0 0.564605
 0 0.542881
 0 0.463723
 0 0.480987
 0 0.639173
 0 0.536091
 0 0.407787
 0 0.460535
 0 0.371614
 0 0.386678
 0 0.487384
 0 0.527643
 0 0.637694
 0 0.45551
 0 0.431064
 0 0.278103
 0 0.421118
 0 0.447959
 0 0.450651
 0 0.338243
 0 0.586523
 0 0.206647
 0 0.363664
 0 0.534719
 0 0.346054
 0 0.477274
 0 0.756374
 0 0.345653
 0 0.606667
 0 0.429302
 0 0.54688
 0 0.609197
 0 0.475382
 0 0.452256
 0 0.496963
 0 0.328747
 0 0.353724
 0 0.46824
 0 0.62231
 0 0.538695
 0 0.0925973
 0 0.474456
 0 0.211275
 0 0.522198
 0 0.32658
 0 0.355032
 0 0.264776
 0 0.392253
 0 0.301056
 0 0.70734
 0 0.295452
 0 0.319022
 0 0.393193
 0 0.474066
 0 0.618179
 0 0.343547
 0 0.433493
