535 1 0 0 1
 0 0.617453
 0 0.366191
 0 0.55589
 0 0.769581
 0 0.668842
 0 0.378074
 0 0.17776
 0 0.160748
 0 0.762747
 0 0.538102
 0 0.374511
 0 0.532093
 0 0.193079
 0 0.585364
 0 0.580737
 0 0.318968
 0 0.397029
 0 0.666209
 0 0.237098
 0 0.439295
 0 0.567966
 0 0.575979
 0 0.228178
 0 0.271077
 0 0.532998
 0 0.380551
 0 0.271498
 0 0.629899
 0 0.261289
 0 0.319119
 0 0.759991
 0 0.415972
 0 0.72647
 0 0.277247
 0 0.425555
 0 0.463384
 0 0.774745
 0 0.037611
 0 0.468975
 0 0.942432
 0 0.522182
 0 0.512873
 0 0.354207
 0 0.293704
 0 0.298551
 0 0.839026
 0 0.52851
 0 0.359273
 0 0.821797
 0 0.656477
 0 0.466174
 0 0.195114
 0 0.790613
 0 0.780442
 0 0.329309
 0 0.234648
 0 0.781033
 0 0.856682
 0 0.295468
 0 0.712454
 0 0.400287
 0 0.647225
 0 0.463894
 0 0.759525
 0 0.334893
 0 0.498963
 0 0.390235
 0 0.418943
 0 0.524496
 0 0.341504
 0 0.747836
 0 0.383911
 0 0.349895
 0 0.186173
 0 0.665911
 0 0.680213
 0 0.275553
 0 0.446273
 0 0.445007
 0 0.653138
 0 0.772771
 0 0.413496
 0 0.739391
 0 0.526652
 0 0.329035
 0 0.427473
 0 0.899999
 0 0.474943
 0 0.507572
 0 0.32512
 0 0.0210883
 0 0.241685
 0 0.820522
 0 0.088942
 0 0.209793
 0 0.184649
 0 0.251179
 0 0.275871
 0 0.473112
 0 0.15117
 0 0.343119
 0 0.241798
 0 0.358086
 0 0.563979
 0 0.0714005
 0 0.401377
 0 0.0235151
 0 0.638209
 0 0.072723
 0 0.345268
 0 0.360277
 0 0.353307
 0 0.340571
 0 0.378713
 0 0.189621
 0 0.426311
 0 0.234449
 0 0.190883
 0 0.306507
 0 0.330335
 0 0.540501
 0 0.340896
 0 0.141469
 0 0.627127
 0 0.572526
 0 0.382996
 0 0.752614
 0 0.869467
 0 0.301446
 0 0.410534
 0 0.510246
 0 0.782511
 0 0.743376
 0 0.28444
 0 0.680672
 0 0.629552
 0 0.43218
 0 0.571067
 0 0.566939
 0 0.629816
 0 0.321926
 0 0.416758
 0 0.391772
 0 0.600162
 0 0.433466
 0 0.372268
 0 0.525555
 0 0.562643
 0 0.368118
 0 0.195869
 0 0.619993
 0 0.143298
 0 0.376441
 0 0.283553
 0 0.877406
 0 0.393916
 0 0.513137
 0 0.518036
 0 0.621596
 0 0.362399
 0 0.372013
 0 0.286566
 0 0.357899
 0 0.488015
 0 0.18129
 0 0.413999
 0 0.52892
 0 0.427248
 0 0.496844
 0 0.136763
 0 0.381756
 0 0.279581
 0 0.67633
 0 0.452561
 0 0.642022
 0 0.499018
 0 0.208297
 0 0.570669
 0 0.573481
 0 0.513348
 0 0.511268
 0 0.262067
 0 0.323804
 0 0.46761
 0 0.511488
 0 0.0282236
 0 0.389833
 0 0.503617
 0 0.602811
 0 0.610175
 0 0.838191
 0 0.828335
 0 0.784354
 0 0.1993
 0 0.0154722
 0 0.607728
 0 0.379145
 0 0.545442
 0 0.267133
 0 0.349713
 0 0.192572
 0 0.428713
 0 0.0444142
 0 0.528469
 0 0.277738
 0 0.550428
 0 0.462166
 0 0.676272
 0 0.479735
 0 0.626064
 0 0.307675
 0 0.164327
 0 0.575216
 0 0.824186
 0 0.508076
 0 0.639347
 0 0.450515
 0 0.192809
 0 0.697924
 0 0.175601
 0 0.353585
 0 0.399598
 0 0.235432
 0 0.685881
 0 0.564773
 0 0.516401
 0 0.555832
 0 0.683994
 0 0.212141
 0 0.111509
 0 0.624329
 0 0.603503
 0 0.45662
 0 0.579304
 0 0.631046
 0 0.281188
 0 0.546579
 0 0.366846
 0 0.435287
 0 0.403387
 0 0.187823
 0 0.629122
 0 0.350816
 0 0.585547
 0 0.469428
 0 0.529765
 0 0.654565
 0 0.688671
 0 0.630242
 0 0.611645
 0 0.790673
 0 0.464764
 0 0.370889
 0 0.363073
 0 0.253998
 0 0.184453
 0 0.306561
 0 0.780103
 0 0.354188
 0 0.774797
 0 0.22078
 0 0.223609
 0 0.570116
 0 0.651567
 0 0.587354
 0 0.541966
 0 0.294933
 0 0.617401
 0 0.403348
 0 0.3796
 0 0.529521
 0 0.408156
 0 0.929465
 0 0.312136
 0 0.416977
 0 0.201054
 0 0.526892
 0 0.681848
 0 0.489848
 0 0.621607
 0 0.31321
 0 0.396349
 0 0.35105
 0 0.0448525
 0 0.216062
 0 0.35363
 0 0.54708
 0 0.698912
 0 0.654027
 0 0.508674
 0 0.690594
 0 0.306111
 0 0.421574
 0 0.635976
 0 0.480474
 0 0.524029
 0 0.42907
 0 0.331301
 0 0.761962
 0 0.512459
 0 0.447235
 0 0.721139
 0 0.336626
 0 0.175
 0 0.905531
 0 0.346133
 0 0.672177
 0 0.859168
 0 0.512655
 0 0.513666
 0 0.608909
 0 0.378902
 0 0.32422
 0 0.513842
 0 0.379394
 0 0.416051
 0 0.375244
 0 0.296843
 0 0.640458
 0 0.852965
 0 0.499866
 0 0.714316
 0 0.318423
 0 0.857763
 0 0.363112
 0 0.496609
 0 0.618024
 0 0.676117
 0 0.273666
 0 0.384332
 0 0.62535
 0 0.408247
 0 1.01503
 0 0.235102
 0 0.114419
 0 0.563061
 0 0.727146
 0 0.52674
 0 1.02585
 0 0.329577
 0 0.444725
 0 0.271529
 0 0.427395
 0 0.252713
 0 0.493055
 0 0.342277
 0 0.42882
 0 0.74191
 0 0.813508
 0 0.927826
 0 0.589615
 0 0.360782
 0 0.307467
 0 0.656122
 0 0.506448
 0 -0.0442041
 0 0.6187
 0 0.699451
 0 0.358642
 0 0.734285
 0 0.689332
 0 0.659655
 0 0.862509
 0 0.520709
 0 0.272135
 0 0.57171
 0 0.26458
 0 0.304745
 0 0.479874
 0 0.322765
 0 0.0294334
 0 0.481024
 0 0.703915
 0 0.334722
 0 0.526181
 0 0.758603
 0 0.55771
 0 0.20716
 0 0.222179
 0 0.121642
 0 0.480243
 0 0.453156
 0 0.488382
 0 0.283381
 0 0.645834
 0 0.221873
 0 0.621842
 0 0.710498
 0 0.768375
 0 0.630598
 0 0.934727
 0 0.666144
 0 0.416059
 0 0.46517
 0 0.196455
 0 0.487216
 0 0.594904
 0 0.590746
 0 0.412696
 0 0.659721
 0 0.164702
 0 0.616534
 0 0.22959
 0 0.301005
 0 0.80121
 0 0.818323
 0 0.821011
 0 0.483352
 0 0.27058
 0 0.346523
 0 0.281576
 0 0.331419
 0 0.797552
 0 0.587816
 0 0.006902
 0 0.411464
 0 0.237607
 0 0.575868
 0 0.634796
 0 0.183713
 0 0.596437
 0 0.500613
 0 0.323636
 0 0.232613
 0 0.827358
 0 0.218528
 0 0.83148
 0 0.460201
 0 0.503818
 0 0.396657
 0 0.790207
 0 0.540539
 0 0.462453
 0 0.373704
 0 0.324411
 0 0.33266
 0 0.166965
 0 0.636161
 0 0.353068
 0 0.228073
 0 0.495075
 0 0.49184
 0 0.341552
 0 0.392838
 0 0.158777
 0 0.513874
 0 0.354568
 0 0.304758
 0 0.760612
 0 0.374824
 0 0.529745
 0 0.519213
 0 0.21038
 0 0.576687
 0 0.556051
 0 0.636018
 0 0.644404
 0 0.192253
 0 0.771076
 0 0.464993
 0 0.714373
 0 0.207881
 0 0.856498
 0 0.473215
 0 0.644955
 0 0.552324
 0 0.469386
 0 0.423453
 0 0.509436
 0 0.546906
 0 0.680445
 0 -0.0171673
 0 0.799689
 0 0.686147
 0 0.254698
 0 0.841361
 0 0.532966
 0 0.0498506
 0 0.516693
 0 0.484664
 0 0.364189
 0 0.888321
 0 0.853972
 0 0.367214
 0 0.633068
 0 0.45545
 0 0.515679
 0 0.428024
 0 0.386604
 0 0.308054
 0 0.287425
 0 0.21857
 0 0.662813
 0 0.684369
 0 0.259022
 0 0.16236
 0 0.522954
 0 0.518062
 0 0.39357
 0 0.300281
 0 0.557668
 0 0.430162
 0 0.456154
 0 0.508791
 0 0.81168
 0 0.3638
 0 0.409362
 0 0.248448
 0 0.27673
 0 0.74909
 0 0.240114
 0 0.302334
 0 0.207185
 0 0.558308
 0 0.615154
 0 0.451587
 0 0.565644
 0 0.549291
 0 0.569886
 0 0.326205
 0 0.262026
 0 0.449539
 0 0.572115
 0 0.313071
 0 0.510073
 0 0.556897
 0 0.791835
 0 0.370412
 0 0.537629
 0 0.183209
 0 0.437507
 0 0.540428
 0 0.491139
 0 0.463604
 0 0.562807
