535 1 0 0 1
 0 0.999816
 0 0.929528
 0 1.24682
 0 1.32506
 0 1.11558
 0 1.06839
 0 0.98947
 0 1.19545
 0 0.843666
 0 0.67072
 0 0.896374
 0 0.902734
 0 0.530764
 0 1.1485
 0 0.74646
 0 0.95835
 0 0.729014
 0 0.78537
 0 1.42668
 0 1.20101
 0 1.09567
 0 0.887954
 0 1.16673
 0 0.865004
 0 1.19108
 0 0.884778
 0 0.547382
 0 1.03758
 0 0.597312
 0 0.999866
 0 1.40621
 0 1.09874
 0 1.28975
 0 0.78151
 0 0.789546
 0 0.822956
 0 1.06038
 0 1.03714
 0 1.0282
 0 1.02315
 0 0.72121
 0 0.543606
 0 0.926744
 0 1.13261
 0 0.622266
 0 0.732114
 0 0.406778
 0 0.715598
 0 0.609634
 0 1.10443
 0 1.18525
 0 0.570422
 0 0.999284
 0 0.915014
 0 0.94509
 0 0.543396
 0 1.11212
 0 0.931418
 0 0.864078
 0 1.06703
 0 1.05461
 0 0.875736
 0 1.10695
 0 1.40928
 0 0.902074
 0 0.772448
 0 0.728162
 0 1.05612
 0 1.33283
 0 0.793056
 0 0.57755
 0 0.886186
 0 0.699646
 0 1.15427
 0 1.19151
 0 0.951184
 0 0.855876
 0 0.951708
 0 1.12237
 0 0.665408
 0 0.872172
 0 0.919802
 0 0.688034
 0 1.10294
 0 0.970974
 0 0.875176
 0 0.81268
 0 0.95455
 0 1.36821
 0 0.777632
 0 0.95542
 0 0.776942
 0 0.392302
 0 0.655016
 0 1.25702
 0 0.517246
 0 0.970544
 0 0.991214
 0 1.13184
 0 0.772056
 0 0.639734
 0 0.922578
 0 1.32951
 0 1.23835
 0 0.75187
 0 0.723086
 0 0.949108
 0 1.09568
 0 0.864222
 0 0.977502
 0 0.619696
 0 0.983312
 0 0.708644
 0 0.75953
 0 0.756916
 0 0.825584
 0 0.917734
 0 1.04079
 0 1.15015
 0 0.732756
 0 0.69856
 0 0.82298
 0 1.08804
 0 0.65252
 0 0.546736
 0 1.23468
 0 0.801338
 0 1.12288
 0 1.06262
 0 0.948224
 0 0.620526
 0 1.33474
 0 1.17066
 0 0.37808
 0 0.948306
 0 1.0506
 0 0.58556
 0 0.904778
 0 0.891116
 0 0.856212
 0 0.638688
 0 0.531078
 0 1.14552
 0 0.85069
 0 0.455858
 0 0.806754
 0 0.617148
 0 1.15439
 0 1.22043
 0 0.892876
 0 1.13186
 0 0.622036
 0 0.578184
 0 0.818072
 0 1.14757
 0 1.01607
 0 1.24792
 0 0.653286
 0 0.772544
 0 1.04985
 0 0.951428
 0 0.708754
 0 0.849794
 0 0.847606
 0 1.26259
 0 1.00455
 0 0.592316
 0 1.1513
 0 0.759194
 0 0.89783
 0 0.411272
 0 0.603348
 0 1.15945
 0 1.28667
 0 0.571474
 0 1.13075
 0 0.543572
 0 0.792508
 0 1.10172
 0 0.717556
 0 1.10675
 0 0.969022
 0 0.884078
 0 1.56265
 0 0.681718
 0 0.85839
 0 1.04702
 0 0.82106
 0 0.886108
 0 0.888482
 0 0.571034
 0 0.692266
 0 0.964446
 0 0.405986
 0 1.06267
 0 1.33238
 0 1.04432
 0 1.11554
 0 0.92991
 0 0.959468
 0 1.00485
 0 1.34864
 0 0.762212
 0 1.20131
 0 1.48475
 0 0.413536
 0 0.908374
 0 1.15196
 0 0.62036
 0 0.897464
 0 1.01636
 0 1.12335
 0 0.878532
 0 1.12218
 0 1.04164
 0 1.03598
 0 1.02779
 0 0.632312
 0 1.16861
 0 0.489836
 0 0.906468
 0 1.07733
 0 1.1504
 0 1.06428
 0 1.02965
 0 0.924708
 0 1.26381
 0 0.459928
 0 0.704202
 0 0.647244
 0 0.724592
 0 0.846114
 0 0.702066
 0 1.07604
 0 1.11825
 0 0.771916
 0 0.57272
 0 1.19419
 0 0.46209
 0 1.03244
 0 0.522578
 0 0.715966
 0 0.783842
 0 0.712484
 0 1.2651
 0 0.464688
 0 0.673708
 0 1.28861
 0 0.588404
 0 1.26535
 0 1.0908
 0 0.938336
 0 0.840748
 0 0.924274
 0 0.972038
 0 1.18496
 0 0.913844
 0 0.594954
 0 0.908734
 0 0.958068
 0 0.645482
 0 1.29186
 0 1.13994
 0 1.0601
 0 0.96312
 0 0.765476
 0 0.777504
 0 1.09517
 0 1.11533
 0 0.96264
 0 1.38148
 0 0.812488
 0 1.0121
 0 1.22853
 0 1.03458
 0 0.678418
 0 1.09955
 0 0.741974
 0 1.09324
 0 0.772708
 0 1.01709
 0 0.913042
 0 1.27534
 0 0.91559
 0 1.10786
 0 0.835868
 0 0.724378
 0 0.855558
 0 0.91306
 0 1.08922
 0 0.930894
 0 0.483728
 0 0.899994
 0 1.23235
 0 0.858552
 0 1.23501
 0 0.690854
 0 0.922832
 0 0.827664
 0 1.03677
 0 0.845784
 0 1.22541
 0 0.90381
 0 0.506144
 0 1.12656
 0 1.07106
 0 0.951026
 0 1.20606
 0 0.664178
 0 0.590414
 0 1.09466
 0 0.8324
 0 0.633324
 0 0.684156
 0 0.781918
 0 1.00291
 0 1.065
 0 0.581098
 0 0.847722
 0 0.772172
 0 1.30491
 0 1.0238
 0 0.628066
 0 0.780956
 0 0.931296
 0 1.05798
 0 0.710658
 0 0.58407
 0 0.425562
 0 0.646984
 0 1.16417
 0 1.09671
 0 0.676132
 0 0.67463
 0 0.822436
 0 0.915218
 0 1.11698
 0 0.570926
 0 0.99522
 0 1.05186
 0 1.02276
 0 1.21193
 0 0.975392
 0 0.981452
 0 1.15567
 0 0.826176
 0 0.90512
 0 0.93343
 0 0.512948
 0 0.908764
 0 0.374776
 0 0.836714
 0 1.10247
 0 1.05236
 0 1.01376
 0 0.459686
 0 0.676324
 0 0.664642
 0 0.636688
 0 1.31017
 0 0.933338
 0 1.00855
 0 0.852388
 0 1.18224
 0 0.572798
 0 0.71191
 0 1.12726
 0 0.84874
 0 0.767082
 0 0.928536
 0 1.06983
 0 0.789596
 0 0.83764
 0 0.882526
 0 1.17744
 0 0.787902
 0 0.946226
 0 0.628406
 0 0.720058
 0 0.72565
 0 0.698616
 0 1.30812
 0 0.546694
 0 0.971568
 0 0.84567
 0 0.628752
 0 0.938524
 0 0.883682
 0 1.28669
 0 1.43532
 0 0.597228
 0 1.01091
 0 0.659694
 0 0.957244
 0 0.689006
 0 0.876944
 0 1.1476
 0 0.97789
 0 0.785724
 0 1.05448
 0 1.06509
 0 1.04845
 0 0.525496
 0 0.629486
 0 0.595408
 0 0.95511
 0 0.872876
 0 0.872592
 0 0.683178
 0 0.80611
 0 0.33486
 0 0.707816
 0 1.16704
 0 1.4243
 0 0.853408
 0 0.914732
 0 0.98764
 0 0.836306
 0 0.67694
 0 0.686986
 0 1.0122
 0 1.01699
 0 1.20632
 0 1.04889
 0 1.09342
 0 0.677012
 0 0.942256
 0 1.23285
 0 0.53472
 0 1.33552
 0 0.555858
 0 0.55099
 0 1.0639
 0 0.953668
 0 0.742962
 0 1.19449
 0 0.963792
 0 1.151
 0 0.706984
 0 0.826824
 0 1.00947
 0 1.10075
 0 0.996086
 0 0.489076
 0 0.763056
 0 1.09628
 0 1.08063
 0 1.19486
 0 1.17328
 0 0.882128
 0 0.83381
 0 1.1732
 0 0.901792
 0 0.570962
 0 1.46395
 0 1.15317
 0 1.02403
 0 0.983312
 0 1.14497
 0 1.25415
 0 0.751304
 0 1.05282
 0 0.952236
 0 0.642588
 0 0.625822
 0 1.2328
 0 0.96423
 0 1.10646
 0 0.998152
 0 1.01903
 0 1.08753
 0 0.924594
 0 0.433942
 0 1.43408
 0 1.12112
 0 0.829706
 0 1.13641
 0 0.794022
 0 1.12921
 0 1.08576
 0 0.927446
 0 0.961974
 0 1.27835
 0 1.07218
 0 0.815574
 0 0.92107
 0 0.743228
 0 0.773356
 0 0.974768
 0 1.05529
 0 1.27539
 0 0.91102
 0 0.862128
 0 0.556206
 0 0.842236
 0 0.895918
 0 0.901302
 0 0.676486
 0 1.17305
 0 0.413294
 0 0.727328
 0 1.06944
 0 0.692108
 0 0.954548
 0 1.51275
 0 0.691306
 0 1.21333
 0 0.858604
 0 1.09376
 0 1.21839
 0 0.950764
 0 0.904512
 0 0.993926
 0 0.657494
 0 0.707448
 0 0.93648
 0 1.24462
 0 1.07739
 0 0.185195
 0 0.948912
 0 0.42255
 0 1.0444
 0 0.65316
 0 0.710064
 0 0.529552
 0 0.784506
 0 0.602112
 0 1.41468
 0 0.590904
 0 0.638044
 0 0.786386
 0 0.948132
 0 1.23636
 0 0.687094
 0 0.866986
