535 1 0 0 1
 0 0.78696
 0 0.696662
 0 0.78212
 0 0.99024
 0 1.14757
 0 0.541172
 0 1.00455
 0 0.587596
 0 0.924758
 0 0.494626
 0 0.732352
 0 0.721944
 0 0.980218
 0 1.61107
 0 0.57008
 0 0.659484
 0 0.316788
 0 0.566388
 0 1.02979
 0 0.891576
 0 0.937046
 0 1.13873
 0 0.914308
 0 1.08813
 0 1.07665
 0 0.624638
 0 1.04596
 0 1.26443
 0 1.20568
 0 0.920818
 0 1.12646
 0 0.773056
 0 0.860646
 0 0.533946
 0 0.830388
 0 0.793604
 0 1.58362
 0 0.50274
 0 0.578116
 0 1.01357
 0 1.1808
 0 0.83674
 0 1.03731
 0 0.646798
 0 0.807416
 0 0.88374
 0 0.655356
 0 0.599132
 0 0.790008
 0 0.86443
 0 0.664022
 0 1.22441
 0 0.968964
 0 0.790512
 0 0.684392
 0 1.05095
 0 0.547486
 0 1.38388
 0 1.18596
 0 0.760042
 0 0.49659
 0 0.81724
 0 0.904764
 0 0.811706
 0 1.26921
 0 1.03062
 0 1.09462
 0 0.697374
 0 0.769208
 0 1.30011
 0 1.24078
 0 0.70111
 0 0.686512
 0 0.524178
 0 0.736912
 0 0.457334
 0 0.673286
 0 0.369752
 0 0.553674
 0 1.22847
 0 1.14224
 0 0.822068
 0 1.06866
 0 0.842724
 0 0.672994
 0 0.706032
 0 0.973154
 0 0.811096
 0 0.901682
 0 0.91769
 0 0.630396
 0 1.03216
 0 0.829032
 0 0.906256
 0 0.685088
 0 0.653028
 0 1.00385
 0 0.972444
 0 0.621212
 0 0.552616
 0 0.68333
 0 0.614004
 0 0.870328
 0 0.915604
 0 0.981558
 0 0.982984
 0 0.82066
 0 0.461114
 0 1.08653
 0 1.00124
 0 0.459098
 0 1.18454
 0 0.860262
 0 0.375884
 0 0.708858
 0 0.868688
 0 0.785348
 0 0.412984
 0 0.843352
 0 1.07284
 0 0.810114
 0 0.695416
 0 0.995106
 0 1.19633
 0 0.649324
 0 0.982096
 0 0.875214
 0 0.58006
 0 0.635012
 0 1.02043
 0 0.709522
 0 1.13501
 0 1.03183
 0 0.789912
 0 0.832366
 0 0.557822
 0 0.508468
 0 1.1855
 0 1.32953
 0 0.860292
 0 0.484688
 0 0.778404
 0 0.486642
 0 0.58445
 0 0.845322
 0 0.56934
 0 0.892254
 0 1.11482
 0 0.397178
 0 0.24391
 0 1.54144
 0 0.962784
 0 0.897538
 0 0.61948
 0 0.599748
 0 0.815782
 0 0.7685
 0 0.856938
 0 0.830392
 0 0.851538
 0 0.713576
 0 0.792852
 0 0.573666
 0 0.648378
 0 0.730712
 0 0.550682
 0 0.543626
 0 0.77735
 0 0.508588
 0 0.963616
 0 0.847266
 0 0.872846
 0 0.910992
 0 1.25341
 0 0.677022
 0 0.983514
 0 0.825878
 0 1.14728
 0 0.763874
 0 0.99059
 0 0.676868
 0 0.658296
 0 0.874092
 0 0.318266
 0 1.21022
 0 0.67542
 0 0.809114
 0 0.281352
 0 0.920804
 0 0.580592
 0 0.6813
 0 0.846796
 0 0.603824
 0 0.9842
 0 1.15365
 0 1.24724
 0 0.874518
 0 0.780818
 0 1.30724
 0 0.873072
 0 1.39705
 0 0.975572
 0 0.679524
 0 1.04663
 0 1.1751
 0 0.817506
 0 0.449526
 0 0.6962
 0 0.747082
 0 0.759606
 0 0.93637
 0 0.599388
 0 1.10801
 0 0.96743
 0 0.5328
 0 0.847576
 0 0.967622
 0 0.688426
 0 0.868694
 0 0.346558
 0 0.84648
 0 0.878922
 0 1.05188
 0 1.13084
 0 0.973412
 0 1.05275
 0 0.699452
 0 0.777764
 0 0.590632
 0 0.53197
 0 0.798286
 0 0.748252
 0 0.83068
 0 0.735486
 0 0.877106
 0 1.14348
 0 0.775778
 0 0.938916
 0 0.839932
 0 1.08925
 0 0.89262
 0 0.751924
 0 0.999612
 0 0.994656
 0 0.592864
 0 0.84401
 0 0.5219
 0 0.554492
 0 0.78662
 0 0.962974
 0 0.996244
 0 1.04584
 0 1.00479
 0 0.931514
 0 0.506384
 0 1.06549
 0 0.761288
 0 0.664618
 0 0.719582
 0 1.05049
 0 0.78499
 0 0.818204
 0 0.801234
 0 0.702194
 0 0.871762
 0 0.835066
 0 0.908632
 0 1.07002
 0 0.673432
 0 0.995986
 0 1.00273
 0 1.23617
 0 0.89255
 0 0.886672
 0 1.58428
 0 0.711714
 0 0.45259
 0 0.756582
 0 0.968878
 0 0.514374
 0 0.968852
 0 0.784198
 0 1.06562
 0 0.418416
 0 0.787238
 0 1.35135
 0 1.11441
 0 0.875562
 0 0.78759
 0 1.2728
 0 0.959542
 0 1.41368
 0 0.740804
 0 0.72639
 0 0.651478
 0 0.561694
 0 0.784942
 0 0.939176
 0 0.525354
 0 0.712964
 0 0.822076
 0 0.831684
 0 0.593296
 0 0.579142
 0 0.391962
 0 0.90672
 0 0.735102
 0 0.896282
 0 0.854452
 0 1.18157
 0 0.85673
 0 0.376234
 0 0.84928
 0 0.902254
 0 0.564388
 0 1.10064
 0 0.9027
 0 0.931664
 0 0.613244
 0 0.630478
 0 1.03964
 0 0.77665
 0 1.14403
 0 0.808886
 0 0.587898
 0 1.25221
 0 1.09172
 0 1.0799
 0 1.07292
 0 0.901872
 0 0.98925
 0 0.85062
 0 0.801008
 0 0.664946
 0 0.874346
 0 0.786474
 0 1.14073
 0 1.33545
 0 0.879858
 0 0.848136
 0 0.900726
 0 0.680522
 0 1.06906
 0 0.98415
 0 0.729572
 0 1.38232
 0 0.793112
 0 0.527296
 0 0.981394
 0 0.818182
 0 0.437198
 0 0.682136
 0 0.524062
 0 0.989642
 0 0.796848
 0 0.611676
 0 0.831506
 0 0.773466
 0 0.850308
 0 1.14349
 0 0.7502
 0 0.590474
 0 0.665932
 0 0.7155
 0 0.664038
 0 0.77314
 0 0.67049
 0 0.879552
 0 0.773752
 0 0.692658
 0 1.08826
 0 0.870004
 0 0.71213
 0 0.41261
 0 1.42301
 0 0.8739
 0 0.736474
 0 0.77925
 0 1.0864
 0 0.821274
 0 0.60783
 0 0.870846
 0 0.959614
 0 0.757524
 0 1.2196
 0 0.965696
 0 1.04063
 0 0.749742
 0 1.15203
 0 1.27789
 0 0.665744
 0 0.825142
 0 1.01512
 0 1.08941
 0 0.336654
 0 1.08518
 0 0.46346
 0 0.805418
 0 0.950328
 0 0.86099
 0 1.04421
 0 1.19649
 0 0.88957
 0 0.711062
 0 0.758674
 0 0.602644
 0 0.782734
 0 0.862178
 0 0.93263
 0 0.73237
 0 0.789604
 0 0.660192
 0 0.38227
 0 0.818524
 0 0.805626
 0 0.212262
 0 1.10523
 0 0.694376
 0 0.809962
 0 0.401678
 0 1.29794
 0 0.803324
 0 0.65902
 0 0.768616
 0 0.236936
 0 0.827582
 0 1.03289
 0 0.590692
 0 0.836576
 0 0.776708
 0 0.551944
 0 0.826038
 0 0.951578
 0 0.71409
 0 0.730746
 0 0.619798
 0 0.808902
 0 0.91984
 0 1.02869
 0 1.20217
 0 0.654992
 0 0.487688
 0 1.15598
 0 0.572932
 0 1.06694
 0 0.92145
 0 0.586492
 0 0.521362
 0 0.915772
 0 0.91859
 0 0.63929
 0 1.30115
 0 0.318328
 0 0.804868
 0 0.822416
 0 0.63544
 0 1.26991
 0 0.830372
 0 1.21571
 0 1.2061
 0 1.13157
 0 0.74023
 0 0.677304
 0 1.61876
 0 0.71382
 0 1.44394
 0 0.920176
 0 0.963696
 0 1.15386
 0 1.05911
 0 0.72839
 0 0.981872
 0 0.641076
 0 1.2568
 0 1.20006
 0 0.493984
 0 0.814664
 0 1.08848
 0 0.999204
 0 0.488226
 0 0.96756
 0 0.787458
 0 1.0229
 0 0.41687
 0 0.555916
 0 0.945194
 0 0.983496
 0 0.566722
 0 0.4192
 0 0.754426
 0 0.236942
 0 0.702246
 0 0.769038
 0 0.810374
 0 0.808632
 0 0.771682
 0 0.718866
 0 0.905932
 0 0.680784
 0 0.974164
 0 0.639532
 0 0.758016
 0 1.04809
 0 1.0058
 0 0.91539
 0 0.999496
 0 0.860444
 0 0.465688
 0 1.42262
 0 0.552408
 0 1.03435
 0 1.00646
 0 0.80164
 0 0.840662
 0 1.06872
 0 0.826752
 0 0.902948
 0 1.15743
 0 0.98314
 0 0.6535
 0 0.559962
 0 0.93424
 0 0.83049
 0 1.1325
 0 0.952676
 0 1.08009
 0 1.1297
 0 0.986878
 0 0.786784
 0 1.05929
 0 0.673528
 0 0.961934
 0 0.546342
 0 1.25773
 0 0.887894
