535 1 0 0 1
 0 1.04931
 0 0.68081
 0 0.835346
 0 0.923546
 0 1.28603
 0 0.759424
 0 1.00273
 0 1.71969
 0 1.29312
 0 1.14425
 0 0.988552
 0 0.954146
 0 0.801402
 0 0.720342
 0 0.814624
 0 0.898866
 0 0.589038
 0 0.903388
 0 1.42031
 0 0.75418
 0 1.78906
 0 0.848116
 0 0.960156
 0 1.13606
 0 1.16624
 0 0.824528
 0 0.972144
 0 1.23248
 0 1.04676
 0 0.601504
 0 1.23397
 0 1.12145
 0 1.44622
 0 0.745582
 0 1.24808
 0 0.51527
 0 1.5197
 0 0.678438
 0 0.858456
 0 0.342278
 0 0.517982
 0 0.950174
 0 1.44761
 0 1.02844
 0 1.27914
 0 1.1726
 0 0.676762
 0 1.05852
 0 1.11663
 0 1.28314
 0 0.645614
 0 0.69888
 0 1.33953
 0 1.2672
 0 0.889346
 0 0.947236
 0 1.00326
 0 1.14364
 0 1.09829
 0 1.1888
 0 0.63717
 0 1.12443
 0 0.841022
 0 0.99415
 0 1.18983
 0 1.58474
 0 1.28191
 0 0.469112
 0 0.230206
 0 1.17048
 0 0.58641
 0 1.02166
 0 0.679134
 0 0.84815
 0 0.987282
 0 0.274956
 0 0.940368
 0 0.585106
 0 0.534664
 0 1.10074
 0 1.12403
 0 1.00233
 0 0.954318
 0 0.940126
 0 1.51729
 0 0.591936
 0 0.453706
 0 0.760936
 0 0.923212
 0 0.697306
 0 0.660118
 0 0.970262
 0 1.09393
 0 0.549558
 0 1.16935
 0 1.02276
 0 1.02022
 0 1.19532
 0 0.570226
 0 0.781638
 0 0.638178
 0 0.925632
 0 0.79618
 0 0.633394
 0 0.848826
 0 0.496518
 0 0.991736
 0 1.35049
 0 1.08294
 0 1.39394
 0 0.424824
 0 1.06904
 0 1.56179
 0 0.862952
 0 0.93643
 0 0.38112
 0 0.65914
 0 0.654302
 0 0.66991
 0 1.49224
 0 1.5369
 0 0.92962
 0 1.4229
 0 0.66755
 0 0.973128
 0 0.987622
 0 1.35263
 0 0.785522
 0 0.94027
 0 0.86536
 0 0.782354
 0 1.05801
 0 1.00049
 0 0.628994
 0 0.819216
 0 1.29588
 0 0.433062
 0 0.870376
 0 1.29464
 0 1.16744
 0 1.34221
 0 1.05841
 0 1.06585
 0 0.906242
 0 0.810338
 0 1.0071
 0 0.21694
 0 1.38568
 0 0.937968
 0 0.992816
 0 0.585698
 0 0.693714
 0 0.865758
 0 0.41205
 0 0.899718
 0 0.655848
 0 0.480332
 0 0.787088
 0 1.23731
 0 0.801322
 0 1.17298
 0 1.17372
 0 1.00738
 0 0.789594
 0 0.282088
 0 0.968678
 0 0.792076
 0 0.68576
 0 1.26929
 0 0.993092
 0 0.649754
 0 1.20447
 0 0.850606
 0 1.14842
 0 0.533384
 0 0.768624
 0 0.993092
 0 0.72252
 0 1.09986
 0 1.28763
 0 0.710058
 0 0.871198
 0 0.876884
 0 0.472846
 0 0.52176
 0 0.863148
 0 0.865362
 0 0.85648
 0 1.31199
 0 1.3423
 0 0.572824
 0 0.706494
 0 1.26775
 0 0.879872
 0 0.622912
 0 0.97558
 0 1.12443
 0 0.956086
 0 0.974038
 0 0.953466
 0 1.4149
 0 0.433932
 0 0.932342
 0 0.80423
 0 1.15655
 0 0.67349
 0 0.053904
 0 0.248476
 0 0.761564
 0 0.991186
 0 1.10282
 0 0.256354
 0 0.907044
 0 0.934572
 0 1.148
 0 0.616716
 0 0.952118
 0 0.95479
 0 0.5546
 0 0.465948
 0 1.635
 0 0.669086
 0 0.576876
 0 0.213018
 0 0.704228
 0 0.750436
 0 0.911378
 0 0.570266
 0 1.58173
 0 1.16402
 0 0.966518
 0 0.4125
 0 1.0881
 0 0.820726
 0 0.88729
 0 1.10433
 0 0.799832
 0 1.28681
 0 0.945104
 0 1.46385
 0 1.18092
 0 0.481522
 0 0.902382
 0 1.25776
 0 0.76198
 0 0.668046
 0 0.957554
 0 1.40933
 0 0.63136
 0 0.856486
 0 1.06951
 0 0.541306
 0 0.265704
 0 0.637142
 0 1.5409
 0 1.10981
 0 1.29103
 0 0.79864
 0 1.12026
 0 1.64537
 0 1.28108
 0 0.782096
 0 0.609454
 0 1.10587
 0 0.98022
 0 1.18655
 0 1.04084
 0 1.34613
 0 0.758966
 0 0.568282
 0 1.55095
 0 0.9487
 0 0.523116
 0 0.730452
 0 1.05835
 0 0.767698
 0 1.22516
 0 0.91785
 0 0.397434
 0 1.23252
 0 1.3865
 0 0.526156
 0 1.05538
 0 0.742432
 0 0.458774
 0 0.457906
 0 0.909224
 0 0.906926
 0 1.11492
 0 0.564552
 0 0.642224
 0 1.06264
 0 0.7605
 0 1.15967
 0 0.899186
 0 0.954906
 0 0.746562
 0 1.0206
 0 0.03171
 0 0.936852
 0 1.50185
 0 0.19077
 0 0.66182
 0 0.360618
 0 0.917718
 0 0.810168
 0 0.43025
 0 1.41176
 0 1.13608
 0 1.27809
 0 0.778672
 0 0.683226
 0 1.01541
 0 1.23762
 0 1.11151
 0 0.968968
 0 0.672452
 0 0.835026
 0 0.669486
 0 1.06862
 0 0.885258
 0 0.850026
 0 0.505286
 0 1.21182
 0 1.19266
 0 1.11942
 0 1.1426
 0 0.87209
 0 0.723624
 0 0.608446
 0 0.995544
 0 0.853606
 0 -0.386506
 0 1.27479
 0 0.864928
 0 0.727612
 0 1.28823
 0 0.64353
 0 0.516576
 0 1.21557
 0 1.2454
 0 0.852118
 0 0.962852
 0 0.752472
 0 0.58165
 0 1.01704
 0 0.411758
 0 0.777194
 0 0.986336
 0 0.577164
 0 0.670296
 0 1.47765
 0 1.39101
 0 0.507736
 0 0.737662
 0 0.667686
 0 0.758742
 0 0.912944
 0 1.02185
 0 1.4118
 0 0.0557494
 0 0.701258
 0 0.0358578
 0 1.08646
 0 0.993972
 0 0.835164
 0 0.905556
 0 0.670902
 0 0.353194
 0 0.873044
 0 1.17318
 0 0.338336
 0 0.490458
 0 1.16016
 0 0.9806
 0 0.987684
 0 1.25533
 0 0.743498
 0 1.02514
 0 1.11272
 0 0.818518
 0 0.80883
 0 1.19082
 0 1.20891
 0 1.34459
 0 0.465722
 0 1.15502
 0 0.50898
 0 0.783188
 0 1.10482
 0 0.91505
 0 0.987714
 0 1.13372
 0 0.988422
 0 1.08515
 0 0.84956
 0 0.797204
 0 1.32484
 0 0.481046
 0 0.826306
 0 1.19703
 0 1.20058
 0 0.702024
 0 0.494204
 0 1.25676
 0 0.645122
 0 1.14009
 0 1.44196
 0 1.33381
 0 0.717738
 0 0.52339
 0 0.959482
 0 0.786756
 0 0.94379
 0 0.510864
 0 0.54127
 0 0.940482
 0 0.55553
 0 1.09113
 0 0.829278
 0 0.659812
 0 1.26639
 0 0.764278
 0 0.991488
 0 0.786804
 0 1.32241
 0 0.961918
 0 0.961462
 0 0.765788
 0 1.24295
 0 0.77376
 0 0.632396
 0 0.496856
 0 0.483566
 0 0.650702
 0 0.752442
 0 0.782662
 0 1.18851
 0 0.66928
 0 0.944766
 0 0.750204
 0 1.41873
 0 0.876388
 0 1.45578
 0 0.861908
 0 0.56813
 0 0.387878
 0 0.900792
 0 1.41973
 0 1.09431
 0 0.830616
 0 1.43636
 0 0.59676
 0 1.01326
 0 0.813812
 0 0.982832
 0 0.838736
 0 0.538362
 0 1.29734
 0 1.12106
 0 1.01888
 0 1.68075
 0 -0.00283662
 0 1.36519
 0 0.696186
 0 1.00198
 0 1.09862
 0 0.241698
 0 0.836386
 0 1.01927
 0 0.668464
 0 0.832564
 0 0.942254
 0 0.817988
 0 0.830178
 0 0.925868
 0 0.581066
 0 1.07899
 0 0.9826
 0 0.689942
 0 0.2605
 0 1.13977
 0 0.586304
 0 0.899262
 0 0.451054
 0 0.365978
 0 1.04917
 0 0.483868
 0 0.806902
 0 0.88988
 0 0.603648
 0 0.827192
 0 0.738412
 0 0.852222
 0 0.854808
 0 0.503334
 0 0.882446
 0 1.08027
 0 0.543702
 0 0.52456
 0 0.929912
 0 1.5356
 0 1.27519
 0 1.26849
 0 0.301174
 0 0.991276
 0 0.798948
 0 0.630728
 0 0.639988
 0 0.461312
 0 0.994058
 0 0.345402
 0 0.940808
 0 0.564196
 0 0.970876
 0 0.819972
 0 1.33151
 0 1.33377
 0 0.855356
 0 0.96642
 0 1.33922
 0 0.978564
 0 0.535252
 0 1.09382
 0 0.997812
 0 1.02194
 0 1.33098
 0 0.919396
 0 1.05843
 0 0.809656
 0 0.557626
 0 0.942438
 0 0.73867
 0 0.714254
 0 0.406676
