535 1 0 0 1
 0 1.23491
 0 0.732382
 0 1.11178
 0 1.53916
 0 1.33768
 0 0.756148
 0 0.35552
 0 0.321496
 0 1.52549
 0 1.0762
 0 0.749022
 0 1.06419
 0 0.386158
 0 1.17073
 0 1.16147
 0 0.637936
 0 0.794058
 0 1.33242
 0 0.474196
 0 0.87859
 0 1.13593
 0 1.15196
 0 0.456356
 0 0.542154
 0 1.066
 0 0.761102
 0 0.542996
 0 1.2598
 0 0.522578
 0 0.638238
 0 1.51998
 0 0.831944
 0 1.45294
 0 0.554494
 0 0.85111
 0 0.926768
 0 1.54949
 0 0.075222
 0 0.93795
 0 1.88486
 0 1.04436
 0 1.02575
 0 0.708414
 0 0.587408
 0 0.597102
 0 1.67805
 0 1.05702
 0 0.718546
 0 1.64359
 0 1.31295
 0 0.932348
 0 0.390228
 0 1.58123
 0 1.56088
 0 0.658618
 0 0.469296
 0 1.56207
 0 1.71336
 0 0.590936
 0 1.42491
 0 0.800574
 0 1.29445
 0 0.927788
 0 1.51905
 0 0.669786
 0 0.997926
 0 0.78047
 0 0.837886
 0 1.04899
 0 0.683008
 0 1.49567
 0 0.767822
 0 0.69979
 0 0.372346
 0 1.33182
 0 1.36043
 0 0.551106
 0 0.892546
 0 0.890014
 0 1.30628
 0 1.54554
 0 0.826992
 0 1.47878
 0 1.0533
 0 0.65807
 0 0.854946
 0 1.8
 0 0.949886
 0 1.01514
 0 0.65024
 0 0.0421766
 0 0.48337
 0 1.64104
 0 0.177884
 0 0.419586
 0 0.369298
 0 0.502358
 0 0.551742
 0 0.946224
 0 0.30234
 0 0.686238
 0 0.483596
 0 0.716172
 0 1.12796
 0 0.142801
 0 0.802754
 0 0.0470302
 0 1.27642
 0 0.145446
 0 0.690536
 0 0.720554
 0 0.706614
 0 0.681142
 0 0.757426
 0 0.379242
 0 0.852622
 0 0.468898
 0 0.381766
 0 0.613014
 0 0.66067
 0 1.081
 0 0.681792
 0 0.282938
 0 1.25425
 0 1.14505
 0 0.765992
 0 1.50523
 0 1.73893
 0 0.602892
 0 0.821068
 0 1.02049
 0 1.56502
 0 1.48675
 0 0.56888
 0 1.36134
 0 1.2591
 0 0.86436
 0 1.14213
 0 1.13388
 0 1.25963
 0 0.643852
 0 0.833516
 0 0.783544
 0 1.20032
 0 0.866932
 0 0.744536
 0 1.05111
 0 1.12529
 0 0.736236
 0 0.391738
 0 1.23999
 0 0.286596
 0 0.752882
 0 0.567106
 0 1.75481
 0 0.787832
 0 1.02627
 0 1.03607
 0 1.24319
 0 0.724798
 0 0.744026
 0 0.573132
 0 0.715798
 0 0.97603
 0 0.36258
 0 0.827998
 0 1.05784
 0 0.854496
 0 0.993688
 0 0.273526
 0 0.763512
 0 0.559162
 0 1.35266
 0 0.905122
 0 1.28404
 0 0.998036
 0 0.416594
 0 1.14134
 0 1.14696
 0 1.0267
 0 1.02254
 0 0.524134
 0 0.647608
 0 0.93522
 0 1.02298
 0 0.0564472
 0 0.779666
 0 1.00723
 0 1.20562
 0 1.22035
 0 1.67638
 0 1.65667
 0 1.56871
 0 0.3986
 0 0.0309444
 0 1.21546
 0 0.75829
 0 1.09088
 0 0.534266
 0 0.699426
 0 0.385144
 0 0.857426
 0 0.0888284
 0 1.05694
 0 0.555476
 0 1.10086
 0 0.924332
 0 1.35254
 0 0.95947
 0 1.25213
 0 0.61535
 0 0.328654
 0 1.15043
 0 1.64837
 0 1.01615
 0 1.27869
 0 0.90103
 0 0.385618
 0 1.39585
 0 0.351202
 0 0.70717
 0 0.799196
 0 0.470864
 0 1.37176
 0 1.12955
 0 1.0328
 0 1.11166
 0 1.36799
 0 0.424282
 0 0.223018
 0 1.24866
 0 1.20701
 0 0.91324
 0 1.15861
 0 1.26209
 0 0.562376
 0 1.09316
 0 0.733692
 0 0.870574
 0 0.806774
 0 0.375646
 0 1.25824
 0 0.701632
 0 1.17109
 0 0.938856
 0 1.05953
 0 1.30913
 0 1.37734
 0 1.26048
 0 1.22329
 0 1.58135
 0 0.929528
 0 0.741778
 0 0.726146
 0 0.507996
 0 0.368906
 0 0.613122
 0 1.56021
 0 0.708376
 0 1.54959
 0 0.44156
 0 0.447218
 0 1.14023
 0 1.30313
 0 1.17471
 0 1.08393
 0 0.589866
 0 1.2348
 0 0.806696
 0 0.7592
 0 1.05904
 0 0.816312
 0 1.85893
 0 0.624272
 0 0.833954
 0 0.402108
 0 1.05378
 0 1.3637
 0 0.979696
 0 1.24321
 0 0.62642
 0 0.792698
 0 0.7021
 0 0.089705
 0 0.432124
 0 0.70726
 0 1.09416
 0 1.39782
 0 1.30805
 0 1.01735
 0 1.38119
 0 0.612222
 0 0.843148
 0 1.27195
 0 0.960948
 0 1.04806
 0 0.85814
 0 0.662602
 0 1.52392
 0 1.02492
 0 0.89447
 0 1.44228
 0 0.673252
 0 0.35
 0 1.81106
 0 0.692266
 0 1.34435
 0 1.71834
 0 1.02531
 0 1.02733
 0 1.21782
 0 0.757804
 0 0.64844
 0 1.02768
 0 0.758788
 0 0.832102
 0 0.750488
 0 0.593686
 0 1.28092
 0 1.70593
 0 0.999732
 0 1.42863
 0 0.636846
 0 1.71553
 0 0.726224
 0 0.993218
 0 1.23605
 0 1.35223
 0 0.547332
 0 0.768664
 0 1.2507
 0 0.816494
 0 2.03006
 0 0.470204
 0 0.228838
 0 1.12612
 0 1.45429
 0 1.05348
 0 2.0517
 0 0.659154
 0 0.88945
 0 0.543058
 0 0.85479
 0 0.505426
 0 0.98611
 0 0.684554
 0 0.85764
 0 1.48382
 0 1.62702
 0 1.85565
 0 1.17923
 0 0.721564
 0 0.614934
 0 1.31224
 0 1.0129
 0 -0.0884082
 0 1.2374
 0 1.3989
 0 0.717284
 0 1.46857
 0 1.37866
 0 1.31931
 0 1.72502
 0 1.04142
 0 0.54427
 0 1.14342
 0 0.52916
 0 0.60949
 0 0.959748
 0 0.64553
 0 0.0588668
 0 0.962048
 0 1.40783
 0 0.669444
 0 1.05236
 0 1.51721
 0 1.11542
 0 0.41432
 0 0.444358
 0 0.243284
 0 0.960486
 0 0.906312
 0 0.976764
 0 0.566762
 0 1.29167
 0 0.443746
 0 1.24368
 0 1.421
 0 1.53675
 0 1.2612
 0 1.86945
 0 1.33229
 0 0.832118
 0 0.93034
 0 0.39291
 0 0.974432
 0 1.18981
 0 1.18149
 0 0.825392
 0 1.31944
 0 0.329404
 0 1.23307
 0 0.45918
 0 0.60201
 0 1.60242
 0 1.63665
 0 1.64202
 0 0.966704
 0 0.54116
 0 0.693046
 0 0.563152
 0 0.662838
 0 1.5951
 0 1.17563
 0 0.013804
 0 0.822928
 0 0.475214
 0 1.15174
 0 1.26959
 0 0.367426
 0 1.19287
 0 1.00123
 0 0.647272
 0 0.465226
 0 1.65472
 0 0.437056
 0 1.66296
 0 0.920402
 0 1.00764
 0 0.793314
 0 1.58041
 0 1.08108
 0 0.924906
 0 0.747408
 0 0.648822
 0 0.66532
 0 0.33393
 0 1.27232
 0 0.706136
 0 0.456146
 0 0.99015
 0 0.98368
 0 0.683104
 0 0.785676
 0 0.317554
 0 1.02775
 0 0.709136
 0 0.609516
 0 1.52122
 0 0.749648
 0 1.05949
 0 1.03843
 0 0.42076
 0 1.15337
 0 1.1121
 0 1.27204
 0 1.28881
 0 0.384506
 0 1.54215
 0 0.929986
 0 1.42875
 0 0.415762
 0 1.713
 0 0.94643
 0 1.28991
 0 1.10465
 0 0.938772
 0 0.846906
 0 1.01887
 0 1.09381
 0 1.36089
 0 -0.0343346
 0 1.59938
 0 1.37229
 0 0.509396
 0 1.68272
 0 1.06593
 0 0.0997012
 0 1.03339
 0 0.969328
 0 0.728378
 0 1.77664
 0 1.70794
 0 0.734428
 0 1.26614
 0 0.9109
 0 1.03136
 0 0.856048
 0 0.773208
 0 0.616108
 0 0.57485
 0 0.43714
 0 1.32563
 0 1.36874
 0 0.518044
 0 0.32472
 0 1.04591
 0 1.03612
 0 0.78714
 0 0.600562
 0 1.11534
 0 0.860324
 0 0.912308
 0 1.01758
 0 1.62336
 0 0.7276
 0 0.818724
 0 0.496896
 0 0.55346
 0 1.49818
 0 0.480228
 0 0.604668
 0 0.41437
 0 1.11662
 0 1.23031
 0 0.903174
 0 1.13129
 0 1.09858
 0 1.13977
 0 0.65241
 0 0.524052
 0 0.899078
 0 1.14423
 0 0.626142
 0 1.02015
 0 1.11379
 0 1.58367
 0 0.740824
 0 1.07526
 0 0.366418
 0 0.875014
 0 1.08086
 0 0.982278
 0 0.927208
 0 1.12561
