535 1 0 0 1
 0 0.494257
 0 0.335213
 0 0.379497
 0 0.436116
 0 0.406518
 0 0.397706
 0 0.44847
 0 0.42497
 0 0.381102
 0 0.307717
 0 0.476252
 0 0.410033
 0 0.467966
 0 0.467602
 0 0.420744
 0 0.497277
 0 0.464262
 0 0.463281
 0 0.393464
 0 0.487337
 0 0.48457
 0 0.360994
 0 0.531417
 0 0.454664
 0 0.402977
 0 0.432927
 0 0.500988
 0 0.433543
 0 0.462047
 0 0.394321
 0 0.475616
 0 0.603441
 0 0.472658
 0 0.344543
 0 0.455121
 0 0.481751
 0 0.386274
 0 0.432818
 0 0.355503
 0 0.552262
 0 0.437094
 0 0.441992
 0 0.394033
 0 0.423716
 0 0.390608
 0 0.358608
 0 0.416108
 0 0.373915
 0 0.403305
 0 0.509556
 0 0.473513
 0 0.507392
 0 0.428331
 0 0.468912
 0 0.342309
 0 0.367896
 0 0.439176
 0 0.463735
 0 0.478458
 0 0.390432
 0 0.427196
 0 0.376982
 0 0.441253
 0 0.297771
 0 0.247994
 0 0.46596
 0 0.272911
 0 0.545245
 0 0.531349
 0 0.380797
 0 0.314724
 0 0.346631
 0 0.310194
 0 0.509992
 0 0.29355
 0 0.384386
 0 0.363352
 0 0.373938
 0 0.370965
 0 0.431084
 0 0.443701
 0 0.315718
 0 0.381719
 0 0.425428
 0 0.518327
 0 0.367966
 0 0.454391
 0 0.410102
 0 0.344224
 0 0.469172
 0 0.416343
 0 0.536663
 0 0.338218
 0 0.364956
 0 0.430466
 0 0.441903
 0 0.367434
 0 0.396552
 0 0.443004
 0 0.381192
 0 0.522699
 0 0.427305
 0 0.388983
 0 0.505824
 0 0.420689
 0 0.448955
 0 0.40974
 0 0.43426
 0 0.401018
 0 0.452255
 0 0.421008
 0 0.426083
 0 0.324389
 0 0.442188
 0 0.340047
 0 0.446494
 0 0.321907
 0 0.424751
 0 0.385607
 0 0.31449
 0 0.443645
 0 0.556025
 0 0.465778
 0 0.49081
 0 0.332807
 0 0.498807
 0 0.493848
 0 0.474142
 0 0.546639
 0 0.467928
 0 0.474728
 0 0.283964
 0 0.432927
 0 0.433475
 0 0.34965
 0 0.487811
 0 0.415017
 0 0.392053
 0 0.436078
 0 0.392353
 0 0.43143
 0 0.328204
 0 0.321541
 0 0.424591
 0 0.423439
 0 0.457836
 0 0.511984
 0 0.501266
 0 0.462998
 0 0.406614
 0 0.52688
 0 0.504633
 0 0.388805
 0 0.395624
 0 0.342405
 0 0.449744
 0 0.434668
 0 0.406217
 0 0.390204
 0 0.549097
 0 0.386659
 0 0.488995
 0 0.317102
 0 0.395938
 0 0.429699
 0 0.354384
 0 0.3889
 0 0.492226
 0 0.258378
 0 0.513192
 0 0.381545
 0 0.502858
 0 0.430272
 0 0.491415
 0 0.419497
 0 0.442122
 0 0.490835
 0 0.438252
 0 0.425594
 0 0.32667
 0 0.293839
 0 0.53039
 0 0.385284
 0 0.565424
 0 0.405558
 0 0.394621
 0 0.386402
 0 0.46098
 0 0.389403
 0 0.337626
 0 0.233686
 0 0.360753
 0 0.518873
 0 0.349777
 0 0.385592
 0 0.533642
 0 0.436955
 0 0.500765
 0 0.352646
 0 0.546934
 0 0.370008
 0 0.446637
 0 0.38958
 0 0.430797
 0 0.497879
 0 0.41185
 0 0.546936
 0 0.456857
 0 0.441979
 0 0.406696
 0 0.428246
 0 0.51407
 0 0.502821
 0 0.488501
 0 0.365635
 0 0.517469
 0 0.542964
 0 0.289845
 0 0.456617
 0 0.551972
 0 0.535067
 0 0.433513
 0 0.517878
 0 0.398291
 0 0.440088
 0 0.359307
 0 0.411098
 0 0.315459
 0 0.400326
 0 0.431519
 0 0.506803
 0 0.384865
 0 0.373328
 0 0.434198
 0 0.237301
 0 0.445949
 0 0.482844
 0 0.411396
 0 0.384292
 0 0.414372
 0 0.468944
 0 0.325884
 0 0.375512
 0 0.320397
 0 0.366679
 0 0.481252
 0 0.386679
 0 0.475627
 0 0.4482
 0 0.462354
 0 0.350829
 0 0.424598
 0 0.515672
 0 0.482237
 0 0.52691
 0 0.602408
 0 0.501602
 0 0.451723
 0 0.459564
 0 0.393763
 0 0.509597
 0 0.450472
 0 0.536956
 0 0.35755
 0 0.426033
 0 0.421651
 0 0.354077
 0 0.43809
 0 0.409892
 0 0.455146
 0 0.51015
 0 0.598134
 0 0.550677
 0 0.427459
 0 0.479541
 0 0.280351
 0 0.43169
 0 0.347267
 0 0.405407
 0 0.33462
 0 0.541528
 0 0.407076
 0 0.431923
 0 0.47893
 0 0.543175
 0 0.345534
 0 0.443417
 0 0.35036
 0 0.47476
 0 0.359765
 0 0.451768
 0 0.38717
 0 0.442987
 0 0.343689
 0 0.455151
 0 0.570491
 0 0.406256
 0 0.411784
 0 0.343998
 0 0.455811
 0 0.348296
 0 0.436809
 0 0.387393
 0 0.386906
 0 0.431732
 0 0.424207
 0 0.55283
 0 0.465147
 0 0.488115
 0 0.492307
 0 0.283014
 0 0.488939
 0 0.438104
 0 0.454162
 0 0.504231
 0 0.384443
 0 0.46016
 0 0.478365
 0 0.44565
 0 0.293679
 0 0.379018
 0 0.471668
 0 0.439777
 0 0.492324
 0 0.36228
 0 0.447713
 0 0.444184
 0 0.413251
 0 0.536953
 0 0.402211
 0 0.45921
 0 0.46556
 0 0.425564
 0 0.406219
 0 0.526277
 0 0.450436
 0 0.283751
 0 0.412362
 0 0.375562
 0 0.547861
 0 0.441828
 0 0.544615
 0 0.398587
 0 0.418935
 0 0.364325
 0 0.342567
 0 0.452053
 0 0.42841
 0 0.412916
 0 0.347363
 0 0.439395
 0 0.437528
 0 0.400594
 0 0.394217
 0 0.42224
 0 0.334414
 0 0.425417
 0 0.430383
 0 0.274916
 0 0.281855
 0 0.262395
 0 0.453223
 0 0.400269
 0 0.385251
 0 0.355784
 0 0.548874
 0 0.460467
 0 0.398549
 0 0.244787
 0 0.61771
 0 0.360942
 0 0.498941
 0 0.48813
 0 0.498926
 0 0.490786
 0 0.417137
 0 0.447388
 0 0.447604
 0 0.486199
 0 0.379804
 0 0.461533
 0 0.435869
 0 0.321636
 0 0.391674
 0 0.351689
 0 0.27644
 0 0.361014
 0 0.308924
 0 0.363966
 0 0.320452
 0 0.460392
 0 0.489464
 0 0.381737
 0 0.534424
 0 0.498196
 0 0.425491
 0 0.404507
 0 0.437566
 0 0.459341
 0 0.514243
 0 0.376435
 0 0.380509
 0 0.495068
 0 0.380458
 0 0.491352
 0 0.399183
 0 0.463982
 0 0.301685
 0 0.385207
 0 0.36382
 0 0.331032
 0 0.444327
 0 0.49211
 0 0.429176
 0 0.537797
 0 0.471019
 0 0.483022
 0 0.419419
 0 0.370639
 0 0.505596
 0 0.478082
 0 0.460591
 0 0.431024
 0 0.300991
 0 0.369237
 0 0.579991
 0 0.573335
 0 0.419335
 0 0.489334
 0 0.433382
 0 0.487822
 0 0.386146
 0 0.615619
 0 0.388061
 0 0.427973
 0 0.509455
 0 0.498897
 0 0.273294
 0 0.367782
 0 0.489769
 0 0.394527
 0 0.448958
 0 0.592074
 0 0.451226
 0 0.350147
 0 0.416513
 0 0.444903
 0 0.414886
 0 0.529596
 0 0.452556
 0 0.458033
 0 0.475067
 0 0.489347
 0 0.50696
 0 0.407524
 0 0.408949
 0 0.457177
 0 0.407835
 0 0.428389
 0 0.629799
 0 0.324069
 0 0.40806
 0 0.47736
 0 0.3923
 0 0.414642
 0 0.523912
 0 0.4015
 0 0.445742
 0 0.526272
 0 0.439758
 0 0.479348
 0 0.357154
 0 0.334491
 0 0.501319
 0 0.275246
 0 0.445039
 0 0.547437
 0 0.400243
 0 0.499683
 0 0.475104
 0 0.298587
 0 0.395696
 0 0.546824
 0 0.427329
 0 0.522559
 0 0.396777
 0 0.44759
 0 0.43739
 0 0.509925
 0 0.351798
 0 0.541045
 0 0.46919
 0 0.451076
 0 0.446375
 0 0.377882
 0 0.586014
 0 0.502363
 0 0.41343
 0 0.565536
 0 0.338181
 0 0.300529
 0 0.48442
 0 0.429418
 0 0.243556
 0 0.401669
 0 0.490843
 0 0.377414
 0 0.5577
 0 0.434595
 0 0.566647
 0 0.513128
 0 0.532173
 0 0.468564
 0 0.274867
 0 0.447122
 0 0.453075
 0 0.467896
 0 0.452483
 0 0.394616
 0 0.550798
 0 0.393045
 0 0.331566
 0 0.515717
 0 0.44883
 0 0.324422
 0 0.358728
 0 0.493727
 0 0.406705
 0 0.374899
 0 0.274655
 0 0.383627
 0 0.416428
 0 0.44109
 0 0.379632
 0 0.528443
