535 1 0 0 1
 0 0.47576
 0 0.622051
 0 0.433103
 0 0.48456
 0 0.435696
 0 0.475533
 0 0.428275
 0 0.274593
 0 0.62978
 0 0.215242
 0 0.258469
 0 0.333063
 0 0.232456
 0 0.656956
 0 0.573325
 0 0.328563
 0 0.38363
 0 0.423559
 0 0.396649
 0 0.281121
 0 0.553233
 0 0.542628
 0 0.585873
 0 0.460801
 0 0.330765
 0 0.382885
 0 0.305423
 0 0.546867
 0 0.661773
 0 0.280748
 0 0.521247
 0 0.556206
 0 0.57026
 0 0.277976
 0 0.417087
 0 0.423807
 0 0.756752
 0 0.425387
 0 0.340825
 0 0.213686
 0 0.502426
 0 0.202969
 0 0.533964
 0 0.48091
 0 0.281672
 0 0.318226
 0 0.374616
 0 0.379089
 0 0.439222
 0 0.410065
 0 0.371087
 0 0.528105
 0 0.585777
 0 0.598144
 0 0.432432
 0 0.415762
 0 0.333539
 0 0.675634
 0 0.327107
 0 0.742885
 0 0.464499
 0 0.564011
 0 0.258014
 0 0.431576
 0 0.576975
 0 0.569804
 0 0.624211
 0 0.369653
 0 0.410877
 0 0.649746
 0 0.586609
 0 0.426996
 0 0.442691
 0 0.326293
 0 0.442235
 0 0.301978
 0 0.50074
 0 0.353033
 0 0.377162
 0 0.509197
 0 0.429251
 0 0.536725
 0 0.561502
 0 0.494498
 0 0.5293
 0 0.364807
 0 0.394355
 0 0.611317
 0 0.352755
 0 0.40908
 0 0.331124
 0 0.423686
 0 0.493346
 0 0.466457
 0 0.420847
 0 0.484862
 0 0.511728
 0 0.487545
 0 0.228071
 0 0.370768
 0 0.402611
 0 0.230178
 0 0.501608
 0 0.350163
 0 0.384152
 0 0.393878
 0 0.602976
 0 0.463416
 0 0.565862
 0 0.564633
 0 0.363739
 0 0.345745
 0 0.438774
 0 0.45359
 0 0.489216
 0 0.386074
 0 0.394778
 0 0.33201
 0 0.312607
 0 0.474901
 0 0.31275
 0 0.426422
 0 0.534501
 0 0.431718
 0 0.401996
 0 0.553388
 0 0.378116
 0 0.3283
 0 0.219818
 0 0.358361
 0 0.492567
 0 0.310372
 0 0.379435
 0 0.451263
 0 0.503155
 0 0.386833
 0 0.315404
 0 0.339611
 0 0.437159
 0 0.489608
 0 0.46474
 0 0.242625
 0 0.351218
 0 0.315574
 0 0.314991
 0 0.383474
 0 0.237283
 0 0.563705
 0 0.217371
 0 0.520619
 0 0.65585
 0 0.504534
 0 0.445933
 0 0.413619
 0 0.4952
 0 0.343035
 0 0.393428
 0 0.413579
 0 0.398136
 0 0.452792
 0 0.539557
 0 0.379931
 0 0.611542
 0 0.383534
 0 0.375013
 0 0.334516
 0 0.283668
 0 0.236138
 0 0.328854
 0 0.386598
 0 0.307888
 0 0.500464
 0 0.429616
 0 0.442554
 0 0.246385
 0 0.502546
 0 0.515127
 0 0.481031
 0 0.418121
 0 0.818432
 0 0.362564
 0 0.410359
 0 0.340738
 0 0.133021
 0 0.542303
 0 0.527041
 0 0.379023
 0 0.225105
 0 0.554339
 0 0.473764
 0 0.493335
 0 0.442855
 0 0.407535
 0 0.416732
 0 0.370282
 0 0.482677
 0 0.577285
 0 0.341742
 0 0.35429
 0 0.234151
 0 0.563036
 0 0.316715
 0 0.392107
 0 0.442415
 0 0.45847
 0 0.530173
 0 0.269559
 0 0.548208
 0 0.324926
 0 0.332047
 0 0.422338
 0 0.514255
 0 0.49618
 0 0.379367
 0 0.260833
 0 0.377175
 0 0.575258
 0 0.324524
 0 0.458665
 0 0.225245
 0 0.479041
 0 0.425402
 0 0.480184
 0 0.558688
 0 0.417213
 0 0.532205
 0 0.460897
 0 0.354518
 0 0.336773
 0 0.339108
 0 0.306857
 0 0.347548
 0 0.51679
 0 0.384738
 0 0.499256
 0 0.288837
 0 0.365592
 0 0.532182
 0 0.359925
 0 0.402781
 0 0.470738
 0 0.290923
 0 0.337406
 0 0.449004
 0 0.415844
 0 0.414359
 0 0.313117
 0 0.581254
 0 0.316087
 0 0.435979
 0 0.431106
 0 0.443419
 0 0.385762
 0 0.337893
 0 0.350929
 0 0.562456
 0 0.590416
 0 0.296813
 0 0.519817
 0 0.533665
 0 0.509197
 0 0.404077
 0 0.428249
 0 0.434494
 0 0.251183
 0 0.531796
 0 0.548733
 0 0.390802
 0 0.372499
 0 0.437632
 0 0.517874
 0 0.391317
 0 0.32646
 0 0.393332
 0 0.569947
 0 0.485847
 0 0.372568
 0 0.324929
 0 0.366392
 0 0.374919
 0 0.393579
 0 0.455894
 0 0.463214
 0 0.371808
 0 0.461888
 0 0.577636
 0 0.555211
 0 0.504199
 0 0.38883
 0 0.527882
 0 0.494728
 0 0.538265
 0 0.202785
 0 0.336799
 0 0.444098
 0 0.132322
 0 0.437132
 0 0.561672
 0 0.340783
 0 0.412918
 0 0.484386
 0 0.424648
 0 0.48031
 0 0.298527
 0 0.20763
 0 0.41667
 0 0.273069
 0 0.531586
 0 0.299059
 0 0.495225
 0 0.366474
 0 0.336352
 0 0.503566
 0 0.376934
 0 0.242038
 0 0.550491
 0 0.326916
 0 0.311599
 0 0.383408
 0 0.383093
 0 0.445752
 0 0.515389
 0 0.439978
 0 0.34172
 0 0.415023
 0 0.49791
 0 0.353827
 0 0.376094
 0 0.442028
 0 0.401612
 0 0.5744
 0 0.556911
 0 0.523584
 0 0.521349
 0 0.521994
 0 0.284279
 0 0.56568
 0 0.451306
 0 0.519417
 0 0.640844
 0 0.629932
 0 0.247773
 0 0.425722
 0 0.465459
 0 0.338211
 0 0.445382
 0 0.185474
 0 0.499084
 0 0.631022
 0 0.404155
 0 0.338209
 0 0.532967
 0 0.487514
 0 0.3923
 0 0.518227
 0 0.375358
 0 0.354743
 0 0.512292
 0 0.496276
 0 0.470673
 0 0.539995
 0 0.39039
 0 0.368542
 0 0.625971
 0 0.432763
 0 0.387691
 0 0.363442
 0 0.563059
 0 0.376888
 0 0.356337
 0 0.63762
 0 0.232737
 0 0.282514
 0 0.236981
 0 0.671496
 0 0.310464
 0 0.386864
 0 0.395959
 0 0.591651
 0 0.421316
 0 0.397408
 0 0.482689
 0 0.450691
 0 0.401069
 0 0.480708
 0 0.550044
 0 0.469097
 0 0.583454
 0 0.452224
 0 0.638454
 0 0.309656
 0 0.416826
 0 0.480762
 0 0.557874
 0 0.322323
 0 0.530074
 0 0.48387
 0 0.587386
 0 0.540926
 0 0.60629
 0 0.691266
 0 0.567133
 0 0.599209
 0 0.347575
 0 0.489686
 0 0.469933
 0 0.417346
 0 0.55737
 0 0.446043
 0 0.265352
 0 0.408076
 0 0.629189
 0 0.372416
 0 0.526209
 0 0.380354
 0 0.361762
 0 0.386877
 0 0.414742
 0 0.50146
 0 0.384396
 0 0.571679
 0 0.323147
 0 0.410055
 0 0.407437
 0 0.345703
 0 0.381248
 0 0.386942
 0 0.275268
 0 0.462145
 0 0.585131
 0 0.327743
 0 0.290731
 0 0.398058
 0 0.280541
 0 0.257892
 0 0.20864
 0 0.43664
 0 0.77141
 0 0.316679
 0 0.462682
 0 0.331326
 0 0.410081
 0 0.603247
 0 0.362083
 0 0.482898
 0 0.311281
 0 0.308065
 0 0.37907
 0 0.498516
 0 0.461245
 0 0.270511
 0 0.531512
 0 0.288388
 0 0.435404
 0 0.377421
 0 0.403843
 0 0.707613
 0 0.337872
 0 0.61156
 0 0.260016
 0 0.611407
 0 0.500106
 0 0.260718
 0 0.616969
 0 0.436073
 0 0.523279
 0 0.495108
 0 0.348446
 0 0.441873
 0 0.781368
 0 0.435781
 0 0.40385
 0 0.470804
 0 0.440958
 0 0.506513
 0 0.117327
 0 0.318004
 0 0.551735
 0 0.327798
 0 0.260408
 0 0.438152
 0 0.424756
 0 0.525313
 0 0.419789
 0 0.522747
 0 0.396395
 0 0.529792
 0 0.134776
 0 0.247147
 0 0.3698
 0 0.353591
 0 0.341559
 0 0.329546
 0 0.381271
 0 0.336127
 0 0.327814
 0 0.402608
 0 0.409774
 0 0.262513
 0 0.305972
 0 0.470745
 0 0.44203
 0 0.442179
 0 0.5212
 0 0.349566
 0 0.532717
 0 0.594599
 0 0.160018
 0 0.582612
 0 0.358915
 0 0.453403
 0 0.51793
 0 0.364503
 0 0.312389
 0 0.376509
 0 0.447571
 0 0.474521
 0 0.509326
 0 0.465047
 0 0.179813
 0 0.469482
 0 0.470698
 0 0.37044
 0 0.386463
 0 0.573675
 0 0.576549
 0 0.530373
 0 0.524494
 0 0.475901
 0 0.472987
 0 0.267011
 0 0.396402
 0 0.556671
 0 0.554583
 0 0.423036
