535 1 0 0 1
 0 0.35492
 0 0.39697
 0 0.370012
 0 0.440558
 0 0.331918
 0 0.37781
 0 0.370769
 0 0.371564
 0 0.388106
 0 0.327184
 0 0.405459
 0 0.350896
 0 0.40752
 0 0.394969
 0 0.491434
 0 0.419893
 0 0.44578
 0 0.372643
 0 0.412363
 0 0.372392
 0 0.381389
 0 0.38888
 0 0.404559
 0 0.39538
 0 0.385703
 0 0.396193
 0 0.443389
 0 0.417179
 0 0.390303
 0 0.476134
 0 0.483645
 0 0.46881
 0 0.434419
 0 0.272972
 0 0.460497
 0 0.39468
 0 0.459953
 0 0.506862
 0 0.381305
 0 0.424895
 0 0.306618
 0 0.390226
 0 0.392465
 0 0.402247
 0 0.405638
 0 0.404824
 0 0.407964
 0 0.340149
 0 0.357456
 0 0.441317
 0 0.413185
 0 0.402178
 0 0.41788
 0 0.404552
 0 0.370214
 0 0.375809
 0 0.331827
 0 0.35881
 0 0.370131
 0 0.408953
 0 0.361053
 0 0.408066
 0 0.326663
 0 0.427346
 0 0.348151
 0 0.481527
 0 0.372346
 0 0.412095
 0 0.51303
 0 0.350807
 0 0.423439
 0 0.421498
 0 0.365869
 0 0.420401
 0 0.288204
 0 0.37778
 0 0.400953
 0 0.382513
 0 0.349872
 0 0.400256
 0 0.46594
 0 0.433095
 0 0.384312
 0 0.48906
 0 0.451483
 0 0.307769
 0 0.43424
 0 0.412662
 0 0.383444
 0 0.388804
 0 0.383227
 0 0.407994
 0 0.339598
 0 0.337423
 0 0.372155
 0 0.390986
 0 0.385034
 0 0.389518
 0 0.425102
 0 0.455885
 0 0.456735
 0 0.43088
 0 0.400164
 0 0.440817
 0 0.38848
 0 0.449549
 0 0.367784
 0 0.381939
 0 0.381442
 0 0.461057
 0 0.369589
 0 0.42889
 0 0.355484
 0 0.420809
 0 0.462394
 0 0.452553
 0 0.326338
 0 0.408086
 0 0.481154
 0 0.390022
 0 0.442409
 0 0.387835
 0 0.47499
 0 0.420185
 0 0.312312
 0 0.428899
 0 0.401681
 0 0.403506
 0 0.421455
 0 0.378168
 0 0.404961
 0 0.431453
 0 0.414927
 0 0.438528
 0 0.396334
 0 0.444576
 0 0.337883
 0 0.425786
 0 0.427915
 0 0.400549
 0 0.412674
 0 0.335214
 0 0.379404
 0 0.408856
 0 0.378552
 0 0.417394
 0 0.380172
 0 0.470576
 0 0.496467
 0 0.376035
 0 0.42734
 0 0.449984
 0 0.41784
 0 0.374581
 0 0.390884
 0 0.431512
 0 0.388462
 0 0.380151
 0 0.289994
 0 0.413558
 0 0.400885
 0 0.288806
 0 0.472827
 0 0.424317
 0 0.480724
 0 0.364658
 0 0.381931
 0 0.373201
 0 0.41013
 0 0.35982
 0 0.378047
 0 0.455457
 0 0.346924
 0 0.503126
 0 0.320422
 0 0.404908
 0 0.548626
 0 0.353488
 0 0.41967
 0 0.429103
 0 0.409795
 0 0.456923
 0 0.411278
 0 0.455505
 0 0.362698
 0 0.346776
 0 0.385334
 0 0.371042
 0 0.445093
 0 0.319561
 0 0.418388
 0 0.354934
 0 0.447195
 0 0.399217
 0 0.476233
 0 0.46245
 0 0.397976
 0 0.368567
 0 0.361484
 0 0.467251
 0 0.419767
 0 0.51062
 0 0.441974
 0 0.463093
 0 0.38928
 0 0.388766
 0 0.422256
 0 0.450164
 0 0.353478
 0 0.451941
 0 0.482233
 0 0.414885
 0 0.407817
 0 0.485157
 0 0.322546
 0 0.419928
 0 0.436825
 0 0.342329
 0 0.468882
 0 0.410663
 0 0.422709
 0 0.499907
 0 0.445116
 0 0.368208
 0 0.398838
 0 0.396803
 0 0.357715
 0 0.314185
 0 0.316646
 0 0.334031
 0 0.414105
 0 0.391622
 0 0.414807
 0 0.469966
 0 0.28446
 0 0.429208
 0 0.39374
 0 0.444747
 0 0.438339
 0 0.444766
 0 0.397731
 0 0.322796
 0 0.479542
 0 0.364473
 0 0.403649
 0 0.380316
 0 0.435643
 0 0.486523
 0 0.37336
 0 0.395996
 0 0.432215
 0 0.431229
 0 0.464811
 0 0.414435
 0 0.388703
 0 0.443506
 0 0.422797
 0 0.46763
 0 0.398031
 0 0.430707
 0 0.479271
 0 0.460584
 0 0.408957
 0 0.424189
 0 0.350646
 0 0.401632
 0 0.380551
 0 0.413685
 0 0.418792
 0 0.439336
 0 0.426103
 0 0.498331
 0 0.47543
 0 0.46939
 0 0.530255
 0 0.419843
 0 0.391841
 0 0.347819
 0 0.372225
 0 0.372176
 0 0.485804
 0 0.429114
 0 0.342822
 0 0.485803
 0 0.460099
 0 0.43149
 0 0.434101
 0 0.353035
 0 0.389389
 0 0.369444
 0 0.428339
 0 0.377702
 0 0.434503
 0 0.431526
 0 0.357985
 0 0.504216
 0 0.433164
 0 0.503919
 0 0.389276
 0 0.417332
 0 0.349217
 0 0.42659
 0 0.337692
 0 0.401932
 0 0.435178
 0 0.490581
 0 0.460737
 0 0.434747
 0 0.438739
 0 0.419144
 0 0.338512
 0 0.406958
 0 0.398714
 0 0.44214
 0 0.438821
 0 0.462282
 0 0.360855
 0 0.380703
 0 0.409757
 0 0.431488
 0 0.425716
 0 0.38918
 0 0.416311
 0 0.462347
 0 0.45754
 0 0.469066
 0 0.386703
 0 0.367217
 0 0.389731
 0 0.281047
 0 0.443745
 0 0.3688
 0 0.407465
 0 0.44282
 0 0.452882
 0 0.424819
 0 0.35935
 0 0.395508
 0 0.400597
 0 0.429203
 0 0.419405
 0 0.373157
 0 0.413538
 0 0.392603
 0 0.41745
 0 0.3729
 0 0.395881
 0 0.393519
 0 0.435224
 0 0.350103
 0 0.376579
 0 0.404522
 0 0.359239
 0 0.36061
 0 0.381106
 0 0.374174
 0 0.359831
 0 0.458809
 0 0.386515
 0 0.371479
 0 0.297318
 0 0.409354
 0 0.373563
 0 0.482678
 0 0.255493
 0 0.431016
 0 0.347218
 0 0.380464
 0 0.345869
 0 0.487565
 0 0.353193
 0 0.384754
 0 0.400039
 0 0.427812
 0 0.454178
 0 0.387271
 0 0.355275
 0 0.357911
 0 0.418948
 0 0.339794
 0 0.370064
 0 0.474383
 0 0.377602
 0 0.383966
 0 0.396071
 0 0.318853
 0 0.36498
 0 0.357438
 0 0.418861
 0 0.40256
 0 0.441584
 0 0.403664
 0 0.368721
 0 0.429742
 0 0.461945
 0 0.360785
 0 0.364831
 0 0.44702
 0 0.463
 0 0.456547
 0 0.408411
 0 0.498906
 0 0.442281
 0 0.472312
 0 0.351201
 0 0.458381
 0 0.412024
 0 0.466546
 0 0.387854
 0 0.381115
 0 0.296726
 0 0.369029
 0 0.484176
 0 0.509447
 0 0.449344
 0 0.318092
 0 0.434605
 0 0.429903
 0 0.328761
 0 0.455663
 0 0.41432
 0 0.388833
 0 0.447273
 0 0.41548
 0 0.467685
 0 0.397896
 0 0.478123
 0 0.431111
 0 0.427404
 0 0.477111
 0 0.443481
 0 0.419085
 0 0.450042
 0 0.45841
 0 0.350196
 0 0.364218
 0 0.408524
 0 0.316543
 0 0.450793
 0 0.463705
 0 0.394411
 0 0.484876
 0 0.409846
 0 0.382634
 0 0.355612
 0 0.416976
 0 0.342849
 0 0.419884
 0 0.495249
 0 0.444939
 0 0.455322
 0 0.446056
 0 0.383196
 0 0.462745
 0 0.440435
 0 0.460957
 0 0.379944
 0 0.399462
 0 0.419925
 0 0.510069
 0 0.477645
 0 0.409973
 0 0.372161
 0 0.487093
 0 0.287215
 0 0.443469
 0 0.35647
 0 0.404432
 0 0.440931
 0 0.414939
 0 0.530352
 0 0.414769
 0 0.320677
 0 0.474551
 0 0.370585
 0 0.477298
 0 0.472486
 0 0.497921
 0 0.404119
 0 0.483233
 0 0.338733
 0 0.491031
 0 0.435525
 0 0.448321
 0 0.422347
 0 0.406215
 0 0.39532
 0 0.377973
 0 0.384769
 0 0.465692
 0 0.40038
 0 0.445666
 0 0.429368
 0 0.345381
 0 0.390413
 0 0.497058
 0 0.410653
 0 0.357361
 0 0.403618
 0 0.293142
 0 0.359818
 0 0.390116
 0 0.427259
 0 0.3693
 0 0.403085
 0 0.323145
 0 0.361926
 0 0.494893
 0 0.451846
 0 0.450964
 0 0.457072
 0 0.416832
 0 0.41584
 0 0.373748
 0 0.422515
 0 0.446949
 0 0.451724
 0 0.433485
 0 0.350582
 0 0.429558
 0 0.372652
 0 0.426189
 0 0.425249
 0 0.43824
 0 0.407749
 0 0.430492
 0 0.36208
 0 0.413724
 0 0.423518
 0 0.37531
 0 0.423524
 0 0.359597
 0 0.55168
 0 0.401506
 0 0.453802
