535 1 0 0 1
 0 0.453867
 0 0.485826
 0 0.471431
 0 0.482031
 0 0.409925
 0 0.466167
 0 0.443997
 0 0.445741
 0 0.460805
 0 0.389559
 0 0.477265
 0 0.370257
 0 0.372416
 0 0.491625
 0 0.448398
 0 0.456721
 0 0.499598
 0 0.468263
 0 0.372232
 0 0.442296
 0 0.471281
 0 0.439666
 0 0.475747
 0 0.412759
 0 0.450855
 0 0.453156
 0 0.445442
 0 0.459967
 0 0.454759
 0 0.438842
 0 0.509045
 0 0.479886
 0 0.467856
 0 0.400122
 0 0.525528
 0 0.422805
 0 0.435787
 0 0.541797
 0 0.38971
 0 0.447088
 0 0.319455
 0 0.387504
 0 0.464253
 0 0.381344
 0 0.452935
 0 0.381483
 0 0.470791
 0 0.430594
 0 0.371331
 0 0.440093
 0 0.438081
 0 0.484376
 0 0.500548
 0 0.462855
 0 0.384305
 0 0.38072
 0 0.395023
 0 0.476218
 0 0.393476
 0 0.490296
 0 0.413892
 0 0.404948
 0 0.452625
 0 0.394388
 0 0.367642
 0 0.445841
 0 0.34795
 0 0.496753
 0 0.467053
 0 0.398037
 0 0.344838
 0 0.439653
 0 0.346607
 0 0.422994
 0 0.321111
 0 0.366833
 0 0.449122
 0 0.434452
 0 0.407296
 0 0.475477
 0 0.521394
 0 0.407368
 0 0.373049
 0 0.447546
 0 0.441011
 0 0.312522
 0 0.437902
 0 0.411814
 0 0.347651
 0 0.429366
 0 0.353793
 0 0.459373
 0 0.385853
 0 0.378099
 0 0.474398
 0 0.495099
 0 0.337956
 0 0.380897
 0 0.425815
 0 0.459799
 0 0.415017
 0 0.392676
 0 0.416428
 0 0.447272
 0 0.410421
 0 0.415896
 0 0.442502
 0 0.527361
 0 0.439632
 0 0.437596
 0 0.382909
 0 0.381363
 0 0.422863
 0 0.48128
 0 0.369341
 0 0.483599
 0 0.326764
 0 0.469639
 0 0.505475
 0 0.409432
 0 0.529964
 0 0.403516
 0 0.510485
 0 0.450067
 0 0.347703
 0 0.477319
 0 0.428788
 0 0.468647
 0 0.452042
 0 0.396965
 0 0.445503
 0 0.39756
 0 0.427101
 0 0.358172
 0 0.364652
 0 0.492623
 0 0.351828
 0 0.416477
 0 0.445726
 0 0.367258
 0 0.435182
 0 0.403556
 0 0.329399
 0 0.391923
 0 0.349473
 0 0.389676
 0 0.389946
 0 0.437969
 0 0.48781
 0 0.404873
 0 0.47234
 0 0.494826
 0 0.431707
 0 0.334908
 0 0.38933
 0 0.415797
 0 0.431283
 0 0.381119
 0 0.386081
 0 0.558055
 0 0.504938
 0 0.387477
 0 0.441021
 0 0.417623
 0 0.430966
 0 0.430949
 0 0.270644
 0 0.420797
 0 0.421636
 0 0.462974
 0 0.378123
 0 0.518978
 0 0.394331
 0 0.530132
 0 0.312172
 0 0.507505
 0 0.545191
 0 0.433105
 0 0.411735
 0 0.453718
 0 0.402844
 0 0.434188
 0 0.490637
 0 0.483467
 0 0.367007
 0 0.396248
 0 0.388853
 0 0.394712
 0 0.404948
 0 0.337626
 0 0.40435
 0 0.3806
 0 0.522385
 0 0.41871
 0 0.47179
 0 0.500209
 0 0.413932
 0 0.447806
 0 0.349808
 0 0.470488
 0 0.474055
 0 0.330011
 0 0.441039
 0 0.454012
 0 0.51846
 0 0.37262
 0 0.447919
 0 0.512748
 0 0.491783
 0 0.486337
 0 0.394781
 0 0.447729
 0 0.445628
 0 0.504761
 0 0.441496
 0 0.468529
 0 0.458193
 0 0.350751
 0 0.439532
 0 0.496977
 0 0.474373
 0 0.50494
 0 0.402458
 0 0.388034
 0 0.391094
 0 0.391492
 0 0.437504
 0 0.362386
 0 0.391783
 0 0.381903
 0 0.397869
 0 0.422537
 0 0.420072
 0 0.340987
 0 0.416706
 0 0.449389
 0 0.454401
 0 0.46883
 0 0.411381
 0 0.455053
 0 0.446316
 0 0.429771
 0 0.460895
 0 0.335695
 0 0.483617
 0 0.380898
 0 0.488085
 0 0.463585
 0 0.395217
 0 0.494871
 0 0.351218
 0 0.412587
 0 0.501898
 0 0.441691
 0 0.488705
 0 0.549721
 0 0.462149
 0 0.451029
 0 0.539117
 0 0.371353
 0 0.463247
 0 0.4582
 0 0.469679
 0 0.398849
 0 0.323047
 0 0.412768
 0 0.396175
 0 0.437489
 0 0.376231
 0 0.379883
 0 0.460345
 0 0.508206
 0 0.554058
 0 0.475451
 0 0.52804
 0 0.392025
 0 0.395986
 0 0.396502
 0 0.299402
 0 0.424675
 0 0.466392
 0 0.398569
 0 0.396415
 0 0.474256
 0 0.52214
 0 0.335992
 0 0.457034
 0 0.42618
 0 0.471553
 0 0.385648
 0 0.464905
 0 0.393062
 0 0.3951
 0 0.373994
 0 0.405838
 0 0.463462
 0 0.517551
 0 0.520913
 0 0.353673
 0 0.395897
 0 0.253974
 0 0.449081
 0 0.333736
 0 0.393756
 0 0.41159
 0 0.480648
 0 0.4518
 0 0.490639
 0 0.474767
 0 0.415572
 0 0.404931
 0 0.556113
 0 0.445005
 0 0.470423
 0 0.46313
 0 0.548471
 0 0.416978
 0 0.402138
 0 0.395913
 0 0.442008
 0 0.4581
 0 0.432271
 0 0.40764
 0 0.420949
 0 0.383265
 0 0.510567
 0 0.436024
 0 0.375294
 0 0.408456
 0 0.417568
 0 0.481766
 0 0.370805
 0 0.434067
 0 0.469993
 0 0.458605
 0 0.433638
 0 0.331971
 0 0.315057
 0 0.423925
 0 0.407803
 0 0.43029
 0 0.39962
 0 0.43517
 0 0.39696
 0 0.379351
 0 0.422168
 0 0.386523
 0 0.439182
 0 0.490344
 0 0.348783
 0 0.389291
 0 0.544398
 0 0.416855
 0 0.427862
 0 0.415319
 0 0.356161
 0 0.428219
 0 0.525648
 0 0.351082
 0 0.371004
 0 0.269133
 0 0.44284
 0 0.337937
 0 0.45543
 0 0.388867
 0 0.496829
 0 0.415293
 0 0.375086
 0 0.336947
 0 0.550173
 0 0.404033
 0 0.457941
 0 0.404368
 0 0.416567
 0 0.439444
 0 0.437446
 0 0.378721
 0 0.382815
 0 0.454392
 0 0.440663
 0 0.355099
 0 0.480545
 0 0.404475
 0 0.43765
 0 0.451536
 0 0.256506
 0 0.51665
 0 0.372659
 0 0.395935
 0 0.312594
 0 0.414839
 0 0.423823
 0 0.514775
 0 0.490215
 0 0.471857
 0 0.406619
 0 0.447409
 0 0.498844
 0 0.448803
 0 0.522315
 0 0.395861
 0 0.392138
 0 0.459057
 0 0.42145
 0 0.507238
 0 0.445886
 0 0.426481
 0 0.430807
 0 0.406711
 0 0.385966
 0 0.40656
 0 0.400085
 0 0.442168
 0 0.463133
 0 0.413425
 0 0.423264
 0 0.460545
 0 0.457581
 0 0.372442
 0 0.470592
 0 0.441068
 0 0.483109
 0 0.44589
 0 0.490919
 0 0.481401
 0 0.424179
 0 0.494156
 0 0.451454
 0 0.485589
 0 0.499078
 0 0.435527
 0 0.351236
 0 0.53085
 0 0.414751
 0 0.320163
 0 0.38473
 0 0.479759
 0 0.388853
 0 0.455708
 0 0.453252
 0 0.34783
 0 0.492781
 0 0.502811
 0 0.400008
 0 0.43379
 0 0.397424
 0 0.39793
 0 0.417526
 0 0.522798
 0 0.462029
 0 0.42995
 0 0.49076
 0 0.519452
 0 0.529911
 0 0.449688
 0 0.487177
 0 0.424836
 0 0.369717
 0 0.440898
 0 0.479865
 0 0.379783
 0 0.452498
 0 0.419931
 0 0.395387
 0 0.398067
 0 0.533333
 0 0.389564
 0 0.387666
 0 0.405834
 0 0.381321
 0 0.496734
 0 0.423051
 0 0.344982
 0 0.44
 0 0.297998
 0 0.466798
 0 0.483934
 0 0.421519
 0 0.460371
 0 0.43469
 0 0.370854
 0 0.470839
 0 0.401877
 0 0.388717
 0 0.527836
 0 0.412857
 0 0.478172
 0 0.402526
 0 0.443069
 0 0.358189
 0 0.384294
 0 0.449592
 0 0.485088
 0 0.48331
 0 0.422486
 0 0.497449
 0 0.453984
 0 0.350563
 0 0.441339
 0 0.359497
 0 0.300916
 0 0.434907
 0 0.415172
 0 0.349615
 0 0.392302
 0 0.465845
 0 0.353041
 0 0.474496
 0 0.486399
 0 0.447063
 0 0.454092
 0 0.566584
 0 0.425875
 0 0.224246
 0 0.492556
 0 0.487276
 0 0.487771
 0 0.385278
 0 0.36561
 0 0.390656
 0 0.431633
 0 0.386556
 0 0.398266
 0 0.462831
 0 0.396012
 0 0.468491
 0 0.462922
 0 0.471415
 0 0.353269
 0 0.38448
 0 0.374932
 0 0.352587
 0 0.580361
 0 0.387967
 0 0.459
