535 1 0 0 1
 0 0.438181
 0 0.355312
 0 0.487611
 0 0.406045
 0 0.402601
 0 0.375279
 0 0.350055
 0 0.374364
 0 0.4116
 0 0.366078
 0 0.370912
 0 0.366253
 0 0.351061
 0 0.402937
 0 0.46393
 0 0.397056
 0 0.463916
 0 0.403865
 0 0.466535
 0 0.419104
 0 0.39897
 0 0.393668
 0 0.476991
 0 0.37452
 0 0.492564
 0 0.421554
 0 0.420314
 0 0.387049
 0 0.413587
 0 0.433714
 0 0.503498
 0 0.504441
 0 0.412407
 0 0.35838
 0 0.459771
 0 0.412101
 0 0.44804
 0 0.47963
 0 0.389512
 0 0.390742
 0 0.334839
 0 0.372698
 0 0.400963
 0 0.434283
 0 0.348418
 0 0.411435
 0 0.370086
 0 0.369039
 0 0.426938
 0 0.446547
 0 0.410586
 0 0.342764
 0 0.464432
 0 0.43478
 0 0.328333
 0 0.324162
 0 0.439591
 0 0.394782
 0 0.357019
 0 0.395326
 0 0.414704
 0 0.380357
 0 0.327298
 0 0.410757
 0 0.336752
 0 0.379164
 0 0.324662
 0 0.367229
 0 0.480281
 0 0.381347
 0 0.367498
 0 0.446472
 0 0.403433
 0 0.411564
 0 0.319804
 0 0.378953
 0 0.414321
 0 0.364884
 0 0.343695
 0 0.416449
 0 0.422353
 0 0.367136
 0 0.434604
 0 0.389335
 0 0.456525
 0 0.351641
 0 0.432132
 0 0.421198
 0 0.35274
 0 0.385472
 0 0.414299
 0 0.400568
 0 0.36573
 0 0.392521
 0 0.353401
 0 0.446273
 0 0.353949
 0 0.459333
 0 0.412652
 0 0.375062
 0 0.433036
 0 0.485552
 0 0.401803
 0 0.426878
 0 0.372568
 0 0.423254
 0 0.379886
 0 0.372683
 0 0.410659
 0 0.473389
 0 0.34924
 0 0.405714
 0 0.377994
 0 0.474503
 0 0.366672
 0 0.3744
 0 0.25244
 0 0.395077
 0 0.461093
 0 0.445456
 0 0.400222
 0 0.408448
 0 0.386552
 0 0.399372
 0 0.324907
 0 0.469978
 0 0.441558
 0 0.411056
 0 0.427973
 0 0.404567
 0 0.407505
 0 0.44361
 0 0.501293
 0 0.392696
 0 0.416536
 0 0.453571
 0 0.337133
 0 0.401783
 0 0.391214
 0 0.369303
 0 0.429079
 0 0.425574
 0 0.439182
 0 0.40446
 0 0.355048
 0 0.414282
 0 0.358201
 0 0.460583
 0 0.474277
 0 0.406193
 0 0.503786
 0 0.407213
 0 0.464773
 0 0.428945
 0 0.430209
 0 0.449088
 0 0.407875
 0 0.380064
 0 0.320081
 0 0.434656
 0 0.45662
 0 0.405921
 0 0.400807
 0 0.377968
 0 0.493548
 0 0.461237
 0 0.295583
 0 0.416128
 0 0.344729
 0 0.351991
 0 0.310015
 0 0.458956
 0 0.425753
 0 0.50268
 0 0.323558
 0 0.422681
 0 0.474447
 0 0.394233
 0 0.43577
 0 0.441529
 0 0.413617
 0 0.450114
 0 0.364145
 0 0.48264
 0 0.334703
 0 0.412529
 0 0.415356
 0 0.393175
 0 0.357662
 0 0.32027
 0 0.3628
 0 0.369524
 0 0.535751
 0 0.420693
 0 0.462106
 0 0.464962
 0 0.403587
 0 0.380994
 0 0.37803
 0 0.487109
 0 0.419613
 0 0.530134
 0 0.431527
 0 0.485515
 0 0.42318
 0 0.345083
 0 0.488313
 0 0.444051
 0 0.332778
 0 0.360746
 0 0.496183
 0 0.369769
 0 0.390721
 0 0.492045
 0 0.423335
 0 0.467102
 0 0.471743
 0 0.350195
 0 0.455195
 0 0.381332
 0 0.457535
 0 0.445108
 0 0.473645
 0 0.466953
 0 0.427549
 0 0.383866
 0 0.473314
 0 0.329565
 0 0.315303
 0 0.385051
 0 0.453344
 0 0.31962
 0 0.394375
 0 0.43109
 0 0.374598
 0 0.415572
 0 0.377111
 0 0.459598
 0 0.404074
 0 0.394588
 0 0.414458
 0 0.365623
 0 0.416791
 0 0.334177
 0 0.407995
 0 0.323321
 0 0.375269
 0 0.419581
 0 0.360016
 0 0.451608
 0 0.437126
 0 0.459566
 0 0.448587
 0 0.483497
 0 0.424624
 0 0.469702
 0 0.434989
 0 0.427287
 0 0.385404
 0 0.430095
 0 0.421841
 0 0.420708
 0 0.454684
 0 0.382988
 0 0.405096
 0 0.396886
 0 0.41767
 0 0.48355
 0 0.438052
 0 0.396162
 0 0.435301
 0 0.519217
 0 0.459072
 0 0.500233
 0 0.458602
 0 0.383277
 0 0.391013
 0 0.334818
 0 0.423445
 0 0.413911
 0 0.426099
 0 0.414017
 0 0.389139
 0 0.515814
 0 0.493735
 0 0.327382
 0 0.347496
 0 0.373425
 0 0.399624
 0 0.382155
 0 0.430076
 0 0.348998
 0 0.409472
 0 0.339131
 0 0.418374
 0 0.471477
 0 0.426011
 0 0.431428
 0 0.371015
 0 0.402089
 0 0.41932
 0 0.413626
 0 0.374362
 0 0.375079
 0 0.328335
 0 0.3742
 0 0.436698
 0 0.475831
 0 0.458135
 0 0.423135
 0 0.395009
 0 0.413391
 0 0.409825
 0 0.4313
 0 0.411526
 0 0.405046
 0 0.465514
 0 0.410458
 0 0.368402
 0 0.439485
 0 0.444986
 0 0.426382
 0 0.453737
 0 0.460967
 0 0.420567
 0 0.492852
 0 0.402722
 0 0.33756
 0 0.457499
 0 0.337365
 0 0.430138
 0 0.385705
 0 0.467149
 0 0.448433
 0 0.384772
 0 0.379066
 0 0.366421
 0 0.396385
 0 0.397233
 0 0.470334
 0 0.48176
 0 0.453689
 0 0.398638
 0 0.424031
 0 0.462811
 0 0.286576
 0 0.408835
 0 0.366615
 0 0.40167
 0 0.374095
 0 0.330212
 0 0.427809
 0 0.442088
 0 0.399966
 0 0.396487
 0 0.363387
 0 0.344095
 0 0.397883
 0 0.380979
 0 0.383966
 0 0.30259
 0 0.438519
 0 0.35306
 0 0.523034
 0 0.271871
 0 0.482805
 0 0.442203
 0 0.354253
 0 0.413142
 0 0.454935
 0 0.278276
 0 0.354817
 0 0.344866
 0 0.451888
 0 0.410571
 0 0.330903
 0 0.456496
 0 0.442141
 0 0.423235
 0 0.404701
 0 0.342219
 0 0.444656
 0 0.422188
 0 0.403522
 0 0.425913
 0 0.397821
 0 0.385454
 0 0.378541
 0 0.450055
 0 0.404329
 0 0.425053
 0 0.403703
 0 0.400449
 0 0.413289
 0 0.510876
 0 0.367667
 0 0.400265
 0 0.42213
 0 0.475147
 0 0.463853
 0 0.426628
 0 0.416676
 0 0.467768
 0 0.426673
 0 0.410174
 0 0.376922
 0 0.438843
 0 0.410802
 0 0.370583
 0 0.33775
 0 0.339544
 0 0.348091
 0 0.482624
 0 0.493021
 0 0.391071
 0 0.326921
 0 0.492691
 0 0.399386
 0 0.311331
 0 0.388328
 0 0.401507
 0 0.37394
 0 0.397129
 0 0.453284
 0 0.403485
 0 0.419063
 0 0.422296
 0 0.428884
 0 0.432779
 0 0.444193
 0 0.428834
 0 0.372147
 0 0.437673
 0 0.38494
 0 0.396423
 0 0.429142
 0 0.447242
 0 0.371991
 0 0.41788
 0 0.404538
 0 0.422757
 0 0.426698
 0 0.443179
 0 0.382465
 0 0.413606
 0 0.393839
 0 0.425808
 0 0.473407
 0 0.447998
 0 0.32866
 0 0.419301
 0 0.484167
 0 0.485493
 0 0.487297
 0 0.446099
 0 0.501063
 0 0.355675
 0 0.373173
 0 0.359229
 0 0.547653
 0 0.369823
 0 0.439807
 0 0.358792
 0 0.371936
 0 0.387007
 0 0.459942
 0 0.408667
 0 0.364943
 0 0.455392
 0 0.392165
 0 0.512046
 0 0.415527
 0 0.326705
 0 0.458783
 0 0.324601
 0 0.396645
 0 0.472085
 0 0.480899
 0 0.451181
 0 0.410171
 0 0.424192
 0 0.503828
 0 0.414859
 0 0.402706
 0 0.518064
 0 0.390168
 0 0.422095
 0 0.366026
 0 0.444168
 0 0.396977
 0 0.432452
 0 0.445537
 0 0.451856
 0 0.402733
 0 0.321698
 0 0.457511
 0 0.407317
 0 0.378283
 0 0.463712
 0 0.327729
 0 0.346061
 0 0.390262
 0 0.407739
 0 0.346078
 0 0.382933
 0 0.408317
 0 0.41988
 0 0.490403
 0 0.481063
 0 0.414741
 0 0.463215
 0 0.466048
 0 0.401629
 0 0.289644
 0 0.420713
 0 0.432692
 0 0.453395
 0 0.434942
 0 0.387643
 0 0.441221
 0 0.362168
 0 0.396945
 0 0.426646
 0 0.457151
 0 0.368773
 0 0.379692
 0 0.34955
 0 0.382098
 0 0.449992
 0 0.346011
 0 0.373177
 0 0.363619
 0 0.505189
 0 0.421197
 0 0.445986
