535 1 0 0 1
 0 0.87691
 0 0.90864
 0 0.965696
 0 0.834511
 0 1.03773
 0 0.884724
 0 0.887344
 0 0.873893
 0 0.938584
 0 0.757394
 0 0.853765
 0 0.797723
 0 0.8145
 0 1.03945
 0 0.739859
 0 0.881235
 0 1.00112
 0 0.920209
 0 0.807006
 0 0.883915
 0 1.05852
 0 1.04006
 0 0.891851
 0 0.884701
 0 0.909928
 0 0.965349
 0 1.00929
 0 0.868125
 0 0.97541
 0 0.727165
 0 0.975649
 0 0.97937
 0 0.969703
 0 0.850034
 0 0.989749
 0 0.916374
 0 0.891106
 0 1.08161
 0 0.782968
 0 0.947785
 0 0.74182
 0 0.765522
 0 0.93829
 0 0.888514
 0 0.895705
 0 0.807998
 0 0.860985
 0 0.837585
 0 0.829063
 0 0.945134
 0 0.889008
 0 1.08192
 0 1.00989
 0 0.998692
 0 0.708874
 0 0.717698
 0 0.734354
 0 1.03925
 0 0.844011
 0 1.00739
 0 0.776385
 0 0.883552
 0 0.877463
 0 0.826108
 0 0.834233
 0 0.893368
 0 0.794445
 0 1.00533
 0 0.917947
 0 0.824611
 0 0.709625
 0 0.867066
 0 0.818361
 0 0.898328
 0 0.692093
 0 0.719188
 0 0.789587
 0 0.805247
 0 0.817902
 0 0.90171
 0 1.02978
 0 0.71334
 0 0.799932
 0 0.904674
 0 1.02476
 0 0.667751
 0 0.775956
 0 0.948393
 0 0.776205
 0 0.926177
 0 0.766865
 0 0.928225
 0 0.912965
 0 0.832997
 0 0.895713
 0 0.963894
 0 0.834178
 0 0.859323
 0 0.856498
 0 0.838191
 0 0.801406
 0 0.880317
 0 0.882299
 0 0.8794
 0 0.936181
 0 0.850369
 0 0.853071
 0 1.01186
 0 0.988496
 0 0.905848
 0 0.742285
 0 0.858088
 0 0.759676
 0 0.960055
 0 0.688821
 0 0.923824
 0 0.638666
 0 0.90119
 0 1.05261
 0 0.86599
 0 0.939533
 0 0.859272
 0 1.03102
 0 0.899385
 0 0.690369
 0 1.01219
 0 0.931497
 0 0.906064
 0 0.853092
 0 0.791502
 0 0.945079
 0 0.912104
 0 0.811779
 0 0.783923
 0 0.788828
 0 0.864716
 0 0.796478
 0 0.862493
 0 0.963606
 0 0.781259
 0 0.838669
 0 0.831215
 0 0.71958
 0 0.827275
 0 0.836591
 0 0.933607
 0 0.759639
 0 0.953378
 0 0.918258
 0 0.86737
 0 1.10453
 0 0.982697
 0 0.803853
 0 0.775481
 0 0.87562
 0 0.834548
 0 0.813879
 0 0.769913
 0 0.844682
 0 1.1016
 0 0.932676
 0 0.809448
 0 0.961412
 0 0.72377
 0 0.90558
 0 0.820509
 0 0.537398
 0 0.962241
 0 0.759262
 0 0.921836
 0 0.685898
 0 1.06659
 0 0.841727
 0 0.991125
 0 0.651062
 0 0.915794
 0 1.16014
 0 0.930284
 0 0.89983
 0 0.906905
 0 0.759211
 0 0.960602
 0 0.907421
 0 0.982015
 0 0.803692
 0 0.752148
 0 0.879631
 0 0.732061
 0 0.970403
 0 0.776663
 0 0.855027
 0 0.761766
 0 1.05664
 0 0.822307
 0 0.99653
 0 1.03617
 0 0.879927
 0 0.853263
 0 0.80878
 0 0.973075
 0 1.1068
 0 0.76484
 0 0.924906
 0 0.829661
 0 1.03002
 0 0.775965
 0 0.892278
 0 1.07621
 0 0.98214
 0 0.925381
 0 0.999682
 0 0.870825
 0 0.839459
 0 0.923346
 0 0.9768
 0 0.919795
 0 0.897993
 0 0.649037
 0 0.961185
 0 1.00782
 0 0.987484
 0 0.985124
 0 0.860534
 0 0.873497
 0 0.859917
 0 0.873658
 0 0.885889
 0 0.756645
 0 0.798505
 0 0.861505
 0 0.748887
 0 0.842835
 0 0.794945
 0 0.775038
 0 0.811391
 0 0.99611
 0 0.817849
 0 0.920123
 0 0.865273
 0 0.890049
 0 0.81422
 0 0.848062
 0 0.850344
 0 0.801887
 0 0.957848
 0 0.712601
 0 0.950886
 0 0.907015
 0 0.823387
 0 0.908895
 0 0.811422
 0 0.814553
 0 0.839369
 0 0.96933
 0 0.90199
 0 1.20302
 0 1.01669
 0 0.938618
 0 1.00326
 0 0.854429
 0 1.00392
 0 0.916662
 0 0.95171
 0 0.941062
 0 0.677003
 0 0.932693
 0 0.844537
 0 0.882813
 0 0.848983
 0 0.714691
 0 0.964378
 0 0.989843
 0 1.12133
 0 0.947793
 0 1.00439
 0 0.855198
 0 0.874916
 0 0.817202
 0 0.693873
 0 0.920138
 0 0.948559
 0 0.729383
 0 0.854337
 0 0.855688
 0 1.01719
 0 0.815224
 0 0.967593
 0 0.838457
 0 0.827651
 0 0.734688
 0 1.06561
 0 0.875549
 0 0.728481
 0 0.790618
 0 0.783841
 0 0.991774
 0 0.913363
 0 0.990609
 0 0.726628
 0 0.780529
 0 0.642199
 0 0.806739
 0 0.714236
 0 0.773389
 0 0.882274
 0 0.879121
 0 0.85461
 0 0.944681
 0 0.941794
 0 0.798238
 0 0.831886
 0 0.990547
 0 1.0422
 0 0.953866
 0 0.93789
 0 0.998845
 0 0.75302
 0 0.751805
 0 0.829461
 0 0.835515
 0 0.91879
 0 0.829637
 0 0.857346
 0 0.833666
 0 0.855696
 0 1.06514
 0 0.9503
 0 0.714791
 0 0.675909
 0 0.843772
 0 0.976506
 0 0.814065
 0 0.89616
 0 0.848756
 0 0.875018
 0 0.920332
 0 0.750885
 0 0.660153
 0 0.891872
 0 0.896905
 0 1.01688
 0 0.809109
 0 0.874989
 0 0.861828
 0 0.852641
 0 0.714526
 0 0.764955
 0 0.966198
 0 0.899075
 0 0.872283
 0 0.731967
 0 1.19559
 0 0.822532
 0 0.908236
 0 0.895038
 0 0.869209
 0 0.662723
 0 0.969793
 0 0.683253
 0 0.789455
 0 0.557763
 0 0.954178
 0 0.713289
 0 0.84178
 0 0.812428
 0 1.05489
 0 0.9982
 0 0.712495
 0 0.787334
 0 1.11225
 0 0.904588
 0 0.882503
 0 0.759852
 0 0.876865
 0 0.798295
 0 0.73885
 0 0.911518
 0 0.747758
 0 0.959777
 0 0.954243
 0 0.72101
 0 1.04814
 0 0.814249
 0 0.859821
 0 0.896646
 0 0.685539
 0 0.984369
 0 0.767165
 0 0.848371
 0 0.7659
 0 0.881347
 0 0.752061
 0 1.03931
 0 0.940212
 0 0.974496
 0 0.84845
 0 1.05579
 0 1.00259
 0 0.944805
 0 0.863195
 0 0.894454
 0 0.821307
 0 0.952325
 0 0.797617
 0 0.94503
 0 0.837508
 0 0.946273
 0 0.928906
 0 0.844215
 0 0.818782
 0 0.831425
 0 0.815504
 0 0.902818
 0 1.04488
 0 0.808082
 0 0.856707
 0 0.909434
 0 0.858797
 0 0.804465
 0 0.987667
 0 0.974941
 0 1.03572
 0 0.885007
 0 0.876951
 0 0.94188
 0 0.844484
 0 0.922211
 0 0.854825
 0 0.962157
 0 1.03488
 0 0.910069
 0 0.743331
 0 0.989945
 0 0.895691
 0 0.699656
 0 0.805827
 0 1.01422
 0 0.916357
 0 0.750391
 0 0.880527
 0 0.779622
 0 0.939206
 0 1.04356
 0 0.881511
 0 0.955293
 0 0.829796
 0 0.843074
 0 0.780271
 0 1.12506
 0 0.920272
 0 0.922712
 0 0.97888
 0 0.958989
 0 1.05918
 0 0.849873
 0 0.849863
 0 0.834838
 0 0.739512
 0 0.805369
 0 0.925061
 0 0.860483
 0 0.903582
 0 0.704418
 0 0.863575
 0 0.86194
 0 0.983928
 0 0.821101
 0 0.863645
 0 0.824115
 0 0.819502
 0 1.09175
 0 0.739763
 0 0.772717
 0 0.891668
 0 0.685923
 0 0.855415
 0 0.928229
 0 0.768888
 0 1.01264
 0 0.889404
 0 0.857946
 0 0.943137
 0 0.768335
 0 0.749399
 0 0.985587
 0 0.797958
 0 0.901043
 0 0.798654
 0 0.925669
 0 0.855304
 0 0.87829
 0 0.867386
 0 0.851698
 0 0.975598
 0 0.860693
 0 0.999473
 0 0.905884
 0 0.784558
 0 0.8517
 0 0.692873
 0 0.554125
 0 0.971228
 0 0.753634
 0 0.809201
 0 0.759839
 0 0.924051
 0 0.815608
 0 0.891657
 0 0.917819
 0 0.95339
 0 0.923677
 0 1.01107
 0 0.707963
 0 0.482497
 0 0.933403
 0 0.96438
 0 0.995448
 0 0.768284
 0 0.654926
 0 0.732943
 0 0.853212
 0 0.822221
 0 0.901155
 0 0.800109
 0 0.766361
 0 0.948112
 0 0.819911
 0 0.838732
 0 0.732335
 0 0.793429
 0 0.801357
 0 0.8267
 0 1.13093
 0 0.911804
 0 0.874073
