535 1 0 0 1
 0 0.934649
 0 0.79594
 0 0.940449
 0 0.833217
 0 0.852939
 0 0.799507
 0 0.745548
 0 0.740181
 0 0.822856
 0 0.692747
 0 0.818527
 0 0.761577
 0 0.765695
 0 0.879748
 0 0.879672
 0 0.800701
 0 0.890934
 0 0.825026
 0 0.875749
 0 0.830418
 0 0.813807
 0 0.829941
 0 0.880607
 0 0.851817
 0 0.911131
 0 0.827866
 0 0.893419
 0 0.86476
 0 0.871958
 0 0.875727
 0 0.895404
 0 0.952168
 0 0.915089
 0 0.807951
 0 0.965072
 0 0.845872
 0 0.988366
 0 0.972484
 0 0.784649
 0 0.803381
 0 0.749777
 0 0.838705
 0 0.825908
 0 0.889874
 0 0.757739
 0 0.818124
 0 0.71789
 0 0.761466
 0 0.773302
 0 0.880786
 0 0.919311
 0 0.758929
 0 0.903274
 0 0.917694
 0 0.782288
 0 0.618285
 0 0.860044
 0 0.816051
 0 0.744189
 0 0.804287
 0 0.77352
 0 0.863591
 0 0.705752
 0 0.8158
 0 0.750307
 0 0.8595
 0 0.73244
 0 0.831922
 0 1.03061
 0 0.838109
 0 0.765457
 0 0.875955
 0 0.827235
 0 0.929477
 0 0.773191
 0 0.757443
 0 0.854478
 0 0.74339
 0 0.758657
 0 0.806409
 0 0.850002
 0 0.810704
 0 0.884577
 0 0.817446
 0 0.887404
 0 0.710273
 0 0.838216
 0 0.929164
 0 0.744389
 0 0.843482
 0 0.824987
 0 0.942771
 0 0.719203
 0 0.780038
 0 0.654326
 0 0.917072
 0 0.828932
 0 0.832193
 0 0.858583
 0 0.802205
 0 0.799314
 0 0.953354
 0 0.788633
 0 0.919431
 0 0.717888
 0 0.921919
 0 0.792568
 0 0.795761
 0 0.885201
 0 1.03452
 0 0.667705
 0 0.802729
 0 0.778406
 0 0.821364
 0 0.864805
 0 0.778258
 0 0.706235
 0 0.779146
 0 0.932275
 0 0.895379
 0 0.892923
 0 0.805409
 0 0.832362
 0 0.910535
 0 0.77938
 0 0.950744
 0 0.893121
 0 0.843174
 0 0.870744
 0 0.839399
 0 0.860918
 0 0.898484
 0 0.91665
 0 0.74908
 0 0.814795
 0 0.916496
 0 0.727104
 0 0.839928
 0 0.765009
 0 0.836134
 0 0.805805
 0 0.8045
 0 0.892371
 0 0.809159
 0 0.773388
 0 0.851153
 0 0.758592
 0 0.970783
 0 0.880673
 0 0.823199
 0 0.9994
 0 0.833486
 0 0.884977
 0 0.853639
 0 0.928472
 0 0.860221
 0 0.822367
 0 0.758277
 0 0.763669
 0 0.854833
 0 0.801677
 0 0.795231
 0 0.94624
 0 0.756531
 0 1.01497
 0 0.848735
 0 0.689669
 0 0.870904
 0 0.755927
 0 0.826982
 0 0.742657
 0 0.917267
 0 0.863591
 0 1.01329
 0 0.757813
 0 0.890425
 0 0.961556
 0 0.793365
 0 0.84818
 0 0.881807
 0 0.843801
 0 0.88059
 0 0.895206
 0 0.989903
 0 0.808357
 0 0.741099
 0 0.778032
 0 0.776282
 0 0.807396
 0 0.725256
 0 0.821849
 0 0.857443
 0 0.963609
 0 0.848317
 0 0.986362
 0 0.937509
 0 0.815925
 0 0.771564
 0 0.721751
 0 0.91785
 0 0.851036
 0 0.950072
 0 0.843731
 0 0.917698
 0 0.809229
 0 0.787661
 0 0.940642
 0 0.953456
 0 0.804827
 0 0.814581
 0 1.04989
 0 0.748548
 0 0.822727
 0 0.889652
 0 0.869597
 0 0.887396
 0 0.890295
 0 0.707244
 0 0.906619
 0 0.8643
 0 0.903226
 0 0.934533
 0 0.966071
 0 0.939529
 0 0.799518
 0 0.853695
 0 0.915746
 0 0.652785
 0 0.61699
 0 0.808292
 0 0.969661
 0 0.698517
 0 0.760332
 0 0.853927
 0 0.801178
 0 0.88041
 0 0.733767
 0 0.957334
 0 0.859202
 0 0.787959
 0 0.856835
 0 0.720902
 0 0.774455
 0 0.788512
 0 0.823456
 0 0.703818
 0 0.813609
 0 0.848289
 0 0.814865
 0 0.822947
 0 0.899731
 0 0.858382
 0 0.908859
 0 0.899386
 0 0.816268
 0 0.875735
 0 0.848778
 0 0.868107
 0 0.838467
 0 0.946534
 0 0.920848
 0 0.892794
 0 0.914141
 0 0.849776
 0 0.85502
 0 0.774601
 0 0.834265
 0 0.921664
 0 0.863807
 0 0.800915
 0 0.915888
 0 0.948905
 0 0.967417
 0 1.01484
 0 0.916776
 0 0.765243
 0 0.845611
 0 0.692877
 0 0.84285
 0 0.869626
 0 0.910243
 0 0.890441
 0 0.813774
 0 0.974896
 0 1.05736
 0 0.745447
 0 0.735054
 0 0.747919
 0 0.764871
 0 0.857985
 0 0.831238
 0 0.849028
 0 0.870939
 0 0.777348
 0 0.829004
 0 0.869819
 0 0.804591
 0 0.933342
 0 0.811325
 0 0.80442
 0 0.805855
 0 0.850974
 0 0.8113
 0 0.801663
 0 0.859652
 0 0.870138
 0 0.912983
 0 0.930662
 0 0.915337
 0 0.80889
 0 0.90135
 0 0.881694
 0 0.825562
 0 0.871989
 0 0.814121
 0 0.860903
 0 0.76858
 0 0.827288
 0 0.746363
 0 0.848219
 0 0.976787
 0 0.803148
 0 0.924352
 0 0.970918
 0 0.87571
 0 0.940024
 0 0.819462
 0 0.68161
 0 0.895806
 0 0.618915
 0 0.95488
 0 0.832906
 0 0.911008
 0 0.855622
 0 0.836488
 0 0.792513
 0 0.80711
 0 0.781593
 0 0.83619
 0 0.8793
 0 0.898397
 0 0.842056
 0 0.833632
 0 0.818623
 0 0.879429
 0 0.650239
 0 0.856124
 0 0.756812
 0 0.847693
 0 0.81859
 0 0.73417
 0 0.872809
 0 0.856674
 0 0.847095
 0 0.925112
 0 0.82698
 0 0.706064
 0 0.865389
 0 0.804503
 0 0.814479
 0 0.673923
 0 0.902961
 0 0.791066
 0 0.977654
 0 0.648918
 0 0.966543
 0 0.888604
 0 0.787462
 0 0.897637
 0 0.90915
 0 0.668408
 0 0.804889
 0 0.800391
 0 0.864594
 0 0.895913
 0 0.728676
 0 0.88913
 0 0.878244
 0 0.844288
 0 0.80883
 0 0.732946
 0 0.89077
 0 0.830773
 0 0.924292
 0 0.867251
 0 0.76579
 0 0.796156
 0 0.742431
 0 0.929096
 0 0.898182
 0 0.858468
 0 0.76874
 0 0.816137
 0 0.853796
 0 0.913207
 0 0.848539
 0 0.854063
 0 0.880048
 0 0.947756
 0 0.878848
 0 0.827079
 0 0.902147
 0 0.931085
 0 0.862003
 0 0.803473
 0 0.729847
 0 0.86005
 0 0.883574
 0 0.729787
 0 0.756301
 0 0.659858
 0 0.712219
 0 0.998979
 0 0.964425
 0 0.821973
 0 0.692114
 0 0.924603
 0 0.820935
 0 0.673756
 0 0.850728
 0 0.878794
 0 0.789093
 0 0.840186
 0 0.890158
 0 0.858818
 0 0.851794
 0 0.858285
 0 0.90614
 0 0.866831
 0 0.875657
 0 0.877325
 0 0.838991
 0 0.898769
 0 0.814386
 0 0.766636
 0 0.871884
 0 0.908939
 0 0.77037
 0 0.842044
 0 0.869005
 0 0.820896
 0 0.866636
 0 0.860722
 0 0.820216
 0 0.822669
 0 0.815373
 0 0.81221
 0 0.927672
 0 0.984792
 0 0.73575
 0 0.918492
 0 0.963747
 0 0.940564
 0 0.973035
 0 0.824833
 0 0.999979
 0 0.841066
 0 0.797249
 0 0.886192
 0 1.11091
 0 0.847506
 0 0.931833
 0 0.721254
 0 0.769437
 0 0.81979
 0 0.952071
 0 0.791354
 0 0.757558
 0 0.858209
 0 0.851883
 0 1.03464
 0 0.812677
 0 0.65402
 0 0.928932
 0 0.81454
 0 0.778145
 0 1.00502
 0 0.928776
 0 0.870392
 0 0.834334
 0 0.860365
 0 0.913063
 0 0.816901
 0 0.865769
 0 1.00788
 0 0.858653
 0 0.793111
 0 0.854215
 0 0.844537
 0 0.872511
 0 0.917641
 0 0.956401
 0 0.898578
 0 0.816102
 0 0.776571
 0 0.891378
 0 0.809346
 0 0.842079
 0 0.91043
 0 0.690047
 0 0.748057
 0 0.857145
 0 0.821161
 0 0.799774
 0 0.875716
 0 0.745574
 0 0.819005
 0 0.89445
 0 0.93432
 0 0.792135
 0 0.89301
 0 0.882121
 0 0.753218
 0 0.642262
 0 0.818812
 0 0.913862
 0 0.887176
 0 0.907024
 0 0.761697
 0 0.926329
 0 0.765401
 0 0.873929
 0 0.857326
 0 0.85463
 0 0.749199
 0 0.85276
 0 0.750151
 0 0.830621
 0 0.901829
 0 0.795817
 0 0.792679
 0 0.763375
 0 0.995132
 0 0.847627
 0 0.901858
