535 1 0 0 1
 0 0.375722
 0 0.415689
 0 0.400549
 0 0.35133
 0 0.357998
 0 0.367306
 0 0.406195
 0 0.346025
 0 0.368984
 0 0.3231
 0 0.338791
 0 0.306912
 0 0.406352
 0 0.4121
 0 0.380205
 0 0.419158
 0 0.440333
 0 0.279846
 0 0.321616
 0 0.433642
 0 0.412147
 0 0.320104
 0 0.347751
 0 0.420657
 0 0.386845
 0 0.392305
 0 0.395325
 0 0.422552
 0 0.43934
 0 0.38071
 0 0.439936
 0 0.440093
 0 0.410927
 0 0.377481
 0 0.406811
 0 0.399572
 0 0.463204
 0 0.499393
 0 0.405604
 0 0.408137
 0 0.360713
 0 0.425129
 0 0.395189
 0 0.36102
 0 0.306248
 0 0.33749
 0 0.407265
 0 0.405791
 0 0.328715
 0 0.415689
 0 0.441786
 0 0.484367
 0 0.46229
 0 0.470431
 0 0.336653
 0 0.396737
 0 0.365807
 0 0.287631
 0 0.401462
 0 0.349612
 0 0.412423
 0 0.409442
 0 0.3201
 0 0.310605
 0 0.380514
 0 0.33616
 0 0.290033
 0 0.34812
 0 0.472444
 0 0.396598
 0 0.374624
 0 0.366058
 0 0.368088
 0 0.437162
 0 0.381622
 0 0.388846
 0 0.401896
 0 0.403465
 0 0.321335
 0 0.441231
 0 0.439675
 0 0.401029
 0 0.325907
 0 0.408963
 0 0.395648
 0 0.381072
 0 0.337565
 0 0.415788
 0 0.381109
 0 0.355274
 0 0.444222
 0 0.409685
 0 0.351333
 0 0.37156
 0 0.385209
 0 0.445271
 0 0.365141
 0 0.363731
 0 0.460387
 0 0.398028
 0 0.371813
 0 0.371689
 0 0.312869
 0 0.519065
 0 0.385755
 0 0.412742
 0 0.410717
 0 0.368147
 0 0.347596
 0 0.392964
 0 0.4041
 0 0.48566
 0 0.415556
 0 0.419662
 0 0.358308
 0 0.385847
 0 0.306335
 0 0.349475
 0 0.384686
 0 0.329374
 0 0.389481
 0 0.359219
 0 0.470428
 0 0.398986
 0 0.369669
 0 0.455102
 0 0.404926
 0 0.440622
 0 0.421009
 0 0.345731
 0 0.413422
 0 0.397349
 0 0.44801
 0 0.441243
 0 0.447135
 0 0.328455
 0 0.369937
 0 0.405131
 0 0.388322
 0 0.322303
 0 0.452514
 0 0.370638
 0 0.375864
 0 0.408998
 0 0.361742
 0 0.398027
 0 0.391385
 0 0.470759
 0 0.521507
 0 0.407834
 0 0.340104
 0 0.422582
 0 0.41774
 0 0.43705
 0 0.42754
 0 0.384731
 0 0.324093
 0 0.409054
 0 0.269986
 0 0.519613
 0 0.456859
 0 0.445861
 0 0.435763
 0 0.418903
 0 0.475265
 0 0.34183
 0 0.333298
 0 0.381429
 0 0.385571
 0 0.375422
 0 0.318357
 0 0.484142
 0 0.379409
 0 0.390985
 0 0.369322
 0 0.468674
 0 0.474377
 0 0.412694
 0 0.396065
 0 0.279201
 0 0.421089
 0 0.5074
 0 0.353158
 0 0.471362
 0 0.328295
 0 0.289788
 0 0.330995
 0 0.402813
 0 0.35706
 0 0.350931
 0 0.337847
 0 0.37778
 0 0.375634
 0 0.403068
 0 0.445676
 0 0.364057
 0 0.330674
 0 0.399168
 0 0.348425
 0 0.443139
 0 0.374735
 0 0.461268
 0 0.356298
 0 0.397942
 0 0.294363
 0 0.366495
 0 0.428143
 0 0.449961
 0 0.346925
 0 0.412727
 0 0.449269
 0 0.369149
 0 0.342187
 0 0.421037
 0 0.421794
 0 0.373597
 0 0.48631
 0 0.345188
 0 0.444762
 0 0.470534
 0 0.516037
 0 0.411259
 0 0.466604
 0 0.397792
 0 0.443404
 0 0.423869
 0 0.329822
 0 0.410817
 0 0.374782
 0 0.410566
 0 0.396565
 0 0.30105
 0 0.43399
 0 0.402019
 0 0.390146
 0 0.447769
 0 0.499604
 0 0.43183
 0 0.388711
 0 0.374617
 0 0.366154
 0 0.366042
 0 0.476091
 0 0.38735
 0 0.350405
 0 0.334594
 0 0.388089
 0 0.366471
 0 0.410184
 0 0.439597
 0 0.393139
 0 0.453024
 0 0.501295
 0 0.512293
 0 0.449769
 0 0.438934
 0 0.457785
 0 0.298321
 0 0.402043
 0 0.329365
 0 0.433947
 0 0.445329
 0 0.427362
 0 0.392112
 0 0.369905
 0 0.401312
 0 0.331414
 0 0.362047
 0 0.43241
 0 0.3946
 0 0.415006
 0 0.444691
 0 0.408828
 0 0.472975
 0 0.406591
 0 0.339738
 0 0.299863
 0 0.317423
 0 0.44416
 0 0.433482
 0 0.447509
 0 0.345411
 0 0.341591
 0 0.41046
 0 0.469793
 0 0.393767
 0 0.400695
 0 0.379058
 0 0.43873
 0 0.34663
 0 0.42423
 0 0.334015
 0 0.435284
 0 0.372885
 0 0.375184
 0 0.401145
 0 0.372073
 0 0.403891
 0 0.368594
 0 0.44948
 0 0.361259
 0 0.362958
 0 0.355609
 0 0.387652
 0 0.416456
 0 0.448255
 0 0.430735
 0 0.372308
 0 0.423428
 0 0.48712
 0 0.347919
 0 0.403147
 0 0.381869
 0 0.492407
 0 0.383758
 0 0.395534
 0 0.409177
 0 0.390837
 0 0.413451
 0 0.357542
 0 0.43688
 0 0.44359
 0 0.348784
 0 0.459429
 0 0.497499
 0 0.428861
 0 0.343976
 0 0.421389
 0 0.42781
 0 0.387882
 0 0.375882
 0 0.376248
 0 0.388497
 0 0.399597
 0 0.392043
 0 0.373953
 0 0.348918
 0 0.349367
 0 0.390503
 0 0.356896
 0 0.407248
 0 0.417183
 0 0.436498
 0 0.452501
 0 0.391893
 0 0.35083
 0 0.469906
 0 0.353914
 0 0.463847
 0 0.45189
 0 0.4021
 0 0.44468
 0 0.425782
 0 0.338234
 0 0.436459
 0 0.311751
 0 0.327013
 0 0.384436
 0 0.432039
 0 0.426969
 0 0.351583
 0 0.465093
 0 0.404452
 0 0.391349
 0 0.387859
 0 0.45267
 0 0.445812
 0 0.368145
 0 0.383537
 0 0.509799
 0 0.364632
 0 0.347489
 0 0.391218
 0 0.455248
 0 0.427792
 0 0.369085
 0 0.353825
 0 0.371691
 0 0.388238
 0 0.422768
 0 0.382912
 0 0.446375
 0 0.33376
 0 0.423187
 0 0.37906
 0 0.324632
 0 0.464364
 0 0.2687
 0 0.291668
 0 0.312769
 0 0.440314
 0 0.45668
 0 0.334461
 0 0.482218
 0 0.427909
 0 0.391059
 0 0.342024
 0 0.422378
 0 0.420598
 0 0.422702
 0 0.33169
 0 0.384719
 0 0.392897
 0 0.406791
 0 0.392415
 0 0.449852
 0 0.347515
 0 0.358124
 0 0.382156
 0 0.289603
 0 0.316135
 0 0.269528
 0 0.434254
 0 0.445852
 0 0.410198
 0 0.310916
 0 0.367391
 0 0.421649
 0 0.371805
 0 0.445353
 0 0.367879
 0 0.356984
 0 0.411492
 0 0.425953
 0 0.379347
 0 0.416783
 0 0.446717
 0 0.404529
 0 0.475303
 0 0.381767
 0 0.362361
 0 0.380014
 0 0.47228
 0 0.365
 0 0.31781
 0 0.404405
 0 0.420272
 0 0.392207
 0 0.446702
 0 0.36233
 0 0.423559
 0 0.44148
 0 0.361598
 0 0.429957
 0 0.403355
 0 0.44526
 0 0.42023
 0 0.45313
 0 0.449071
 0 0.369612
 0 0.489222
 0 0.47654
 0 0.411905
 0 0.410292
 0 0.453046
 0 0.453702
 0 0.344749
 0 0.379159
 0 0.362099
 0 0.443129
 0 0.388416
 0 0.375785
 0 0.336303
 0 0.327674
 0 0.390984
 0 0.436944
 0 0.409992
 0 0.363521
 0 0.340067
 0 0.388263
 0 0.456985
 0 0.433227
 0 0.376984
 0 0.49348
 0 0.363362
 0 0.4334
 0 0.367684
 0 0.433173
 0 0.411881
 0 0.339433
 0 0.350149
 0 0.531494
 0 0.459252
 0 0.354782
 0 0.442299
 0 0.350997
 0 0.423749
 0 0.422796
 0 0.437252
 0 0.420145
 0 0.432176
 0 0.432648
 0 0.314566
 0 0.431032
 0 0.424316
 0 0.462223
 0 0.320075
 0 0.354541
 0 0.339105
 0 0.288747
 0 0.425962
 0 0.390938
 0 0.343781
 0 0.36756
 0 0.354943
 0 0.402965
 0 0.386461
 0 0.417737
 0 0.347932
 0 0.392494
 0 0.39467
 0 0.405028
 0 0.353514
 0 0.388809
 0 0.434528
 0 0.449244
 0 0.455714
 0 0.423394
 0 0.44868
 0 0.458371
 0 0.365524
 0 0.40797
 0 0.44875
 0 0.480705
 0 0.366143
 0 0.377423
 0 0.341065
 0 0.455413
 0 0.407449
 0 0.362849
 0 0.386805
 0 0.333604
 0 0.420877
 0 0.41858
 0 0.39555
