535 1 0 0 1
 0 0.966848
 0 1.26414
 0 0.88016
 0 0.984732
 0 0.88543
 0 0.966387
 0 0.870349
 0 0.558033
 0 1.27985
 0 0.437419
 0 0.525266
 0 0.676857
 0 0.472401
 0 1.33508
 0 1.16512
 0 0.667712
 0 0.77962
 0 0.860765
 0 0.806078
 0 0.571299
 0 1.12429
 0 1.10274
 0 1.19062
 0 0.936448
 0 0.672187
 0 0.778106
 0 0.620686
 0 1.11135
 0 1.34487
 0 0.570541
 0 1.05929
 0 1.13033
 0 1.15889
 0 0.564908
 0 0.847612
 0 0.861269
 0 1.53789
 0 0.864479
 0 0.692631
 0 0.434257
 0 1.02104
 0 0.412477
 0 1.08513
 0 0.977314
 0 0.572419
 0 0.646705
 0 0.761302
 0 0.770392
 0 0.892595
 0 0.833342
 0 0.75413
 0 1.07322
 0 1.19043
 0 1.21556
 0 0.878796
 0 0.844919
 0 0.677824
 0 1.37304
 0 0.664753
 0 1.5097
 0 0.943964
 0 1.14619
 0 0.524341
 0 0.877057
 0 1.17254
 0 1.15797
 0 1.26853
 0 0.751216
 0 0.834992
 0 1.32043
 0 1.19212
 0 0.867749
 0 0.899645
 0 0.663099
 0 0.898718
 0 0.613685
 0 1.01761
 0 0.71744
 0 0.766476
 0 1.0348
 0 0.872332
 0 1.09074
 0 1.14109
 0 1.00493
 0 1.07565
 0 0.741368
 0 0.801416
 0 1.24233
 0 0.716875
 0 0.83134
 0 0.672916
 0 0.861023
 0 1.00259
 0 0.947943
 0 0.855253
 0 0.985346
 0 1.03994
 0 0.990798
 0 0.46349
 0 0.753482
 0 0.818194
 0 0.467772
 0 1.01938
 0 0.711608
 0 0.780681
 0 0.800446
 0 1.22538
 0 0.941763
 0 1.14996
 0 1.14746
 0 0.739197
 0 0.702629
 0 0.891685
 0 0.921794
 0 0.994194
 0 0.784587
 0 0.802275
 0 0.674717
 0 0.635286
 0 0.965103
 0 0.635576
 0 0.866583
 0 1.08622
 0 0.877345
 0 0.816944
 0 1.12461
 0 0.768414
 0 0.667177
 0 0.446718
 0 0.728268
 0 1.001
 0 0.630744
 0 0.771095
 0 0.917065
 0 1.02252
 0 0.786129
 0 0.64097
 0 0.690164
 0 0.888403
 0 0.994991
 0 0.944453
 0 0.493067
 0 0.713752
 0 0.641315
 0 0.640131
 0 0.779303
 0 0.482211
 0 1.14557
 0 0.441745
 0 1.05801
 0 1.33283
 0 1.02532
 0 0.906233
 0 0.840564
 0 1.00635
 0 0.697122
 0 0.799532
 0 0.840483
 0 0.809099
 0 0.920172
 0 1.0965
 0 0.772103
 0 1.24279
 0 0.779425
 0 0.762108
 0 0.67981
 0 0.576475
 0 0.479884
 0 0.668303
 0 0.785652
 0 0.625696
 0 1.01705
 0 0.873074
 0 0.899367
 0 0.500708
 0 1.02128
 0 1.04685
 0 0.97756
 0 0.849713
 0 1.66323
 0 0.736809
 0 0.833939
 0 0.692454
 0 0.270328
 0 1.10208
 0 1.07106
 0 0.770258
 0 0.457463
 0 1.12654
 0 0.962792
 0 1.00256
 0 0.899978
 0 0.8282
 0 0.846891
 0 0.752494
 0 0.980905
 0 1.17317
 0 0.694495
 0 0.719995
 0 0.475846
 0 1.14421
 0 0.643634
 0 0.796847
 0 0.899084
 0 0.931711
 0 1.07743
 0 0.547803
 0 1.11408
 0 0.660321
 0 0.674792
 0 0.858283
 0 1.04508
 0 1.00835
 0 0.770957
 0 0.53007
 0 0.766502
 0 1.16905
 0 0.659504
 0 0.932108
 0 0.457747
 0 0.973516
 0 0.86451
 0 0.975839
 0 1.13538
 0 0.847868
 0 1.08156
 0 0.936644
 0 0.720458
 0 0.684396
 0 0.689142
 0 0.623601
 0 0.706294
 0 1.05023
 0 0.781872
 0 1.0146
 0 0.58698
 0 0.742963
 0 1.08151
 0 0.731446
 0 0.818539
 0 0.956643
 0 0.591219
 0 0.685683
 0 0.912474
 0 0.845086
 0 0.842068
 0 0.636322
 0 1.18124
 0 0.642358
 0 0.886005
 0 0.876102
 0 0.901124
 0 0.783953
 0 0.686673
 0 0.713165
 0 1.14303
 0 1.19985
 0 0.603189
 0 1.05638
 0 1.08452
 0 1.0348
 0 0.821173
 0 0.870296
 0 0.882987
 0 0.510459
 0 1.08073
 0 1.11515
 0 0.794195
 0 0.756999
 0 0.889364
 0 1.05243
 0 0.795242
 0 0.663438
 0 0.799337
 0 1.15826
 0 0.987347
 0 0.75714
 0 0.660327
 0 0.744589
 0 0.761917
 0 0.799839
 0 0.926476
 0 0.941352
 0 0.755595
 0 0.938657
 0 1.17388
 0 1.12831
 0 1.02464
 0 0.790188
 0 1.07277
 0 1.0054
 0 1.09387
 0 0.412103
 0 0.684449
 0 0.902504
 0 0.268907
 0 0.888348
 0 1.14144
 0 0.692546
 0 0.83914
 0 0.984378
 0 0.862978
 0 0.976095
 0 0.606672
 0 0.42195
 0 0.846765
 0 0.554936
 0 1.0803
 0 0.607753
 0 1.00641
 0 0.744755
 0 0.683541
 0 1.02336
 0 0.766012
 0 0.491874
 0 1.11872
 0 0.664365
 0 0.633237
 0 0.779169
 0 0.778529
 0 0.905866
 0 1.04738
 0 0.894132
 0 0.69445
 0 0.843418
 0 1.01186
 0 0.719054
 0 0.764305
 0 0.898298
 0 0.816163
 0 1.16731
 0 1.13177
 0 1.06404
 0 1.0595
 0 1.06081
 0 0.577717
 0 1.14959
 0 0.917153
 0 1.05557
 0 1.30234
 0 1.28016
 0 0.503529
 0 0.86516
 0 0.945915
 0 0.687319
 0 0.905114
 0 0.376924
 0 1.01425
 0 1.28237
 0 0.821331
 0 0.687315
 0 1.08311
 0 0.990735
 0 0.797239
 0 1.05315
 0 0.76281
 0 0.720915
 0 1.04109
 0 1.00854
 0 0.956511
 0 1.09739
 0 0.793358
 0 0.748958
 0 1.27211
 0 0.879469
 0 0.787873
 0 0.738594
 0 1.14426
 0 0.765919
 0 0.724155
 0 1.29578
 0 0.472973
 0 0.57413
 0 0.481597
 0 1.36463
 0 0.630931
 0 0.786192
 0 0.804675
 0 1.20236
 0 0.856206
 0 0.80762
 0 0.98093
 0 0.915903
 0 0.81506
 0 0.976904
 0 1.11781
 0 0.953308
 0 1.18571
 0 0.919018
 0 1.29748
 0 0.629289
 0 0.847082
 0 0.977014
 0 1.13372
 0 0.655031
 0 1.07723
 0 0.98333
 0 1.1937
 0 1.09928
 0 1.23211
 0 1.4048
 0 1.15254
 0 1.21772
 0 0.706348
 0 0.995149
 0 0.955007
 0 0.848138
 0 1.1327
 0 0.906457
 0 0.539253
 0 0.8293
 0 1.27865
 0 0.756831
 0 1.06937
 0 0.772963
 0 0.73518
 0 0.786219
 0 0.842846
 0 1.01908
 0 0.781177
 0 1.16178
 0 0.656705
 0 0.833321
 0 0.828001
 0 0.702544
 0 0.774779
 0 0.786351
 0 0.559405
 0 0.93918
 0 1.18911
 0 0.666045
 0 0.590829
 0 0.808941
 0 0.570121
 0 0.524093
 0 0.424002
 0 0.887348
 0 1.56767
 0 0.643561
 0 0.940271
 0 0.673327
 0 0.833374
 0 1.22593
 0 0.735832
 0 0.981354
 0 0.632591
 0 0.626055
 0 0.770353
 0 1.01309
 0 0.937351
 0 0.549738
 0 1.08015
 0 0.586068
 0 0.884836
 0 0.767002
 0 0.820697
 0 1.43802
 0 0.68663
 0 1.24282
 0 0.528409
 0 1.24251
 0 1.01632
 0 0.529836
 0 1.25382
 0 0.886196
 0 1.06342
 0 1.00617
 0 0.708119
 0 0.897983
 0 1.58791
 0 0.885602
 0 0.820712
 0 0.956777
 0 0.896123
 0 1.02935
 0 0.238434
 0 0.646254
 0 1.12125
 0 0.666157
 0 0.529206
 0 0.890421
 0 0.863197
 0 1.06755
 0 0.853103
 0 1.06234
 0 0.805561
 0 1.07665
 0 0.273894
 0 0.502257
 0 0.751515
 0 0.718574
 0 0.694123
 0 0.66971
 0 0.774826
 0 0.683084
 0 0.66619
 0 0.818188
 0 0.83275
 0 0.533484
 0 0.621802
 0 0.956657
 0 0.898302
 0 0.898604
 0 1.05919
 0 0.710395
 0 1.0826
 0 1.20836
 0 0.325192
 0 1.184
 0 0.729394
 0 0.921414
 0 1.05255
 0 0.74075
 0 0.634843
 0 0.765149
 0 0.909562
 0 0.96433
 0 1.03506
 0 0.945077
 0 0.365419
 0 0.95409
 0 0.956561
 0 0.752815
 0 0.785377
 0 1.16583
 0 1.17167
 0 1.07783
 0 1.06589
 0 0.967135
 0 0.961213
 0 0.542625
 0 0.805576
 0 1.13128
 0 1.12703
 0 0.859702
