535 1 0 0 1
 0 0.70984
 0 0.79394
 0 0.740024
 0 0.881116
 0 0.663836
 0 0.75562
 0 0.741538
 0 0.743128
 0 0.776212
 0 0.654368
 0 0.810918
 0 0.701792
 0 0.81504
 0 0.789938
 0 0.982868
 0 0.839786
 0 0.89156
 0 0.745286
 0 0.824726
 0 0.744784
 0 0.762778
 0 0.77776
 0 0.809118
 0 0.79076
 0 0.771406
 0 0.792386
 0 0.886778
 0 0.834358
 0 0.780606
 0 0.952268
 0 0.96729
 0 0.93762
 0 0.868838
 0 0.545944
 0 0.920994
 0 0.78936
 0 0.919906
 0 1.01372
 0 0.76261
 0 0.84979
 0 0.613236
 0 0.780452
 0 0.78493
 0 0.804494
 0 0.811276
 0 0.809648
 0 0.815928
 0 0.680298
 0 0.714912
 0 0.882634
 0 0.82637
 0 0.804356
 0 0.83576
 0 0.809104
 0 0.740428
 0 0.751618
 0 0.663654
 0 0.71762
 0 0.740262
 0 0.817906
 0 0.722106
 0 0.816132
 0 0.653326
 0 0.854692
 0 0.696302
 0 0.963054
 0 0.744692
 0 0.82419
 0 1.02606
 0 0.701614
 0 0.846878
 0 0.842996
 0 0.731738
 0 0.840802
 0 0.576408
 0 0.75556
 0 0.801906
 0 0.765026
 0 0.699744
 0 0.800512
 0 0.93188
 0 0.86619
 0 0.768624
 0 0.97812
 0 0.902966
 0 0.615538
 0 0.86848
 0 0.825324
 0 0.766888
 0 0.777608
 0 0.766454
 0 0.815988
 0 0.679196
 0 0.674846
 0 0.74431
 0 0.781972
 0 0.770068
 0 0.779036
 0 0.850204
 0 0.91177
 0 0.91347
 0 0.86176
 0 0.800328
 0 0.881634
 0 0.77696
 0 0.899098
 0 0.735568
 0 0.763878
 0 0.762884
 0 0.922114
 0 0.739178
 0 0.85778
 0 0.710968
 0 0.841618
 0 0.924788
 0 0.905106
 0 0.652676
 0 0.816172
 0 0.962308
 0 0.780044
 0 0.884818
 0 0.77567
 0 0.94998
 0 0.84037
 0 0.624624
 0 0.857798
 0 0.803362
 0 0.807012
 0 0.84291
 0 0.756336
 0 0.809922
 0 0.862906
 0 0.829854
 0 0.877056
 0 0.792668
 0 0.889152
 0 0.675766
 0 0.851572
 0 0.85583
 0 0.801098
 0 0.825348
 0 0.670428
 0 0.758808
 0 0.817712
 0 0.757104
 0 0.834788
 0 0.760344
 0 0.941152
 0 0.992934
 0 0.75207
 0 0.85468
 0 0.899968
 0 0.83568
 0 0.749162
 0 0.781768
 0 0.863024
 0 0.776924
 0 0.760302
 0 0.579988
 0 0.827116
 0 0.80177
 0 0.577612
 0 0.945654
 0 0.848634
 0 0.961448
 0 0.729316
 0 0.763862
 0 0.746402
 0 0.82026
 0 0.71964
 0 0.756094
 0 0.910914
 0 0.693848
 0 1.00625
 0 0.640844
 0 0.809816
 0 1.09725
 0 0.706976
 0 0.83934
 0 0.858206
 0 0.81959
 0 0.913846
 0 0.822556
 0 0.91101
 0 0.725396
 0 0.693552
 0 0.770668
 0 0.742084
 0 0.890186
 0 0.639122
 0 0.836776
 0 0.709868
 0 0.89439
 0 0.798434
 0 0.952466
 0 0.9249
 0 0.795952
 0 0.737134
 0 0.722968
 0 0.934502
 0 0.839534
 0 1.02124
 0 0.883948
 0 0.926186
 0 0.77856
 0 0.777532
 0 0.844512
 0 0.900328
 0 0.706956
 0 0.903882
 0 0.964466
 0 0.82977
 0 0.815634
 0 0.970314
 0 0.645092
 0 0.839856
 0 0.87365
 0 0.684658
 0 0.937764
 0 0.821326
 0 0.845418
 0 0.999814
 0 0.890232
 0 0.736416
 0 0.797676
 0 0.793606
 0 0.71543
 0 0.62837
 0 0.633292
 0 0.668062
 0 0.82821
 0 0.783244
 0 0.829614
 0 0.939932
 0 0.56892
 0 0.858416
 0 0.78748
 0 0.889494
 0 0.876678
 0 0.889532
 0 0.795462
 0 0.645592
 0 0.959084
 0 0.728946
 0 0.807298
 0 0.760632
 0 0.871286
 0 0.973046
 0 0.74672
 0 0.791992
 0 0.86443
 0 0.862458
 0 0.929622
 0 0.82887
 0 0.777406
 0 0.887012
 0 0.845594
 0 0.93526
 0 0.796062
 0 0.861414
 0 0.958542
 0 0.921168
 0 0.817914
 0 0.848378
 0 0.701292
 0 0.803264
 0 0.761102
 0 0.82737
 0 0.837584
 0 0.878672
 0 0.852206
 0 0.996662
 0 0.95086
 0 0.93878
 0 1.06051
 0 0.839686
 0 0.783682
 0 0.695638
 0 0.74445
 0 0.744352
 0 0.971608
 0 0.858228
 0 0.685644
 0 0.971606
 0 0.920198
 0 0.86298
 0 0.868202
 0 0.70607
 0 0.778778
 0 0.738888
 0 0.856678
 0 0.755404
 0 0.869006
 0 0.863052
 0 0.71597
 0 1.00843
 0 0.866328
 0 1.00784
 0 0.778552
 0 0.834664
 0 0.698434
 0 0.85318
 0 0.675384
 0 0.803864
 0 0.870356
 0 0.981162
 0 0.921474
 0 0.869494
 0 0.877478
 0 0.838288
 0 0.677024
 0 0.813916
 0 0.797428
 0 0.88428
 0 0.877642
 0 0.924564
 0 0.72171
 0 0.761406
 0 0.819514
 0 0.862976
 0 0.851432
 0 0.77836
 0 0.832622
 0 0.924694
 0 0.91508
 0 0.938132
 0 0.773406
 0 0.734434
 0 0.779462
 0 0.562094
 0 0.88749
 0 0.7376
 0 0.81493
 0 0.88564
 0 0.905764
 0 0.849638
 0 0.7187
 0 0.791016
 0 0.801194
 0 0.858406
 0 0.83881
 0 0.746314
 0 0.827076
 0 0.785206
 0 0.8349
 0 0.7458
 0 0.791762
 0 0.787038
 0 0.870448
 0 0.700206
 0 0.753158
 0 0.809044
 0 0.718478
 0 0.72122
 0 0.762212
 0 0.748348
 0 0.719662
 0 0.917618
 0 0.77303
 0 0.742958
 0 0.594636
 0 0.818708
 0 0.747126
 0 0.965356
 0 0.510986
 0 0.862032
 0 0.694436
 0 0.760928
 0 0.691738
 0 0.97513
 0 0.706386
 0 0.769508
 0 0.800078
 0 0.855624
 0 0.908356
 0 0.774542
 0 0.71055
 0 0.715822
 0 0.837896
 0 0.679588
 0 0.740128
 0 0.948766
 0 0.755204
 0 0.767932
 0 0.792142
 0 0.637706
 0 0.72996
 0 0.714876
 0 0.837722
 0 0.80512
 0 0.883168
 0 0.807328
 0 0.737442
 0 0.859484
 0 0.92389
 0 0.72157
 0 0.729662
 0 0.89404
 0 0.926
 0 0.913094
 0 0.816822
 0 0.997812
 0 0.884562
 0 0.944624
 0 0.702402
 0 0.916762
 0 0.824048
 0 0.933092
 0 0.775708
 0 0.76223
 0 0.593452
 0 0.738058
 0 0.968352
 0 1.01889
 0 0.898688
 0 0.636184
 0 0.86921
 0 0.859806
 0 0.657522
 0 0.911326
 0 0.82864
 0 0.777666
 0 0.894546
 0 0.83096
 0 0.93537
 0 0.795792
 0 0.956246
 0 0.862222
 0 0.854808
 0 0.954222
 0 0.886962
 0 0.83817
 0 0.900084
 0 0.91682
 0 0.700392
 0 0.728436
 0 0.817048
 0 0.633086
 0 0.901586
 0 0.92741
 0 0.788822
 0 0.969752
 0 0.819692
 0 0.765268
 0 0.711224
 0 0.833952
 0 0.685698
 0 0.839768
 0 0.990498
 0 0.889878
 0 0.910644
 0 0.892112
 0 0.766392
 0 0.92549
 0 0.88087
 0 0.921914
 0 0.759888
 0 0.798924
 0 0.83985
 0 1.02014
 0 0.95529
 0 0.819946
 0 0.744322
 0 0.974186
 0 0.57443
 0 0.886938
 0 0.71294
 0 0.808864
 0 0.881862
 0 0.829878
 0 1.0607
 0 0.829538
 0 0.641354
 0 0.949102
 0 0.74117
 0 0.954596
 0 0.944972
 0 0.995842
 0 0.808238
 0 0.966466
 0 0.677466
 0 0.982062
 0 0.87105
 0 0.896642
 0 0.844694
 0 0.81243
 0 0.79064
 0 0.755946
 0 0.769538
 0 0.931384
 0 0.80076
 0 0.891332
 0 0.858736
 0 0.690762
 0 0.780826
 0 0.994116
 0 0.821306
 0 0.714722
 0 0.807236
 0 0.586284
 0 0.719636
 0 0.780232
 0 0.854518
 0 0.7386
 0 0.80617
 0 0.64629
 0 0.723852
 0 0.989786
 0 0.903692
 0 0.901928
 0 0.914144
 0 0.833664
 0 0.83168
 0 0.747496
 0 0.84503
 0 0.893898
 0 0.903448
 0 0.86697
 0 0.701164
 0 0.859116
 0 0.745304
 0 0.852378
 0 0.850498
 0 0.87648
 0 0.815498
 0 0.860984
 0 0.72416
 0 0.827448
 0 0.847036
 0 0.75062
 0 0.847048
 0 0.719194
 0 1.10336
 0 0.803012
 0 0.907604
