535 1 0 0 1
 0 0.524654
 0 0.340405
 0 0.417673
 0 0.461773
 0 0.643016
 0 0.379712
 0 0.501366
 0 0.859844
 0 0.646561
 0 0.572124
 0 0.494276
 0 0.477073
 0 0.400701
 0 0.360171
 0 0.407312
 0 0.449433
 0 0.294519
 0 0.451694
 0 0.710153
 0 0.37709
 0 0.89453
 0 0.424058
 0 0.480078
 0 0.56803
 0 0.583118
 0 0.412264
 0 0.486072
 0 0.616239
 0 0.523379
 0 0.300752
 0 0.616983
 0 0.560724
 0 0.723111
 0 0.372791
 0 0.624042
 0 0.257635
 0 0.759851
 0 0.339219
 0 0.429228
 0 0.171139
 0 0.258991
 0 0.475087
 0 0.723804
 0 0.514221
 0 0.639568
 0 0.586299
 0 0.338381
 0 0.52926
 0 0.558317
 0 0.641572
 0 0.322807
 0 0.34944
 0 0.669764
 0 0.633598
 0 0.444673
 0 0.473618
 0 0.501629
 0 0.571822
 0 0.549144
 0 0.594401
 0 0.318585
 0 0.562216
 0 0.420511
 0 0.497075
 0 0.594915
 0 0.792369
 0 0.640954
 0 0.234556
 0 0.115103
 0 0.585239
 0 0.293205
 0 0.510832
 0 0.339567
 0 0.424075
 0 0.493641
 0 0.137478
 0 0.470184
 0 0.292553
 0 0.267332
 0 0.550369
 0 0.562016
 0 0.501166
 0 0.477159
 0 0.470063
 0 0.758645
 0 0.295968
 0 0.226853
 0 0.380468
 0 0.461606
 0 0.348653
 0 0.330059
 0 0.485131
 0 0.546967
 0 0.274779
 0 0.584673
 0 0.511382
 0 0.510109
 0 0.597659
 0 0.285113
 0 0.390819
 0 0.319089
 0 0.462816
 0 0.39809
 0 0.316697
 0 0.424413
 0 0.248259
 0 0.495868
 0 0.675243
 0 0.541472
 0 0.696971
 0 0.212412
 0 0.534522
 0 0.780894
 0 0.431476
 0 0.468215
 0 0.19056
 0 0.32957
 0 0.327151
 0 0.334955
 0 0.746121
 0 0.76845
 0 0.46481
 0 0.71145
 0 0.333775
 0 0.486564
 0 0.493811
 0 0.676315
 0 0.392761
 0 0.470135
 0 0.43268
 0 0.391177
 0 0.529005
 0 0.500245
 0 0.314497
 0 0.409608
 0 0.647939
 0 0.216531
 0 0.435188
 0 0.647318
 0 0.58372
 0 0.671105
 0 0.529203
 0 0.532925
 0 0.453121
 0 0.405169
 0 0.503552
 0 0.10847
 0 0.692842
 0 0.468984
 0 0.496408
 0 0.292849
 0 0.346857
 0 0.432879
 0 0.206025
 0 0.449859
 0 0.327924
 0 0.240166
 0 0.393544
 0 0.618657
 0 0.400661
 0 0.58649
 0 0.586859
 0 0.503691
 0 0.394797
 0 0.141044
 0 0.484339
 0 0.396038
 0 0.34288
 0 0.634646
 0 0.496546
 0 0.324877
 0 0.602233
 0 0.425303
 0 0.574209
 0 0.266692
 0 0.384312
 0 0.496546
 0 0.36126
 0 0.549931
 0 0.643817
 0 0.355029
 0 0.435599
 0 0.438442
 0 0.236423
 0 0.26088
 0 0.431574
 0 0.432681
 0 0.42824
 0 0.655997
 0 0.671152
 0 0.286412
 0 0.353247
 0 0.633876
 0 0.439936
 0 0.311456
 0 0.48779
 0 0.562216
 0 0.478043
 0 0.487019
 0 0.476733
 0 0.707448
 0 0.216966
 0 0.466171
 0 0.402115
 0 0.578275
 0 0.336745
 0 0.026952
 0 0.124238
 0 0.380782
 0 0.495593
 0 0.551409
 0 0.128177
 0 0.453522
 0 0.467286
 0 0.573998
 0 0.308358
 0 0.476059
 0 0.477395
 0 0.2773
 0 0.232974
 0 0.817498
 0 0.334543
 0 0.288438
 0 0.106509
 0 0.352114
 0 0.375218
 0 0.455689
 0 0.285133
 0 0.790863
 0 0.582009
 0 0.483259
 0 0.20625
 0 0.544051
 0 0.410363
 0 0.443645
 0 0.552166
 0 0.399916
 0 0.643403
 0 0.472552
 0 0.731925
 0 0.590461
 0 0.240761
 0 0.451191
 0 0.628878
 0 0.38099
 0 0.334023
 0 0.478777
 0 0.704666
 0 0.31568
 0 0.428243
 0 0.534755
 0 0.270653
 0 0.132852
 0 0.318571
 0 0.770448
 0 0.554904
 0 0.645517
 0 0.39932
 0 0.560132
 0 0.822686
 0 0.640539
 0 0.391048
 0 0.304727
 0 0.552935
 0 0.49011
 0 0.593274
 0 0.520419
 0 0.673067
 0 0.379483
 0 0.284141
 0 0.775473
 0 0.47435
 0 0.261558
 0 0.365226
 0 0.529176
 0 0.383849
 0 0.612579
 0 0.458925
 0 0.198717
 0 0.616261
 0 0.693251
 0 0.263078
 0 0.527692
 0 0.371216
 0 0.229387
 0 0.228953
 0 0.454612
 0 0.453463
 0 0.55746
 0 0.282276
 0 0.321112
 0 0.531321
 0 0.38025
 0 0.579834
 0 0.449593
 0 0.477453
 0 0.373281
 0 0.510302
 0 0.015855
 0 0.468426
 0 0.750924
 0 0.0953849
 0 0.33091
 0 0.180309
 0 0.458859
 0 0.405084
 0 0.215125
 0 0.70588
 0 0.568038
 0 0.639046
 0 0.389336
 0 0.341613
 0 0.507706
 0 0.618811
 0 0.555754
 0 0.484484
 0 0.336226
 0 0.417513
 0 0.334743
 0 0.534308
 0 0.442629
 0 0.425013
 0 0.252643
 0 0.605912
 0 0.596331
 0 0.559712
 0 0.571298
 0 0.436045
 0 0.361812
 0 0.304223
 0 0.497772
 0 0.426803
 0 -0.193253
 0 0.637393
 0 0.432464
 0 0.363806
 0 0.644117
 0 0.321765
 0 0.258288
 0 0.607787
 0 0.622701
 0 0.426059
 0 0.481426
 0 0.376236
 0 0.290825
 0 0.508518
 0 0.205879
 0 0.388597
 0 0.493168
 0 0.288582
 0 0.335148
 0 0.738825
 0 0.695505
 0 0.253868
 0 0.368831
 0 0.333843
 0 0.379371
 0 0.456472
 0 0.510926
 0 0.705898
 0 0.0278747
 0 0.350629
 0 0.0179289
 0 0.543232
 0 0.496986
 0 0.417582
 0 0.452778
 0 0.335451
 0 0.176597
 0 0.436522
 0 0.586588
 0 0.169168
 0 0.245229
 0 0.580081
 0 0.4903
 0 0.493842
 0 0.627664
 0 0.371749
 0 0.51257
 0 0.556361
 0 0.409259
 0 0.404415
 0 0.595412
 0 0.604455
 0 0.672296
 0 0.232861
 0 0.577512
 0 0.25449
 0 0.391594
 0 0.552412
 0 0.457525
 0 0.493857
 0 0.566858
 0 0.494211
 0 0.542573
 0 0.42478
 0 0.398602
 0 0.662422
 0 0.240523
 0 0.413153
 0 0.598515
 0 0.600288
 0 0.351012
 0 0.247102
 0 0.628381
 0 0.322561
 0 0.570046
 0 0.720978
 0 0.666903
 0 0.358869
 0 0.261695
 0 0.479741
 0 0.393378
 0 0.471895
 0 0.255432
 0 0.270635
 0 0.470241
 0 0.277765
 0 0.545563
 0 0.414639
 0 0.329906
 0 0.633195
 0 0.382139
 0 0.495744
 0 0.393402
 0 0.661205
 0 0.480959
 0 0.480731
 0 0.382894
 0 0.621474
 0 0.38688
 0 0.316198
 0 0.248428
 0 0.241783
 0 0.325351
 0 0.376221
 0 0.391331
 0 0.594256
 0 0.33464
 0 0.472383
 0 0.375102
 0 0.709367
 0 0.438194
 0 0.727888
 0 0.430954
 0 0.284065
 0 0.193939
 0 0.450396
 0 0.709865
 0 0.547154
 0 0.415308
 0 0.718182
 0 0.29838
 0 0.50663
 0 0.406906
 0 0.491416
 0 0.419368
 0 0.269181
 0 0.648668
 0 0.560528
 0 0.509439
 0 0.840374
 0 -0.00141831
 0 0.682594
 0 0.348093
 0 0.500992
 0 0.549308
 0 0.120849
 0 0.418193
 0 0.509637
 0 0.334232
 0 0.416282
 0 0.471127
 0 0.408994
 0 0.415089
 0 0.462934
 0 0.290533
 0 0.539495
 0 0.4913
 0 0.344971
 0 0.13025
 0 0.569884
 0 0.293152
 0 0.449631
 0 0.225527
 0 0.182989
 0 0.524587
 0 0.241934
 0 0.403451
 0 0.44494
 0 0.301824
 0 0.413596
 0 0.369206
 0 0.426111
 0 0.427404
 0 0.251667
 0 0.441223
 0 0.540137
 0 0.271851
 0 0.26228
 0 0.464956
 0 0.7678
 0 0.637595
 0 0.634243
 0 0.150587
 0 0.495638
 0 0.399474
 0 0.315364
 0 0.319994
 0 0.230656
 0 0.497029
 0 0.172701
 0 0.470404
 0 0.282098
 0 0.485438
 0 0.409986
 0 0.665754
 0 0.666884
 0 0.427678
 0 0.48321
 0 0.669608
 0 0.489282
 0 0.267626
 0 0.546912
 0 0.498906
 0 0.510972
 0 0.66549
 0 0.459698
 0 0.529217
 0 0.404828
 0 0.278813
 0 0.471219
 0 0.369335
 0 0.357127
 0 0.203338
