535 1 0 0 1
 0 1.04826
 0 0.960764
 0 1.09604
 0 1.10544
 0 1.15166
 0 1.26432
 0 1.16946
 0 1.29066
 0 0.894018
 0 1.08271
 0 0.903816
 0 1.15903
 0 1.00131
 0 1.20939
 0 1.05265
 0 1.18565
 0 1.01152
 0 0.984648
 0 0.900434
 0 1.02704
 0 1.05244
 0 1.05049
 0 0.824712
 0 0.838792
 0 1.06933
 0 0.811652
 0 1.11969
 0 1.00476
 0 0.897248
 0 1.17937
 0 1.06237
 0 0.965226
 0 1.07434
 0 0.877638
 0 1.06361
 0 1.08927
 0 1.01129
 0 1.04991
 0 1.0345
 0 1.02842
 0 1.09052
 0 0.967864
 0 1.17894
 0 1.08586
 0 0.84677
 0 1.18694
 0 0.997644
 0 1.08439
 0 0.699026
 0 1.19855
 0 1.36221
 0 1.09724
 0 1.16519
 0 0.915788
 0 1.2086
 0 1.09371
 0 0.85941
 0 0.952422
 0 1.03039
 0 1.16985
 0 1.31959
 0 0.90639
 0 1.23982
 0 1.11785
 0 0.987504
 0 1.29583
 0 0.91528
 0 1.04555
 0 1.08092
 0 1.11191
 0 0.977352
 0 0.939394
 0 0.994688
 0 1.04292
 0 1.05518
 0 1.17623
 0 1.18697
 0 1.28115
 0 1.09136
 0 1.047
 0 1.1252
 0 1.26802
 0 0.93744
 0 0.911564
 0 0.839576
 0 0.956504
 0 1.05816
 0 0.945562
 0 1.19897
 0 0.996534
 0 1.05296
 0 1.30442
 0 1.04227
 0 1.16683
 0 1.18511
 0 1.11699
 0 1.00544
 0 1.24775
 0 0.85809
 0 0.923284
 0 0.993734
 0 1.00068
 0 1.25393
 0 1.09133
 0 1.03137
 0 1.25138
 0 1.03579
 0 1.1442
 0 0.890662
 0 1.04096
 0 1.07281
 0 1.07273
 0 1.13509
 0 1.0578
 0 1.03292
 0 1.31179
 0 0.870852
 0 0.91722
 0 0.827228
 0 0.966398
 0 1.05413
 0 1.17169
 0 1.06711
 0 0.982392
 0 0.837226
 0 1.13624
 0 0.960886
 0 0.860648
 0 1.04267
 0 1.13827
 0 0.93825
 0 1.04217
 0 0.790444
 0 1.02223
 0 1.09457
 0 0.801868
 0 1.04477
 0 1.19385
 0 0.963946
 0 1.05077
 0 0.957938
 0 1.02848
 0 0.901444
 0 1.10434
 0 1.33032
 0 1.09024
 0 0.885132
 0 1.09975
 0 0.961204
 0 1.04246
 0 0.963342
 0 1.17821
 0 0.986252
 0 1.06423
 0 1.05486
 0 1.13311
 0 1.07682
 0 1.00157
 0 1.0812
 0 1.11047
 0 1.06501
 0 1.02208
 0 0.838956
 0 1.00066
 0 1.14113
 0 0.926678
 0 1.11093
 0 1.0852
 0 0.93694
 0 1.04514
 0 1.07169
 0 0.920576
 0 0.935522
 0 1.13317
 0 0.98672
 0 1.21258
 0 1.03183
 0 0.992962
 0 1.07275
 0 0.807228
 0 1.12623
 0 1.18372
 0 1.21437
 0 1.03967
 0 1.14166
 0 1.04076
 0 0.976686
 0 1.05476
 0 0.99278
 0 1.14526
 0 0.88741
 0 1.08991
 0 1.10458
 0 1.10743
 0 0.964356
 0 1.1245
 0 0.943594
 0 1.20744
 0 1.19922
 0 0.88317
 0 0.873598
 0 1.00259
 0 1.10477
 0 0.980262
 0 1.18878
 0 0.853988
 0 1.11728
 0 0.993114
 0 1.10234
 0 1.1416
 0 0.98275
 0 1.22863
 0 0.994562
 0 0.846704
 0 1.04457
 0 1.13343
 0 1.02382
 0 0.98831
 0 0.967756
 0 1.19679
 0 1.16476
 0 0.712158
 0 1.10092
 0 1.1965
 0 1.07049
 0 1.03503
 0 1.03206
 0 1.1398
 0 1.2442
 0 1.14102
 0 1.07027
 0 1.20845
 0 1.10932
 0 0.814022
 0 1.13109
 0 0.971116
 0 1.12419
 0 1.0127
 0 0.851674
 0 0.971768
 0 1.16487
 0 1.1561
 0 0.994996
 0 1.19406
 0 1.06492
 0 0.89638
 0 1.10773
 0 0.728386
 0 0.94293
 0 0.871774
 0 1.00705
 0 1.05052
 0 0.973188
 0 1.0307
 0 1.13603
 0 0.98692
 0 1.21899
 0 1.21318
 0 1.24504
 0 1.01199
 0 1.19036
 0 1.08448
 0 1.2314
 0 0.983444
 0 1.20156
 0 1.02706
 0 1.04167
 0 0.83743
 0 1.15622
 0 0.855286
 0 0.921708
 0 0.804196
 0 1.18043
 0 1.21943
 0 0.920844
 0 0.97421
 0 0.920056
 0 0.908514
 0 1.31679
 0 0.8402
 0 0.981306
 0 1.14275
 0 1.26679
 0 1.09704
 0 1.05203
 0 1.12228
 0 1.30148
 0 1.1099
 0 0.95897
 0 0.848654
 0 0.86443
 0 1.1701
 0 1.14415
 0 1.16669
 0 1.02332
 0 0.898786
 0 1.15071
 0 0.937282
 0 1.02824
 0 1.13113
 0 0.817798
 0 1.09608
 0 0.848044
 0 1.15562
 0 1.12114
 0 1.02326
 0 1.02806
 0 1.06621
 0 0.96394
 0 1.29148
 0 1.039
 0 1.05879
 0 0.938018
 0 1.05966
 0 0.832294
 0 0.980664
 0 1.17454
 0 1.03606
 0 1.08594
 0 1.13208
 0 0.852744
 0 0.965688
 0 1.08715
 0 1.09322
 0 0.99751
 0 1.09966
 0 0.91689
 0 1.23782
 0 1.09077
 0 0.876108
 0 1.08221
 0 0.800242
 0 0.952444
 0 1.05788
 0 1.04634
 0 1.01781
 0 1.00175
 0 1.13589
 0 1.01858
 0 1.13835
 0 1.06534
 0 0.80043
 0 1.10203
 0 0.863418
 0 1.02336
 0 1.19551
 0 1.08517
 0 0.810736
 0 0.84381
 0 0.970696
 0 1.19548
 0 1.12796
 0 1.14037
 0 0.907722
 0 1.01645
 0 1.07078
 0 1.12988
 0 1.11279
 0 1.10623
 0 0.929536
 0 0.89427
 0 0.756182
 0 1.1077
 0 1.14784
 0 0.98063
 0 1.02199
 0 1.06961
 0 0.813548
 0 1.03811
 0 1.05676
 0 1.08728
 0 0.94421
 0 1.20376
 0 1.06468
 0 1.04155
 0 1.0535
 0 1.24119
 0 1.21308
 0 1.23856
 0 1.15568
 0 1.18856
 0 1.22123
 0 0.938482
 0 0.963242
 0 1.16877
 0 0.852464
 0 1.04166
 0 1.2163
 0 1.08788
 0 1.02675
 0 1.06951
 0 1.27682
 0 0.921584
 0 1.15823
 0 0.849198
 0 1.0071
 0 0.901462
 0 0.994114
 0 1.1532
 0 1.04399
 0 0.892272
 0 1.14581
 0 1.10601
 0 1.19897
 0 1.01589
 0 1.08837
 0 1.10448
 0 1.19235
 0 1.25288
 0 1.30833
 0 1.10312
 0 1.04367
 0 0.663418
 0 0.956716
 0 0.860226
 0 0.848684
 0 1.07917
 0 1.08623
 0 0.766862
 0 0.984994
 0 0.864718
 0 1.21317
 0 0.911134
 0 1.12722
 0 1.05806
 0 1.07146
 0 1.25751
 0 1.05071
 0 1.09417
 0 1.17569
 0 0.836502
 0 0.956944
 0 1.21524
 0 0.96935
 0 1.06305
 0 1.15883
 0 1.07805
 0 0.926064
 0 0.924722
 0 1.12408
 0 1.14002
 0 1.0086
 0 1.12954
 0 0.956332
 0 0.890038
 0 1.13711
 0 1.08357
 0 1.23801
 0 1.16662
 0 1.15076
 0 0.904682
 0 1.17032
 0 1.1324
 0 1.2092
 0 0.975142
 0 0.891632
 0 0.971714
 0 1.01157
 0 0.847258
 0 1.07423
 0 1.17784
 0 0.762438
 0 0.970412
 0 1.02427
 0 1.24885
 0 1.11366
 0 1.12009
 0 1.2354
 0 0.71791
 0 1.15984
 0 1.07447
 0 1.29537
 0 0.756336
 0 0.993774
 0 1.04523
 0 1.27719
 0 1.18105
 0 1.18591
 0 1.26885
 0 1.11823
 0 0.919054
 0 1.07283
 0 1.11199
 0 1.08409
 0 1.03615
 0 1.18463
 0 1.39459
 0 1.01893
 0 1.06575
 0 1.26642
 0 1.18209
 0 1.21085
 0 0.977078
 0 1.01225
 0 1.20466
 0 0.935948
 0 1.00727
 0 1.02024
 0 1.19493
 0 1.20869
 0 0.875884
 0 1.00225
 0 0.82479
 0 1.00038
 0 0.840342
 0 1.22984
 0 0.910774
 0 1.11965
 0 0.962928
 0 1.1088
 0 1.11325
 0 1.04182
 0 1.03657
 0 0.8623
 0 0.872434
 0 1.38995
 0 1.14329
 0 1.06875
 0 0.96163
 0 0.991562
 0 0.89353
 0 0.960512
 0 1.23585
 0 0.873706
 0 0.97284
 0 1.27173
 0 1.25773
 0 0.919158
 0 1.068
 0 1.12483
 0 1.06261
 0 1.17128
 0 0.953706
 0 1.08318
 0 0.938724
