535 1 0 0 1
 0 0.524129
 0 0.480382
 0 0.54802
 0 0.552718
 0 0.575829
 0 0.632161
 0 0.584729
 0 0.645329
 0 0.447009
 0 0.541355
 0 0.451908
 0 0.579517
 0 0.500653
 0 0.604696
 0 0.526327
 0 0.592824
 0 0.505762
 0 0.492324
 0 0.450217
 0 0.513519
 0 0.526221
 0 0.525246
 0 0.412356
 0 0.419396
 0 0.534663
 0 0.405826
 0 0.559844
 0 0.502379
 0 0.448624
 0 0.589684
 0 0.531183
 0 0.482613
 0 0.537171
 0 0.438819
 0 0.531807
 0 0.544637
 0 0.505647
 0 0.524956
 0 0.517252
 0 0.514212
 0 0.545259
 0 0.483932
 0 0.589472
 0 0.542928
 0 0.423385
 0 0.593469
 0 0.498822
 0 0.542194
 0 0.349513
 0 0.599273
 0 0.681107
 0 0.548619
 0 0.582595
 0 0.457894
 0 0.6043
 0 0.546854
 0 0.429705
 0 0.476211
 0 0.515194
 0 0.584923
 0 0.659795
 0 0.453195
 0 0.619912
 0 0.558927
 0 0.493752
 0 0.647916
 0 0.45764
 0 0.522773
 0 0.540459
 0 0.555956
 0 0.488676
 0 0.469697
 0 0.497344
 0 0.521459
 0 0.527591
 0 0.588117
 0 0.593484
 0 0.640575
 0 0.545682
 0 0.5235
 0 0.562601
 0 0.63401
 0 0.46872
 0 0.455782
 0 0.419788
 0 0.478252
 0 0.529082
 0 0.472781
 0 0.599484
 0 0.498267
 0 0.526478
 0 0.65221
 0 0.521136
 0 0.583417
 0 0.592557
 0 0.558497
 0 0.502719
 0 0.623877
 0 0.429045
 0 0.461642
 0 0.496867
 0 0.500342
 0 0.626965
 0 0.545667
 0 0.515684
 0 0.625688
 0 0.517895
 0 0.572102
 0 0.445331
 0 0.520481
 0 0.536403
 0 0.536364
 0 0.567544
 0 0.528898
 0 0.516458
 0 0.655896
 0 0.435426
 0 0.45861
 0 0.413614
 0 0.483199
 0 0.527063
 0 0.585843
 0 0.533554
 0 0.491196
 0 0.418613
 0 0.56812
 0 0.480443
 0 0.430324
 0 0.521336
 0 0.569133
 0 0.469125
 0 0.521086
 0 0.395222
 0 0.511115
 0 0.547283
 0 0.400934
 0 0.522386
 0 0.596924
 0 0.481973
 0 0.525387
 0 0.478969
 0 0.514241
 0 0.450722
 0 0.55217
 0 0.665159
 0 0.545121
 0 0.442566
 0 0.549874
 0 0.480602
 0 0.52123
 0 0.481671
 0 0.589107
 0 0.493126
 0 0.532113
 0 0.527428
 0 0.566555
 0 0.538412
 0 0.500784
 0 0.540599
 0 0.555233
 0 0.532507
 0 0.511042
 0 0.419478
 0 0.50033
 0 0.570564
 0 0.463339
 0 0.555464
 0 0.542602
 0 0.46847
 0 0.52257
 0 0.535845
 0 0.460288
 0 0.467761
 0 0.566584
 0 0.49336
 0 0.606292
 0 0.515913
 0 0.496481
 0 0.536376
 0 0.403614
 0 0.563114
 0 0.591858
 0 0.607183
 0 0.519833
 0 0.570829
 0 0.520382
 0 0.488343
 0 0.52738
 0 0.49639
 0 0.57263
 0 0.443705
 0 0.544955
 0 0.552288
 0 0.553716
 0 0.482178
 0 0.562252
 0 0.471797
 0 0.603722
 0 0.599609
 0 0.441585
 0 0.436799
 0 0.501294
 0 0.552387
 0 0.490131
 0 0.594391
 0 0.426994
 0 0.558641
 0 0.496557
 0 0.551171
 0 0.570802
 0 0.491375
 0 0.614316
 0 0.497281
 0 0.423352
 0 0.522286
 0 0.566716
 0 0.511911
 0 0.494155
 0 0.483878
 0 0.598397
 0 0.582379
 0 0.356079
 0 0.55046
 0 0.598248
 0 0.535243
 0 0.517517
 0 0.516029
 0 0.569899
 0 0.6221
 0 0.570508
 0 0.535133
 0 0.604223
 0 0.55466
 0 0.407011
 0 0.565547
 0 0.485558
 0 0.562097
 0 0.506348
 0 0.425837
 0 0.485884
 0 0.582437
 0 0.57805
 0 0.497498
 0 0.597029
 0 0.532461
 0 0.44819
 0 0.553867
 0 0.364193
 0 0.471465
 0 0.435887
 0 0.503523
 0 0.52526
 0 0.486594
 0 0.515348
 0 0.568013
 0 0.49346
 0 0.609495
 0 0.606591
 0 0.622522
 0 0.505996
 0 0.595182
 0 0.54224
 0 0.615698
 0 0.491722
 0 0.600778
 0 0.513532
 0 0.520833
 0 0.418715
 0 0.578108
 0 0.427643
 0 0.460854
 0 0.402098
 0 0.590217
 0 0.609713
 0 0.460422
 0 0.487105
 0 0.460028
 0 0.454257
 0 0.658394
 0 0.4201
 0 0.490653
 0 0.571377
 0 0.633394
 0 0.548522
 0 0.526017
 0 0.56114
 0 0.650742
 0 0.554949
 0 0.479485
 0 0.424327
 0 0.432215
 0 0.585049
 0 0.572076
 0 0.583345
 0 0.511661
 0 0.449393
 0 0.575355
 0 0.468641
 0 0.514122
 0 0.565567
 0 0.408899
 0 0.548039
 0 0.424022
 0 0.577809
 0 0.560568
 0 0.51163
 0 0.514029
 0 0.533107
 0 0.48197
 0 0.64574
 0 0.5195
 0 0.529394
 0 0.469009
 0 0.529829
 0 0.416147
 0 0.490332
 0 0.58727
 0 0.518031
 0 0.542968
 0 0.56604
 0 0.426372
 0 0.482844
 0 0.543574
 0 0.546608
 0 0.498755
 0 0.54983
 0 0.458445
 0 0.61891
 0 0.545385
 0 0.438054
 0 0.541104
 0 0.400121
 0 0.476222
 0 0.528942
 0 0.523168
 0 0.508906
 0 0.500873
 0 0.567945
 0 0.509289
 0 0.569174
 0 0.532672
 0 0.400215
 0 0.551016
 0 0.431709
 0 0.511678
 0 0.597755
 0 0.542586
 0 0.405368
 0 0.421905
 0 0.485348
 0 0.597742
 0 0.563981
 0 0.570183
 0 0.453861
 0 0.508223
 0 0.535389
 0 0.56494
 0 0.556395
 0 0.553115
 0 0.464768
 0 0.447135
 0 0.378091
 0 0.553851
 0 0.573922
 0 0.490315
 0 0.510994
 0 0.534805
 0 0.406774
 0 0.519057
 0 0.528381
 0 0.54364
 0 0.472105
 0 0.601878
 0 0.532339
 0 0.520775
 0 0.526748
 0 0.620596
 0 0.606539
 0 0.619282
 0 0.577839
 0 0.594282
 0 0.610617
 0 0.469241
 0 0.481621
 0 0.584386
 0 0.426232
 0 0.52083
 0 0.608152
 0 0.54394
 0 0.513374
 0 0.534755
 0 0.638411
 0 0.460792
 0 0.579115
 0 0.424599
 0 0.503549
 0 0.450731
 0 0.497057
 0 0.5766
 0 0.521993
 0 0.446136
 0 0.572905
 0 0.553006
 0 0.599486
 0 0.507943
 0 0.544184
 0 0.552239
 0 0.596174
 0 0.626439
 0 0.654165
 0 0.551561
 0 0.521837
 0 0.331709
 0 0.478358
 0 0.430113
 0 0.424342
 0 0.539584
 0 0.543115
 0 0.383431
 0 0.492497
 0 0.432359
 0 0.606584
 0 0.455567
 0 0.563612
 0 0.52903
 0 0.535732
 0 0.628757
 0 0.525354
 0 0.547085
 0 0.587843
 0 0.418251
 0 0.478472
 0 0.60762
 0 0.484675
 0 0.531526
 0 0.579417
 0 0.539024
 0 0.463032
 0 0.462361
 0 0.562039
 0 0.57001
 0 0.504302
 0 0.56477
 0 0.478166
 0 0.445019
 0 0.568557
 0 0.541783
 0 0.619003
 0 0.583308
 0 0.575379
 0 0.452341
 0 0.585162
 0 0.566201
 0 0.604602
 0 0.487571
 0 0.445816
 0 0.485857
 0 0.505784
 0 0.423629
 0 0.537115
 0 0.588919
 0 0.381219
 0 0.485206
 0 0.512137
 0 0.624427
 0 0.556829
 0 0.560044
 0 0.617699
 0 0.358955
 0 0.579919
 0 0.537233
 0 0.647686
 0 0.378168
 0 0.496887
 0 0.522617
 0 0.638594
 0 0.590525
 0 0.592955
 0 0.634425
 0 0.559116
 0 0.459527
 0 0.536415
 0 0.555997
 0 0.542047
 0 0.518074
 0 0.592314
 0 0.697295
 0 0.509464
 0 0.532877
 0 0.633211
 0 0.591043
 0 0.605423
 0 0.488539
 0 0.506125
 0 0.602329
 0 0.467974
 0 0.503633
 0 0.510118
 0 0.597466
 0 0.604346
 0 0.437942
 0 0.501127
 0 0.412395
 0 0.500188
 0 0.420171
 0 0.614919
 0 0.455387
 0 0.559824
 0 0.481464
 0 0.554399
 0 0.556624
 0 0.520908
 0 0.518283
 0 0.43115
 0 0.436217
 0 0.694976
 0 0.571647
 0 0.534375
 0 0.480815
 0 0.495781
 0 0.446765
 0 0.480256
 0 0.617925
 0 0.436853
 0 0.48642
 0 0.635865
 0 0.628867
 0 0.459579
 0 0.534001
 0 0.562415
 0 0.531303
 0 0.585642
 0 0.476853
 0 0.54159
 0 0.469362
