535 1 0 0 1
 0 0.424935
 0 0.368987
 0 0.563556
 0 0.672751
 0 0.470274
 0 0.556422
 0 0.641707
 0 0.453338
 0 0.376385
 0 0.48872
 0 0.496124
 0 0.39503
 0 0.431021
 0 0.476283
 0 0.614345
 0 0.521799
 0 0.559396
 0 0.390858
 0 0.391503
 0 0.698744
 0 0.391703
 0 0.392451
 0 0.455481
 0 0.471923
 0 0.407216
 0 0.582057
 0 0.600886
 0 0.563111
 0 0.546295
 0 0.500876
 0 0.699995
 0 0.677531
 0 0.641942
 0 0.514168
 0 0.491579
 0 0.445116
 0 0.402718
 0 0.713787
 0 0.476551
 0 0.475059
 0 0.486744
 0 0.503479
 0 0.627006
 0 0.378643
 0 0.300726
 0 0.474527
 0 0.534747
 0 0.499988
 0 0.406835
 0 0.46366
 0 0.587009
 0 0.592909
 0 0.504509
 0 0.543306
 0 0.5191
 0 0.516502
 0 0.450313
 0 0.381983
 0 0.542045
 0 0.569902
 0 0.474469
 0 0.515018
 0 0.537358
 0 0.482909
 0 0.296865
 0 0.498655
 0 0.451973
 0 0.605461
 0 0.505579
 0 0.454549
 0 0.254674
 0 0.609248
 0 0.368345
 0 0.442289
 0 0.418775
 0 0.443973
 0 0.50474
 0 0.513199
 0 0.464022
 0 0.421387
 0 0.566064
 0 0.294832
 0 0.464104
 0 0.460893
 0 0.640554
 0 0.460964
 0 0.591437
 0 0.51333
 0 0.629823
 0 0.453202
 0 0.440356
 0 0.349753
 0 0.479596
 0 0.445294
 0 0.439751
 0 0.518908
 0 0.515169
 0 0.341023
 0 0.64458
 0 0.562736
 0 0.376339
 0 0.45057
 0 0.432469
 0 0.576755
 0 0.618037
 0 0.501429
 0 0.584253
 0 0.408461
 0 0.398717
 0 0.366148
 0 0.521572
 0 0.469926
 0 0.447265
 0 0.603131
 0 0.56186
 0 0.467825
 0 0.513033
 0 0.620219
 0 0.467875
 0 0.367842
 0 0.483586
 0 0.414112
 0 0.326079
 0 0.590682
 0 0.403304
 0 0.600028
 0 0.569276
 0 0.547438
 0 0.3549
 0 0.584257
 0 0.482494
 0 0.494841
 0 0.570666
 0 0.600384
 0 0.43696
 0 0.538672
 0 0.51042
 0 0.526734
 0 0.436067
 0 0.371054
 0 0.525029
 0 0.330824
 0 0.464218
 0 0.453294
 0 0.402148
 0 0.506748
 0 0.536736
 0 0.553807
 0 0.606967
 0 0.627443
 0 0.547417
 0 0.512781
 0 0.624036
 0 0.437799
 0 0.478033
 0 0.437139
 0 0.510701
 0 0.496629
 0 0.285804
 0 0.53407
 0 0.481178
 0 0.445721
 0 0.316961
 0 0.613483
 0 0.502893
 0 0.556227
 0 0.449758
 0 0.427672
 0 0.582576
 0 0.588545
 0 0.479435
 0 0.528182
 0 0.574852
 0 0.606103
 0 0.429199
 0 0.561179
 0 0.457781
 0 0.567578
 0 0.492893
 0 0.452439
 0 0.487962
 0 0.548511
 0 0.474358
 0 0.565232
 0 0.379149
 0 0.443412
 0 0.477322
 0 0.521121
 0 0.540071
 0 0.50459
 0 0.50003
 0 0.464049
 0 0.612202
 0 0.415716
 0 0.495932
 0 0.530017
 0 0.59023
 0 0.511881
 0 0.41292
 0 0.615962
 0 0.433806
 0 0.490745
 0 0.653404
 0 0.590406
 0 0.509598
 0 0.527499
 0 0.620485
 0 0.400674
 0 0.612764
 0 0.475289
 0 0.456583
 0 0.540047
 0 0.556584
 0 0.488855
 0 0.452778
 0 0.517158
 0 0.542086
 0 0.299864
 0 0.506778
 0 0.676519
 0 0.626287
 0 0.410229
 0 0.533033
 0 0.377236
 0 0.535151
 0 0.386349
 0 0.495612
 0 0.627056
 0 0.523321
 0 0.519395
 0 0.479224
 0 0.536446
 0 0.59271
 0 0.484928
 0 0.45207
 0 0.497174
 0 0.516317
 0 0.565097
 0 0.48727
 0 0.511661
 0 0.403522
 0 0.554017
 0 0.440779
 0 0.463261
 0 0.506212
 0 0.461057
 0 0.600597
 0 0.440973
 0 0.359094
 0 0.53902
 0 0.557849
 0 0.553824
 0 0.606478
 0 0.560395
 0 0.566933
 0 0.591876
 0 0.626377
 0 0.657722
 0 0.525579
 0 0.538868
 0 0.420432
 0 0.485744
 0 0.527042
 0 0.561859
 0 0.449195
 0 0.687233
 0 0.483228
 0 0.337726
 0 0.501801
 0 0.610533
 0 0.470675
 0 0.486118
 0 0.591368
 0 0.618751
 0 0.471984
 0 0.486641
 0 0.443265
 0 0.547224
 0 0.662641
 0 0.477896
 0 0.465676
 0 0.357297
 0 0.409442
 0 0.537143
 0 0.592173
 0 0.392865
 0 0.466298
 0 0.629837
 0 0.508971
 0 0.450389
 0 0.421497
 0 0.458285
 0 0.619159
 0 0.470594
 0 0.410559
 0 0.543821
 0 0.582835
 0 0.431758
 0 0.521435
 0 0.578582
 0 0.421873
 0 0.563382
 0 0.402784
 0 0.588221
 0 0.603041
 0 0.499185
 0 0.627087
 0 0.663201
 0 0.510554
 0 0.561704
 0 0.461265
 0 0.441539
 0 0.495239
 0 0.466703
 0 0.468664
 0 0.548883
 0 0.584859
 0 0.579538
 0 0.508311
 0 0.428088
 0 0.479829
 0 0.584766
 0 0.54301
 0 0.549053
 0 0.487127
 0 0.630231
 0 0.452869
 0 0.524582
 0 0.487205
 0 0.338671
 0 0.417813
 0 0.555631
 0 0.512841
 0 0.420891
 0 0.503213
 0 0.406185
 0 0.41022
 0 0.565464
 0 0.421887
 0 0.492938
 0 0.473496
 0 0.522589
 0 0.69057
 0 0.477051
 0 0.506846
 0 0.531927
 0 0.656642
 0 0.386831
 0 0.508793
 0 0.562483
 0 0.491058
 0 0.643202
 0 0.491921
 0 0.444562
 0 0.547268
 0 0.491177
 0 0.422411
 0 0.536582
 0 0.422614
 0 0.524419
 0 0.35617
 0 0.612477
 0 0.558711
 0 0.511608
 0 0.561971
 0 0.541636
 0 0.415953
 0 0.45511
 0 0.353285
 0 0.591825
 0 0.394449
 0 0.620476
 0 0.453017
 0 0.600515
 0 0.558533
 0 0.546854
 0 0.402298
 0 0.496128
 0 0.583182
 0 0.429998
 0 0.470724
 0 0.5957
 0 0.515605
 0 0.476543
 0 0.407848
 0 0.595027
 0 0.475228
 0 0.440709
 0 0.417173
 0 0.280109
 0 0.583861
 0 0.537675
 0 0.621272
 0 0.590668
 0 0.505405
 0 0.4733
 0 0.676599
 0 0.40444
 0 0.673626
 0 0.450094
 0 0.510867
 0 0.394295
 0 0.621549
 0 0.550442
 0 0.480917
 0 0.531779
 0 0.592606
 0 0.408331
 0 0.594586
 0 0.388904
 0 0.453571
 0 0.36839
 0 0.380922
 0 0.537586
 0 0.515035
 0 0.469116
 0 0.447641
 0 0.537427
 0 0.528502
 0 0.503641
 0 0.511414
 0 0.517374
 0 0.389567
 0 0.551231
 0 0.532967
 0 0.550784
 0 0.523602
 0 0.569891
 0 0.63639
 0 0.496225
 0 0.645037
 0 0.560873
 0 0.465866
 0 0.49454
 0 0.4487
 0 0.523864
 0 0.555367
 0 0.395069
 0 0.638583
 0 0.554066
 0 0.535156
 0 0.697777
 0 0.563428
 0 0.590578
 0 0.614232
 0 0.60649
 0 0.558874
 0 0.48328
 0 0.440603
 0 0.331206
 0 0.522672
 0 0.808774
 0 0.513052
 0 0.507345
 0 0.577292
 0 0.491754
 0 0.372106
 0 0.430612
 0 0.365661
 0 0.54701
 0 0.510197
 0 0.507918
 0 0.407851
 0 0.503261
 0 0.477976
 0 0.643426
 0 0.623598
 0 0.536983
 0 0.329689
 0 0.595498
 0 0.651846
 0 0.657067
 0 0.463037
 0 0.43351
 0 0.38838
 0 0.591188
 0 0.623812
 0 0.527939
 0 0.493053
 0 0.371062
 0 0.502341
 0 0.696239
 0 0.46524
 0 0.37879
 0 0.624831
 0 0.502852
 0 0.66988
 0 0.663581
 0 0.504332
 0 0.54077
 0 0.417148
 0 0.539942
 0 0.507272
 0 0.448069
 0 0.396184
 0 0.500639
 0 0.485118
 0 0.543173
 0 0.724314
 0 0.491701
 0 0.639193
 0 0.557075
 0 0.474549
 0 0.510789
 0 0.428018
 0 0.430328
 0 0.465077
 0 0.603338
 0 0.554088
 0 0.405949
 0 0.462431
 0 0.502746
 0 0.483116
 0 0.578312
 0 0.650039
 0 0.508442
 0 0.595355
 0 0.554806
 0 0.438936
 0 0.561324
 0 0.45155
 0 0.397099
 0 0.590922
 0 0.654758
 0 0.591643
 0 0.312308
 0 0.494278
 0 0.455278
 0 0.585477
 0 0.625249
 0 0.526102
 0 0.506505
 0 0.391739
 0 0.520835
 0 0.559164
