535 1 0 0 1
 0 0.515723
 0 0.39794
 0 0.389168
 0 0.502667
 0 0.604501
 0 0.61965
 0 0.547564
 0 0.456416
 0 0.467294
 0 0.328021
 0 0.458917
 0 0.59594
 0 0.488342
 0 0.519443
 0 0.521599
 0 0.474731
 0 0.530125
 0 0.586925
 0 0.540894
 0 0.553994
 0 0.516272
 0 0.546813
 0 0.404399
 0 0.441605
 0 0.539892
 0 0.466343
 0 0.569753
 0 0.572063
 0 0.484094
 0 0.477555
 0 0.540745
 0 0.417595
 0 0.56822
 0 0.48015
 0 0.475426
 0 0.470073
 0 0.494484
 0 0.45526
 0 0.360276
 0 0.50576
 0 0.50302
 0 0.589984
 0 0.542975
 0 0.512586
 0 0.533243
 0 0.518523
 0 0.383957
 0 0.507835
 0 0.410803
 0 0.589222
 0 0.523366
 0 0.536817
 0 0.579053
 0 0.528867
 0 0.586393
 0 0.376077
 0 0.472041
 0 0.526578
 0 0.478323
 0 0.525547
 0 0.484452
 0 0.430441
 0 0.524073
 0 0.513357
 0 0.453481
 0 0.558445
 0 0.413004
 0 0.456195
 0 0.479
 0 0.454933
 0 0.508057
 0 0.442369
 0 0.593929
 0 0.528875
 0 0.479323
 0 0.464936
 0 0.574212
 0 0.485072
 0 0.515271
 0 0.520926
 0 0.543799
 0 0.508458
 0 0.4781
 0 0.495953
 0 0.433547
 0 0.524495
 0 0.57578
 0 0.490992
 0 0.530396
 0 0.601118
 0 0.558137
 0 0.576114
 0 0.554251
 0 0.605311
 0 0.551658
 0 0.462253
 0 0.587055
 0 0.411062
 0 0.443885
 0 0.445796
 0 0.483896
 0 0.554432
 0 0.462034
 0 0.453735
 0 0.53338
 0 0.57783
 0 0.48529
 0 0.439009
 0 0.486373
 0 0.466663
 0 0.498814
 0 0.544949
 0 0.58848
 0 0.520343
 0 0.506209
 0 0.455678
 0 0.508546
 0 0.424213
 0 0.485318
 0 0.454747
 0 0.513209
 0 0.482075
 0 0.503511
 0 0.581984
 0 0.461311
 0 0.43139
 0 0.549807
 0 0.485199
 0 0.443281
 0 0.537422
 0 0.443164
 0 0.594832
 0 0.483137
 0 0.481609
 0 0.548681
 0 0.440683
 0 0.437076
 0 0.427249
 0 0.49434
 0 0.55184
 0 0.482454
 0 0.577117
 0 0.53228
 0 0.473861
 0 0.502365
 0 0.462716
 0 0.519316
 0 0.485792
 0 0.410101
 0 0.49517
 0 0.512797
 0 0.505193
 0 0.543055
 0 0.527079
 0 0.468204
 0 0.642736
 0 0.482699
 0 0.511282
 0 0.557203
 0 0.542993
 0 0.506484
 0 0.58534
 0 0.49328
 0 0.514431
 0 0.523352
 0 0.443536
 0 0.398235
 0 0.549593
 0 0.568324
 0 0.520905
 0 0.550349
 0 0.551514
 0 0.572371
 0 0.512105
 0 0.509116
 0 0.626509
 0 0.526483
 0 0.475165
 0 0.520521
 0 0.462191
 0 0.483026
 0 0.54364
 0 0.470456
 0 0.473679
 0 0.514475
 0 0.536266
 0 0.426696
 0 0.561056
 0 0.484984
 0 0.411662
 0 0.508327
 0 0.521269
 0 0.483603
 0 0.532073
 0 0.506443
 0 0.662567
 0 0.506387
 0 0.583683
 0 0.536014
 0 0.580767
 0 0.431726
 0 0.543513
 0 0.545618
 0 0.475772
 0 0.507985
 0 0.403529
 0 0.563647
 0 0.473958
 0 0.625506
 0 0.566967
 0 0.516261
 0 0.47128
 0 0.562424
 0 0.436724
 0 0.536134
 0 0.582328
 0 0.562923
 0 0.460354
 0 0.456005
 0 0.589946
 0 0.564985
 0 0.50636
 0 0.472309
 0 0.576673
 0 0.469458
 0 0.458456
 0 0.508193
 0 0.528325
 0 0.661446
 0 0.514138
 0 0.560949
 0 0.545261
 0 0.564523
 0 0.388132
 0 0.477383
 0 0.376434
 0 0.463894
 0 0.493627
 0 0.435643
 0 0.398719
 0 0.518997
 0 0.522215
 0 0.541469
 0 0.55336
 0 0.560452
 0 0.519736
 0 0.472136
 0 0.379512
 0 0.464881
 0 0.471961
 0 0.51677
 0 0.417505
 0 0.436427
 0 0.535647
 0 0.573915
 0 0.44571
 0 0.493788
 0 0.511268
 0 0.515923
 0 0.480342
 0 0.614993
 0 0.437738
 0 0.380489
 0 0.430391
 0 0.579102
 0 0.496289
 0 0.424618
 0 0.354345
 0 0.391746
 0 0.467334
 0 0.459371
 0 0.434434
 0 0.582987
 0 0.394352
 0 0.329512
 0 0.591972
 0 0.5101
 0 0.421883
 0 0.579227
 0 0.584331
 0 0.435793
 0 0.548722
 0 0.459692
 0 0.468684
 0 0.40543
 0 0.460385
 0 0.504193
 0 0.510733
 0 0.495505
 0 0.458889
 0 0.487869
 0 0.448086
 0 0.472225
 0 0.521138
 0 0.5048
 0 0.448714
 0 0.495344
 0 0.484477
 0 0.46682
 0 0.596314
 0 0.4887
 0 0.469028
 0 0.618972
 0 0.546577
 0 0.494449
 0 0.523003
 0 0.491302
 0 0.519846
 0 0.587615
 0 0.632068
 0 0.461124
 0 0.57971
 0 0.373493
 0 0.557331
 0 0.454883
 0 0.493174
 0 0.653077
 0 0.489462
 0 0.408009
 0 0.520764
 0 0.37171
 0 0.539684
 0 0.502907
 0 0.645202
 0 0.502038
 0 0.562102
 0 0.405642
 0 0.649297
 0 0.438495
 0 0.521118
 0 0.525482
 0 0.519402
 0 0.569611
 0 0.493846
 0 0.580174
 0 0.498232
 0 0.46259
 0 0.60681
 0 0.467104
 0 0.488296
 0 0.46795
 0 0.563173
 0 0.566136
 0 0.425075
 0 0.43767
 0 0.51106
 0 0.513731
 0 0.462205
 0 0.417398
 0 0.442913
 0 0.416411
 0 0.508101
 0 0.506165
 0 0.478381
 0 0.539617
 0 0.519918
 0 0.482441
 0 0.574062
 0 0.453852
 0 0.493271
 0 0.451679
 0 0.505091
 0 0.51861
 0 0.501481
 0 0.503362
 0 0.427519
 0 0.610059
 0 0.503718
 0 0.492522
 0 0.567351
 0 0.54569
 0 0.548302
 0 0.551174
 0 0.382891
 0 0.540778
 0 0.44688
 0 0.597426
 0 0.454783
 0 0.479018
 0 0.51406
 0 0.606981
 0 0.45545
 0 0.505269
 0 0.435662
 0 0.469522
 0 0.549254
 0 0.462496
 0 0.468891
 0 0.589219
 0 0.457416
 0 0.458827
 0 0.466435
 0 0.443621
 0 0.479385
 0 0.585602
 0 0.491019
 0 0.414592
 0 0.551162
 0 0.506674
 0 0.531578
 0 0.440769
 0 0.477993
 0 0.507884
 0 0.453675
 0 0.557019
 0 0.575053
 0 0.614336
 0 0.518899
 0 0.511283
 0 0.510475
 0 0.528416
 0 0.507072
 0 0.503399
 0 0.439207
 0 0.613617
 0 0.436017
 0 0.477953
 0 0.504658
 0 0.400782
 0 0.459177
 0 0.437033
 0 0.621975
 0 0.533483
 0 0.493693
 0 0.489756
 0 0.536955
 0 0.511339
 0 0.457898
 0 0.485255
 0 0.423199
 0 0.486125
 0 0.520306
 0 0.508375
 0 0.546757
 0 0.492107
 0 0.546544
 0 0.550349
 0 0.457576
 0 0.512882
 0 0.464566
 0 0.555223
 0 0.551645
 0 0.475047
 0 0.495042
 0 0.562181
 0 0.517327
 0 0.564903
 0 0.615015
 0 0.459072
 0 0.478888
 0 0.528624
 0 0.529454
 0 0.546266
 0 0.506971
 0 0.401167
 0 0.420178
 0 0.458551
 0 0.370099
 0 0.519099
 0 0.474936
 0 0.522157
 0 0.429831
 0 0.499033
 0 0.389203
 0 0.665428
 0 0.510689
 0 0.478425
 0 0.4594
 0 0.487883
 0 0.519855
 0 0.589745
 0 0.623803
 0 0.466504
 0 0.504409
 0 0.481489
 0 0.520941
 0 0.527888
 0 0.543928
 0 0.587052
 0 0.510724
 0 0.605324
 0 0.481649
 0 0.478178
 0 0.504948
 0 0.544729
 0 0.522654
 0 0.492605
 0 0.592919
 0 0.657645
 0 0.379911
 0 0.468224
 0 0.616936
 0 0.543165
 0 0.526035
 0 0.540184
 0 0.511131
 0 0.44501
 0 0.494532
 0 0.57772
 0 0.510455
 0 0.566025
 0 0.51141
 0 0.426762
 0 0.544863
 0 0.606905
 0 0.622975
 0 0.468708
 0 0.595232
 0 0.519838
 0 0.57008
 0 0.473706
 0 0.506625
 0 0.492415
 0 0.43392
 0 0.456471
 0 0.554795
 0 0.465759
 0 0.529845
 0 0.511111
 0 0.440027
 0 0.3562
 0 0.460051
 0 0.53209
 0 0.522868
 0 0.622245
 0 0.500272
 0 0.463377
 0 0.439874
 0 0.417175
 0 0.468488
 0 0.529514
 0 0.465679
 0 0.455362
 0 0.53549
 0 0.458573
