535 1 0 0 1
 0 1.03145
 0 0.79588
 0 0.778336
 0 1.00533
 0 1.209
 0 1.2393
 0 1.09513
 0 0.912832
 0 0.934588
 0 0.656042
 0 0.917834
 0 1.19188
 0 0.976684
 0 1.03889
 0 1.0432
 0 0.949462
 0 1.06025
 0 1.17385
 0 1.08179
 0 1.10799
 0 1.03254
 0 1.09363
 0 0.808798
 0 0.88321
 0 1.07978
 0 0.932686
 0 1.13951
 0 1.14413
 0 0.968188
 0 0.95511
 0 1.08149
 0 0.83519
 0 1.13644
 0 0.9603
 0 0.950852
 0 0.940146
 0 0.988968
 0 0.91052
 0 0.720552
 0 1.01152
 0 1.00604
 0 1.17997
 0 1.08595
 0 1.02517
 0 1.06649
 0 1.03705
 0 0.767914
 0 1.01567
 0 0.821606
 0 1.17844
 0 1.04673
 0 1.07363
 0 1.15811
 0 1.05773
 0 1.17279
 0 0.752154
 0 0.944082
 0 1.05316
 0 0.956646
 0 1.05109
 0 0.968904
 0 0.860882
 0 1.04815
 0 1.02671
 0 0.906962
 0 1.11689
 0 0.826008
 0 0.91239
 0 0.958
 0 0.909866
 0 1.01611
 0 0.884738
 0 1.18786
 0 1.05775
 0 0.958646
 0 0.929872
 0 1.14842
 0 0.970144
 0 1.03054
 0 1.04185
 0 1.0876
 0 1.01692
 0 0.9562
 0 0.991906
 0 0.867094
 0 1.04899
 0 1.15156
 0 0.981984
 0 1.06079
 0 1.20224
 0 1.11627
 0 1.15223
 0 1.1085
 0 1.21062
 0 1.10332
 0 0.924506
 0 1.17411
 0 0.822124
 0 0.88777
 0 0.891592
 0 0.967792
 0 1.10886
 0 0.924068
 0 0.90747
 0 1.06676
 0 1.15566
 0 0.97058
 0 0.878018
 0 0.972746
 0 0.933326
 0 0.997628
 0 1.0899
 0 1.17696
 0 1.04069
 0 1.01242
 0 0.911356
 0 1.01709
 0 0.848426
 0 0.970636
 0 0.909494
 0 1.02642
 0 0.96415
 0 1.00702
 0 1.16397
 0 0.922622
 0 0.86278
 0 1.09961
 0 0.970398
 0 0.886562
 0 1.07484
 0 0.886328
 0 1.18966
 0 0.966274
 0 0.963218
 0 1.09736
 0 0.881366
 0 0.874152
 0 0.854498
 0 0.98868
 0 1.10368
 0 0.964908
 0 1.15423
 0 1.06456
 0 0.947722
 0 1.00473
 0 0.925432
 0 1.03863
 0 0.971584
 0 0.820202
 0 0.99034
 0 1.02559
 0 1.01039
 0 1.08611
 0 1.05416
 0 0.936408
 0 1.28547
 0 0.965398
 0 1.02256
 0 1.11441
 0 1.08599
 0 1.01297
 0 1.17068
 0 0.98656
 0 1.02886
 0 1.0467
 0 0.887072
 0 0.79647
 0 1.09919
 0 1.13665
 0 1.04181
 0 1.1007
 0 1.10303
 0 1.14474
 0 1.02421
 0 1.01823
 0 1.25302
 0 1.05297
 0 0.95033
 0 1.04104
 0 0.924382
 0 0.966052
 0 1.08728
 0 0.940912
 0 0.947358
 0 1.02895
 0 1.07253
 0 0.853392
 0 1.12211
 0 0.969968
 0 0.823324
 0 1.01665
 0 1.04254
 0 0.967206
 0 1.06415
 0 1.01289
 0 1.32513
 0 1.01277
 0 1.16737
 0 1.07203
 0 1.16153
 0 0.863452
 0 1.08703
 0 1.09124
 0 0.951544
 0 1.01597
 0 0.807058
 0 1.12729
 0 0.947916
 0 1.25101
 0 1.13393
 0 1.03252
 0 0.94256
 0 1.12485
 0 0.873448
 0 1.07227
 0 1.16466
 0 1.12585
 0 0.920708
 0 0.91201
 0 1.17989
 0 1.12997
 0 1.01272
 0 0.944618
 0 1.15335
 0 0.938916
 0 0.916912
 0 1.01639
 0 1.05665
 0 1.32289
 0 1.02828
 0 1.1219
 0 1.09052
 0 1.12905
 0 0.776264
 0 0.954766
 0 0.752868
 0 0.927788
 0 0.987254
 0 0.871286
 0 0.797438
 0 1.03799
 0 1.04443
 0 1.08294
 0 1.10672
 0 1.1209
 0 1.03947
 0 0.944272
 0 0.759024
 0 0.929762
 0 0.943922
 0 1.03354
 0 0.83501
 0 0.872854
 0 1.07129
 0 1.14783
 0 0.89142
 0 0.987576
 0 1.02254
 0 1.03185
 0 0.960684
 0 1.22999
 0 0.875476
 0 0.760978
 0 0.860782
 0 1.1582
 0 0.992578
 0 0.849236
 0 0.70869
 0 0.783492
 0 0.934668
 0 0.918742
 0 0.868868
 0 1.16597
 0 0.788704
 0 0.659024
 0 1.18394
 0 1.0202
 0 0.843766
 0 1.15845
 0 1.16866
 0 0.871586
 0 1.09744
 0 0.919384
 0 0.937368
 0 0.81086
 0 0.92077
 0 1.00839
 0 1.02147
 0 0.99101
 0 0.917778
 0 0.975738
 0 0.896172
 0 0.94445
 0 1.04228
 0 1.0096
 0 0.897428
 0 0.990688
 0 0.968954
 0 0.93364
 0 1.19263
 0 0.9774
 0 0.938056
 0 1.23794
 0 1.09315
 0 0.988898
 0 1.04601
 0 0.982604
 0 1.03969
 0 1.17523
 0 1.26414
 0 0.922248
 0 1.15942
 0 0.746986
 0 1.11466
 0 0.909766
 0 0.986348
 0 1.30615
 0 0.978924
 0 0.816018
 0 1.04153
 0 0.74342
 0 1.07937
 0 1.00581
 0 1.2904
 0 1.00408
 0 1.1242
 0 0.811284
 0 1.29859
 0 0.87699
 0 1.04224
 0 1.05096
 0 1.0388
 0 1.13922
 0 0.987692
 0 1.16035
 0 0.996464
 0 0.92518
 0 1.21362
 0 0.934208
 0 0.976592
 0 0.9359
 0 1.12635
 0 1.13227
 0 0.85015
 0 0.87534
 0 1.02212
 0 1.02746
 0 0.92441
 0 0.834796
 0 0.885826
 0 0.832822
 0 1.0162
 0 1.01233
 0 0.956762
 0 1.07923
 0 1.03984
 0 0.964882
 0 1.14812
 0 0.907704
 0 0.986542
 0 0.903358
 0 1.01018
 0 1.03722
 0 1.00296
 0 1.00672
 0 0.855038
 0 1.22012
 0 1.00744
 0 0.985044
 0 1.1347
 0 1.09138
 0 1.0966
 0 1.10235
 0 0.765782
 0 1.08156
 0 0.89376
 0 1.19485
 0 0.909566
 0 0.958036
 0 1.02812
 0 1.21396
 0 0.9109
 0 1.01054
 0 0.871324
 0 0.939044
 0 1.09851
 0 0.924992
 0 0.937782
 0 1.17844
 0 0.914832
 0 0.917654
 0 0.93287
 0 0.887242
 0 0.95877
 0 1.1712
 0 0.982038
 0 0.829184
 0 1.10232
 0 1.01335
 0 1.06316
 0 0.881538
 0 0.955986
 0 1.01577
 0 0.90735
 0 1.11404
 0 1.15011
 0 1.22867
 0 1.0378
 0 1.02257
 0 1.02095
 0 1.05683
 0 1.01414
 0 1.0068
 0 0.878414
 0 1.22723
 0 0.872034
 0 0.955906
 0 1.00932
 0 0.801564
 0 0.918354
 0 0.874066
 0 1.24395
 0 1.06697
 0 0.987386
 0 0.979512
 0 1.07391
 0 1.02268
 0 0.915796
 0 0.97051
 0 0.846398
 0 0.97225
 0 1.04061
 0 1.01675
 0 1.09351
 0 0.984214
 0 1.09309
 0 1.1007
 0 0.915152
 0 1.02576
 0 0.929132
 0 1.11045
 0 1.10329
 0 0.950094
 0 0.990084
 0 1.12436
 0 1.03465
 0 1.12981
 0 1.23003
 0 0.918144
 0 0.957776
 0 1.05725
 0 1.05891
 0 1.09253
 0 1.01394
 0 0.802334
 0 0.840356
 0 0.917102
 0 0.740198
 0 1.0382
 0 0.949872
 0 1.04431
 0 0.859662
 0 0.998066
 0 0.778406
 0 1.33086
 0 1.02138
 0 0.95685
 0 0.9188
 0 0.975766
 0 1.03971
 0 1.17949
 0 1.24761
 0 0.933008
 0 1.00882
 0 0.962978
 0 1.04188
 0 1.05578
 0 1.08786
 0 1.1741
 0 1.02145
 0 1.21065
 0 0.963298
 0 0.956356
 0 1.0099
 0 1.08946
 0 1.04531
 0 0.98521
 0 1.18584
 0 1.31529
 0 0.759822
 0 0.936448
 0 1.23387
 0 1.08633
 0 1.05207
 0 1.08037
 0 1.02226
 0 0.89002
 0 0.989064
 0 1.15544
 0 1.02091
 0 1.13205
 0 1.02282
 0 0.853524
 0 1.08973
 0 1.21381
 0 1.24595
 0 0.937416
 0 1.19046
 0 1.03968
 0 1.14016
 0 0.947412
 0 1.01325
 0 0.98483
 0 0.86784
 0 0.912942
 0 1.10959
 0 0.931518
 0 1.05969
 0 1.02222
 0 0.880054
 0 0.7124
 0 0.920102
 0 1.06418
 0 1.04574
 0 1.24449
 0 1.00054
 0 0.926754
 0 0.879748
 0 0.83435
 0 0.936976
 0 1.05903
 0 0.931358
 0 0.910724
 0 1.07098
 0 0.917146
