535 1 0 0 1
 0 0.439424
 0 0.390785
 0 0.467215
 0 0.444808
 0 0.495885
 0 0.39385
 0 0.430043
 0 0.394803
 0 0.439225
 0 0.370557
 0 0.475694
 0 0.452688
 0 0.397297
 0 0.399585
 0 0.362696
 0 0.460461
 0 0.461306
 0 0.432501
 0 0.464851
 0 0.585437
 0 0.350276
 0 0.403712
 0 0.485982
 0 0.405373
 0 0.462565
 0 0.397513
 0 0.389397
 0 0.490997
 0 0.43105
 0 0.538521
 0 0.496661
 0 0.442659
 0 0.487082
 0 0.397063
 0 0.347781
 0 0.42064
 0 0.449672
 0 0.488501
 0 0.462564
 0 0.370834
 0 0.543798
 0 0.519093
 0 0.454535
 0 0.50088
 0 0.406564
 0 0.443555
 0 0.490677
 0 0.465997
 0 0.465804
 0 0.543891
 0 0.420689
 0 0.508072
 0 0.484716
 0 0.474103
 0 0.442388
 0 0.495675
 0 0.365386
 0 0.433238
 0 0.378953
 0 0.426161
 0 0.455807
 0 0.36307
 0 0.520948
 0 0.395513
 0 0.452487
 0 0.402828
 0 0.359074
 0 0.404344
 0 0.410116
 0 0.465713
 0 0.420634
 0 0.48441
 0 0.44992
 0 0.435879
 0 0.340252
 0 0.482749
 0 0.524827
 0 0.479855
 0 0.453422
 0 0.517213
 0 0.437567
 0 0.433003
 0 0.557055
 0 0.423256
 0 0.33928
 0 0.457867
 0 0.50933
 0 0.433611
 0 0.510391
 0 0.439445
 0 0.433662
 0 0.411112
 0 0.376786
 0 0.472149
 0 0.515601
 0 0.511282
 0 0.448692
 0 0.389249
 0 0.388253
 0 0.485752
 0 0.437836
 0 0.518199
 0 0.432328
 0 0.451622
 0 0.458149
 0 0.455763
 0 0.392915
 0 0.402673
 0 0.434964
 0 0.365431
 0 0.490104
 0 0.396546
 0 0.365052
 0 0.498429
 0 0.473492
 0 0.397201
 0 0.406094
 0 0.424753
 0 0.443626
 0 0.400552
 0 0.470099
 0 0.549518
 0 0.474451
 0 0.454254
 0 0.392191
 0 0.328061
 0 0.526418
 0 0.453393
 0 0.410067
 0 0.349976
 0 0.48052
 0 0.509601
 0 0.389769
 0 0.477364
 0 0.522031
 0 0.37195
 0 0.520565
 0 0.547523
 0 0.522862
 0 0.528857
 0 0.503739
 0 0.467516
 0 0.358517
 0 0.358103
 0 0.4002
 0 0.390226
 0 0.322569
 0 0.499726
 0 0.442023
 0 0.502739
 0 0.559048
 0 0.436425
 0 0.451604
 0 0.428231
 0 0.431717
 0 0.565864
 0 0.481063
 0 0.374013
 0 0.435872
 0 0.468563
 0 0.515019
 0 0.48012
 0 0.485353
 0 0.499882
 0 0.404652
 0 0.442934
 0 0.403605
 0 0.467153
 0 0.532455
 0 0.500932
 0 0.471736
 0 0.405417
 0 0.36063
 0 0.503355
 0 0.472353
 0 0.632204
 0 0.440766
 0 0.393842
 0 0.440501
 0 0.532151
 0 0.444154
 0 0.496679
 0 0.531692
 0 0.354468
 0 0.492435
 0 0.491397
 0 0.447691
 0 0.537245
 0 0.490576
 0 0.522873
 0 0.33989
 0 0.519504
 0 0.548753
 0 0.410492
 0 0.395325
 0 0.422324
 0 0.454905
 0 0.434804
 0 0.439331
 0 0.516964
 0 0.471603
 0 0.475677
 0 0.431534
 0 0.427354
 0 0.426739
 0 0.461226
 0 0.544465
 0 0.410127
 0 0.577472
 0 0.622353
 0 0.512599
 0 0.430449
 0 0.535908
 0 0.419923
 0 0.490317
 0 0.541187
 0 0.471221
 0 0.376112
 0 0.482078
 0 0.603315
 0 0.44648
 0 0.484799
 0 0.401966
 0 0.502826
 0 0.374873
 0 0.430688
 0 0.405895
 0 0.413511
 0 0.5152
 0 0.399032
 0 0.535202
 0 0.621107
 0 0.575884
 0 0.35073
 0 0.387566
 0 0.398202
 0 0.443664
 0 0.481439
 0 0.50413
 0 0.397217
 0 0.422338
 0 0.557884
 0 0.512311
 0 0.465635
 0 0.41562
 0 0.435861
 0 0.390102
 0 0.424395
 0 0.510239
 0 0.475586
 0 0.482456
 0 0.448128
 0 0.508788
 0 0.499221
 0 0.52485
 0 0.406393
 0 0.467591
 0 0.411159
 0 0.474395
 0 0.448362
 0 0.530387
 0 0.456385
 0 0.433998
 0 0.431813
 0 0.560584
 0 0.329733
 0 0.471131
 0 0.465201
 0 0.505028
 0 0.475406
 0 0.383104
 0 0.373754
 0 0.609738
 0 0.280937
 0 0.435907
 0 0.46168
 0 0.420636
 0 0.365904
 0 0.408681
 0 0.462849
 0 0.467366
 0 0.458692
 0 0.432107
 0 0.550593
 0 0.438443
 0 0.466759
 0 0.471555
 0 0.433867
 0 0.470666
 0 0.249077
 0 0.302337
 0 0.45867
 0 0.529172
 0 0.510709
 0 0.437971
 0 0.368987
 0 0.451424
 0 0.421203
 0 0.482822
 0 0.428825
 0 0.452735
 0 0.520751
 0 0.397791
 0 0.435775
 0 0.480361
 0 0.445411
 0 0.49256
 0 0.536106
 0 0.465741
 0 0.480261
 0 0.488878
 0 0.488713
 0 0.375108
 0 0.522342
 0 0.456007
 0 0.49754
 0 0.461423
 0 0.439427
 0 0.520235
 0 0.491433
 0 0.383889
 0 0.449486
 0 0.459378
 0 0.494133
 0 0.417802
 0 0.37507
 0 0.465522
 0 0.495594
 0 0.394429
 0 0.409748
 0 0.50881
 0 0.442031
 0 0.463186
 0 0.476697
 0 0.455814
 0 0.490003
 0 0.350395
 0 0.57963
 0 0.36794
 0 0.544153
 0 0.448424
 0 0.385946
 0 0.339298
 0 0.384469
 0 0.476976
 0 0.542409
 0 0.466371
 0 0.366462
 0 0.389096
 0 0.449595
 0 0.319622
 0 0.506809
 0 0.42855
 0 0.345186
 0 0.461342
 0 0.50834
 0 0.521619
 0 0.5605
 0 0.528542
 0 0.355528
 0 0.400068
 0 0.492431
 0 0.555931
 0 0.550714
 0 0.467472
 0 0.483162
 0 0.413198
 0 0.393837
 0 0.431297
 0 0.522501
 0 0.560618
 0 0.540709
 0 0.411291
 0 0.454244
 0 0.435923
 0 0.559301
 0 0.487568
 0 0.519839
 0 0.458794
 0 0.430058
 0 0.578426
 0 0.437621
 0 0.474446
 0 0.520802
 0 0.371333
 0 0.42596
 0 0.442098
 0 0.478039
 0 0.401919
 0 0.46721
 0 0.504032
 0 0.400181
 0 0.461886
 0 0.48393
 0 0.433607
 0 0.413209
 0 0.438171
 0 0.405894
 0 0.509616
 0 0.527894
 0 0.430016
 0 0.505473
 0 0.493895
 0 0.55402
 0 0.460035
 0 0.447689
 0 0.433923
 0 0.45866
 0 0.493651
 0 0.464388
 0 0.459341
 0 0.372295
 0 0.410298
 0 0.442688
 0 0.457995
 0 0.419439
 0 0.494227
 0 0.439679
 0 0.462863
 0 0.485689
 0 0.416573
 0 0.487014
 0 0.45832
 0 0.416472
 0 0.481774
 0 0.453283
 0 0.469213
 0 0.483143
 0 0.452494
 0 0.38122
 0 0.366496
 0 0.510721
 0 0.501021
 0 0.424613
 0 0.492004
 0 0.409077
 0 0.548652
 0 0.468566
 0 0.492923
 0 0.386498
 0 0.487749
 0 0.424539
 0 0.476272
 0 0.40865
 0 0.446379
 0 0.508161
 0 0.464089
 0 0.532027
 0 0.440948
 0 0.426566
 0 0.435611
 0 0.519115
 0 0.507541
 0 0.521271
 0 0.371543
 0 0.525738
 0 0.483866
 0 0.454664
 0 0.402402
 0 0.451351
 0 0.351543
 0 0.523003
 0 0.434989
 0 0.387007
 0 0.494227
 0 0.441204
 0 0.536455
 0 0.473607
 0 0.453605
 0 0.506185
 0 0.552147
 0 0.528298
 0 0.393712
 0 0.551868
 0 0.419961
 0 0.502293
 0 0.444176
 0 0.440976
 0 0.656347
 0 0.464683
 0 0.407938
 0 0.471663
 0 0.385324
 0 0.457791
 0 0.412528
 0 0.514218
 0 0.469667
 0 0.496577
 0 0.406333
 0 0.35185
 0 0.438987
 0 0.545688
 0 0.541739
 0 0.466781
 0 0.465091
 0 0.475091
 0 0.391032
 0 0.441745
 0 0.519558
 0 0.438262
 0 0.528007
 0 0.521685
 0 0.352699
 0 0.50816
 0 0.383462
 0 0.467018
 0 0.432053
 0 0.427331
 0 0.423065
 0 0.485527
 0 0.45554
 0 0.411346
 0 0.409045
 0 0.427918
 0 0.560676
 0 0.480434
 0 0.359636
 0 0.471042
 0 0.517037
 0 0.445647
 0 0.469583
 0 0.435454
 0 0.53087
 0 0.478245
 0 0.527591
 0 0.486518
 0 0.478675
 0 0.484122
 0 0.52746
 0 0.591346
 0 0.481181
 0 0.335581
 0 0.310933
 0 0.428002
 0 0.499164
