535 1 0 0 1
 0 -1.16795
 0 -0.981284
 0 -0.956226
 0 -0.743408
 0 -1.1073
 0 -0.847674
 0 -0.998998
 0 -0.811088
 0 -1.00265
 0 -0.79848
 0 -0.86912
 0 -1.03465
 0 -0.817132
 0 -0.818996
 0 -1.03103
 0 -0.91169
 0 -0.962784
 0 -0.79824
 0 -0.87259
 0 -1.11055
 0 -0.91753
 0 -0.715514
 0 -1.09619
 0 -0.774534
 0 -0.941868
 0 -1.16475
 0 -0.976562
 0 -1.1388
 0 -0.954658
 0 -0.97068
 0 -0.919364
 0 -0.995488
 0 -0.98929
 0 -0.859196
 0 -0.927502
 0 -0.980622
 0 -0.905376
 0 -0.861118
 0 -0.707762
 0 -1.03622
 0 -1.11291
 0 -0.858596
 0 -0.923678
 0 -0.967882
 0 -0.93842
 0 -0.92876
 0 -0.987766
 0 -0.984848
 0 -1.245
 0 -0.94558
 0 -1.03815
 0 -1.04332
 0 -0.942836
 0 -1.07698
 0 -1.11215
 0 -0.907344
 0 -0.983234
 0 -0.788938
 0 -0.742202
 0 -0.823796
 0 -0.78166
 0 -1.11816
 0 -0.878278
 0 -0.88318
 0 -0.814898
 0 -1.16284
 0 -0.753418
 0 -0.96632
 0 -0.945076
 0 -0.919946
 0 -0.975666
 0 -0.741184
 0 -0.864916
 0 -0.96326
 0 -0.734792
 0 -0.890396
 0 -0.933532
 0 -0.898806
 0 -0.931628
 0 -0.841856
 0 -0.98548
 0 -0.875424
 0 -0.870562
 0 -0.951584
 0 -0.97953
 0 -0.850548
 0 -1.17271
 0 -0.804528
 0 -1.02154
 0 -0.9533
 0 -0.945622
 0 -0.935344
 0 -0.673474
 0 -0.868424
 0 -0.817932
 0 -1.05992
 0 -1.25723
 0 -0.64708
 0 -0.855374
 0 -0.932914
 0 -0.891378
 0 -0.832786
 0 -0.833408
 0 -1.19992
 0 -1.14187
 0 -1.14167
 0 -0.960158
 0 -0.909496
 0 -0.816588
 0 -0.634376
 0 -1.07855
 0 -1.02183
 0 -0.86526
 0 -0.983904
 0 -0.917942
 0 -1.05036
 0 -0.774212
 0 -0.938916
 0 -0.890006
 0 -0.772158
 0 -0.901244
 0 -1.03521
 0 -0.69301
 0 -0.905888
 0 -0.8287
 0 -1.0227
 0 -0.875362
 0 -1.13947
 0 -0.871844
 0 -0.941396
 0 -0.864122
 0 -1.11095
 0 -1.10139
 0 -0.970224
 0 -1.15296
 0 -1.00228
 0 -0.840652
 0 -0.93965
 0 -1.10073
 0 -0.796756
 0 -0.774266
 0 -0.895388
 0 -0.908384
 0 -0.950266
 0 -0.997886
 0 -0.89242
 0 -0.851208
 0 -1.04428
 0 -1.14086
 0 -1.03299
 0 -0.847596
 0 -0.947958
 0 -0.880828
 0 -0.80658
 0 -0.699008
 0 -1.01302
 0 -0.94059
 0 -0.974816
 0 -0.694242
 0 -1.11835
 0 -0.842942
 0 -0.824086
 0 -0.949768
 0 -1.00588
 0 -1.14029
 0 -0.986154
 0 -1.00401
 0 -0.993938
 0 -0.945472
 0 -0.86203
 0 -0.776146
 0 -0.933438
 0 -0.652296
 0 -1.10399
 0 -0.849526
 0 -1.07802
 0 -1.02166
 0 -0.738856
 0 -0.890036
 0 -0.944922
 0 -0.943488
 0 -0.998872
 0 -0.832346
 0 -1.02908
 0 -0.744572
 0 -0.784082
 0 -0.533454
 0 -1.09019
 0 -0.936166
 0 -0.95948
 0 -0.894048
 0 -0.996494
 0 -0.878446
 0 -0.86805
 0 -1.03221
 0 -0.919476
 0 -1.05712
 0 -0.82862
 0 -0.77926
 0 -1.17258
 0 -0.772494
 0 -1.03125
 0 -0.912916
 0 -1.24634
 0 -0.874228
 0 -0.870592
 0 -1.00881
 0 -1.04124
 0 -0.995362
 0 -0.993086
 0 -1.22007
 0 -0.903446
 0 -0.903788
 0 -1.13133
 0 -0.824468
 0 -1.12214
 0 -1.10692
 0 -0.965842
 0 -1.13125
 0 -1.0865
 0 -1.05419
 0 -0.968074
 0 -1.12025
 0 -1.02896
 0 -0.848596
 0 -0.821124
 0 -1.005
 0 -0.867008
 0 -0.972632
 0 -1.09648
 0 -1.22821
 0 -0.932694
 0 -0.896252
 0 -0.777438
 0 -0.699226
 0 -1.14648
 0 -1.03576
 0 -0.90425
 0 -0.886204
 0 -0.919174
 0 -1.15231
 0 -0.92108
 0 -0.832686
 0 -0.748398
 0 -0.799898
 0 -0.998824
 0 -0.812452
 0 -0.973386
 0 -1.00125
 0 -0.967346
 0 -1.00058
 0 -0.80363
 0 -0.911562
 0 -0.888586
 0 -1.02296
 0 -1.12598
 0 -1.14941
 0 -1.06836
 0 -1.0484
 0 -0.777724
 0 -1.02759
 0 -0.96311
 0 -0.833632
 0 -1.13202
 0 -0.935554
 0 -0.882154
 0 -0.968204
 0 -0.942004
 0 -1.04985
 0 -1.11073
 0 -0.650238
 0 -0.989118
 0 -0.825496
 0 -0.964886
 0 -0.91513
 0 -0.781556
 0 -1.13356
 0 -0.907212
 0 -1.09358
 0 -0.869836
 0 -0.914104
 0 -0.697622
 0 -0.794302
 0 -1.05193
 0 -1.03781
 0 -1.08484
 0 -0.910934
 0 -0.87174
 0 -1.1313
 0 -0.706522
 0 -0.863048
 0 -0.930598
 0 -0.927316
 0 -1.13868
 0 -0.80656
 0 -0.898906
 0 -1.08691
 0 -0.877202
 0 -0.858612
 0 -1.13121
 0 -0.945108
 0 -0.89489
 0 -0.988298
 0 -1.10443
 0 -0.880052
 0 -0.87806
 0 -1.03524
 0 -1.05748
 0 -0.912704
 0 -1.16059
 0 -0.853194
 0 -0.920476
 0 -0.902268
 0 -0.873366
 0 -0.86789
 0 -0.737226
 0 -0.961686
 0 -1.01957
 0 -0.944742
 0 -0.936694
 0 -1.14804
 0 -1.11943
 0 -1.09422
 0 -1.02291
 0 -1.1269
 0 -0.899074
 0 -0.904156
 0 -1.18482
 0 -0.8429
 0 -0.961922
 0 -0.80741
 0 -0.814124
 0 -0.915632
 0 -1.00933
 0 -0.811286
 0 -0.80414
 0 -0.570688
 0 -0.996668
 0 -0.96295
 0 -0.777532
 0 -1.10522
 0 -1.00828
 0 -0.909562
 0 -0.948718
 0 -1.00495
 0 -0.753624
 0 -1.01494
 0 -0.889378
 0 -0.903258
 0 -0.78327
 0 -1.15284
 0 -1.04643
 0 -1.01314
 0 -0.746532
 0 -0.925912
 0 -0.920818
 0 -0.99638
 0 -0.897572
 0 -0.746902
 0 -0.81158
 0 -0.706918
 0 -1.15202
 0 -0.89384
 0 -1.03622
 0 -0.947886
 0 -0.983584
 0 -0.865918
 0 -1.01425
 0 -0.9339
 0 -1.08065
 0 -0.977408
 0 -1.26603
 0 -1.11788
 0 -0.812886
 0 -1.01813
 0 -1.07223
 0 -0.877544
 0 -0.976564
 0 -0.917136
 0 -0.953394
 0 -0.929426
 0 -0.910224
 0 -0.81494
 0 -1.08355
 0 -0.95828
 0 -0.984644
 0 -0.907928
 0 -0.993618
 0 -0.97362
 0 -0.806434
 0 -0.78315
 0 -0.969278
 0 -1.0602
 0 -1.09421
 0 -1.02801
 0 -0.888124
 0 -0.718924
 0 -1.10123
 0 -1.08338
 0 -1.27216
 0 -0.954882
 0 -0.917554
 0 -0.845678
 0 -0.989708
 0 -1.02006
 0 -0.925516
 0 -1.10319
 0 -0.77657
 0 -1.11972
 0 -0.78574
 0 -0.889658
 0 -0.890892
 0 -0.943084
 0 -1.07282
 0 -0.980396
 0 -0.751478
 0 -0.946426
 0 -0.952942
 0 -0.871004
 0 -1.10289
 0 -0.910338
 0 -0.796694
 0 -0.921708
 0 -0.925988
 0 -0.928378
 0 -1.02608
 0 -0.960102
 0 -0.923822
 0 -0.982338
 0 -0.977562
 0 -1.21542
 0 -0.764436
 0 -1.07288
 0 -0.72603
 0 -0.75471
 0 -0.888382
 0 -1.18323
 0 -0.547484
 0 -1.09756
 0 -1.01909
 0 -0.928558
 0 -1.22812
 0 -1.02151
 0 -1.04823
 0 -1.02675
 0 -0.944056
 0 -1.18344
 0 -0.909108
 0 -0.878168
 0 -0.938724
 0 -0.841054
 0 -1.11228
 0 -0.902888
 0 -1.11004
 0 -0.85802
 0 -0.984588
 0 -0.778858
 0 -0.992
 0 -0.949364
 0 -1.07565
 0 -0.866766
 0 -1.01743
 0 -0.964922
 0 -0.9257
 0 -0.903672
 0 -1.15621
 0 -0.721128
 0 -1.04123
 0 -0.792402
 0 -1.00618
 0 -1.25804
 0 -1.14987
 0 -1.12082
 0 -0.934446
 0 -0.753416
 0 -0.839314
 0 -1.10868
 0 -1.19971
 0 -0.97611
 0 -1.06576
 0 -0.986784
 0 -1.02824
 0 -1.022
 0 -0.996152
 0 -0.941938
 0 -0.8923
 0 -1.03239
 0 -1.10494
 0 -0.949394
 0 -0.945442
 0 -0.836274
 0 -0.836604
 0 -0.960802
 0 -1.03243
 0 -0.813312
 0 -0.940432
 0 -0.840078
 0 -0.905688
 0 -1.39785
 0 -0.754558
 0 -0.941058
 0 -0.747902
 0 -0.666478
 0 -0.893226
 0 -0.675842
 0 -0.955544
 0 -1.00045
 0 -1.1577
 0 -1.11704
 0 -0.863162
 0 -0.753816
 0 -1.003
 0 -0.938074
 0 -0.80417
 0 -0.926842
 0 -0.990258
 0 -1.00025
 0 -1.06337
 0 -0.827214
 0 -1.14269
 0 -1.0084
 0 -0.872974
 0 -0.852148
 0 -1.15734
 0 -1.04678
 0 -0.881692
 0 -0.90697
 0 -0.95994
 0 -0.854294
 0 -1.03478
 0 -0.936654
 0 -0.862008
 0 -0.951648
 0 -0.964828
 0 -1.11543
