535 1 0 0 1
 0 0.6478
 0 0.710896
 0 0.474742
 0 0.401971
 0 0.49433
 0 0.310393
 0 0.450296
 0 0.242212
 0 0.613138
 0 0.303086
 0 0.215009
 0 0.532498
 0 0.291315
 0 0.638
 0 0.447004
 0 0.737197
 0 0.373628
 0 0.497279
 0 0.670295
 0 0.767094
 0 0.207786
 0 0.449101
 0 0.433779
 0 0.545334
 0 0.297898
 0 0.638439
 0 0.53118
 0 0.750157
 0 0.552214
 0 0.136336
 0 0.677785
 0 0.407788
 0 0.65251
 0 0.315664
 0 0.573726
 0 0.587982
 0 0.584341
 0 0.31175
 0 0.339109
 0 0.531954
 0 0.519653
 0 0.596764
 0 0.448424
 0 0.550632
 0 0.508429
 0 0.721134
 0 0.511581
 0 0.491744
 0 0.681622
 0 0.552724
 0 0.680414
 0 0.471522
 0 0.584853
 0 0.43603
 0 0.673109
 0 0.633551
 0 0.440879
 0 0.451981
 0 0.346708
 0 0.413295
 0 0.309705
 0 0.494962
 0 0.510747
 0 0.605308
 0 0.635865
 0 0.56897
 0 0.335923
 0 0.505089
 0 0.355565
 0 0.492343
 0 0.310671
 0 0.411426
 0 0.397481
 0 0.480033
 0 0.295353
 0 0.554261
 0 0.440608
 0 0.247555
 0 0.623596
 0 0.576759
 0 0.446415
 0 0.333021
 0 0.274953
 0 0.438828
 0 0.370002
 0 0.380189
 0 0.563064
 0 0.696999
 0 0.699025
 0 0.653993
 0 0.276464
 0 0.367046
 0 0.436394
 0 0.473905
 0 0.404064
 0 0.462912
 0 0.664893
 0 0.53979
 0 0.310376
 0 0.353229
 0 0.19273
 0 0.329213
 0 0.61574
 0 0.27756
 0 0.500842
 0 0.442193
 0 0.405291
 0 0.230684
 0 0.404501
 0 0.262336
 0 0.670822
 0 0.298433
 0 0.249268
 0 0.586964
 0 0.684058
 0 0.470828
 0 0.266891
 0 0.446546
 0 0.392296
 0 0.453871
 0 0.410188
 0 0.35485
 0 0.650618
 0 0.391158
 0 0.444261
 0 0.385855
 0 0.54002
 0 0.32037
 0 0.507171
 0 0.529816
 0 0.422769
 0 0.570687
 0 0.34887
 0 0.463747
 0 0.452538
 0 0.383422
 0 0.321476
 0 0.0752956
 0 0.384068
 0 0.338849
 0 0.429275
 0 0.484925
 0 0.206538
 0 0.637001
 0 0.341256
 0 0.316896
 0 0.541537
 0 0.537054
 0 0.323693
 0 0.60048
 0 0.669214
 0 0.472636
 0 0.390321
 0 0.315738
 0 0.318267
 0 0.545395
 0 0.651059
 0 0.309416
 0 0.371045
 0 0.536865
 0 0.411511
 0 0.383481
 0 0.635102
 0 0.493493
 0 0.62705
 0 0.21789
 0 0.669906
 0 0.517263
 0 0.394711
 0 0.312924
 0 0.716694
 0 0.383026
 0 0.304835
 0 0.441437
 0 0.824324
 0 0.499003
 0 0.496899
 0 0.372099
 0 0.333991
 0 0.597088
 0 0.401163
 0 0.685206
 0 0.524338
 0 0.539277
 0 0.386734
 0 0.367777
 0 0.538752
 0 0.378435
 0 0.686309
 0 0.612732
 0 0.600366
 0 0.227083
 0 0.568128
 0 0.526801
 0 0.646618
 0 0.383311
 0 0.723807
 0 0.50959
 0 0.497112
 0 0.534469
 0 0.601341
 0 0.459492
 0 0.566149
 0 0.385702
 0 0.52496
 0 0.244581
 0 0.382853
 0 0.354219
 0 0.56515
 0 0.497067
 0 0.464278
 0 0.230659
 0 0.464668
 0 0.446649
 0 0.560372
 0 0.4818
 0 0.739404
 0 0.587871
 0 0.33167
 0 0.561007
 0 0.674726
 0 0.701115
 0 0.516299
 0 0.51659
 0 0.314979
 0 0.406222
 0 0.610468
 0 0.465023
 0 0.494762
 0 0.546787
 0 0.607885
 0 0.760898
 0 0.49358
 0 0.636416
 0 0.346227
 0 0.505522
 0 0.11964
 0 0.48964
 0 0.270403
 0 0.675526
 0 0.477293
 0 0.440922
 0 0.44203
 0 0.353047
 0 0.456799
 0 0.543256
 0 0.30523
 0 0.38388
 0 0.307483
 0 0.655765
 0 0.664528
 0 0.426302
 0 0.175858
 0 0.47258
 0 0.266774
 0 0.435338
 0 0.486051
 0 0.244151
 0 0.450603
 0 0.483305
 0 0.542419
 0 0.106078
 0 0.278954
 0 0.473082
 0 0.662163
 0 0.419962
 0 0.399501
 0 0.601279
 0 0.394876
 0 0.296493
 0 0.487133
 0 0.453968
 0 0.295255
 0 0.53512
 0 0.330319
 0 0.375828
 0 0.444586
 0 0.40464
 0 0.624634
 0 0.607275
 0 0.581778
 0 0.311147
 0 0.31464
 0 0.469861
 0 0.507007
 0 0.354449
 0 0.540458
 0 0.808972
 0 0.547251
 0 0.351831
 0 0.343517
 0 0.318596
 0 0.426057
 0 0.66814
 0 0.443069
 0 0.867567
 0 0.291948
 0 0.573744
 0 0.504246
 0 0.369783
 0 0.417797
 0 0.524388
 0 0.4064
 0 0.233277
 0 0.0250885
 0 0.504873
 0 0.590272
 0 0.710497
 0 0.412993
 0 0.587284
 0 0.337774
 0 0.171832
 0 0.408063
 0 0.554516
 0 0.327529
 0 0.476215
 0 0.363541
 0 0.347932
 0 0.425065
 0 0.459356
 0 0.67487
 0 0.417344
 0 0.608333
 0 0.564424
 0 0.215602
 0 0.356653
 0 0.588633
 0 0.76688
 0 0.420653
 0 0.468247
 0 0.512306
 0 0.420852
 0 0.355589
 0 0.438536
 0 0.442742
 0 0.277414
 0 0.176638
 0 0.847017
 0 0.636079
 0 0.632679
 0 0.633967
 0 0.471478
 0 0.471968
 0 0.477367
 0 0.433015
 0 0.151088
 0 0.418447
 0 0.383307
 0 0.407836
 0 0.406253
 0 0.209186
 0 0.419896
 0 0.538539
 0 0.501528
 0 0.425234
 0 0.296702
 0 0.374768
 0 0.42256
 0 0.757402
 0 0.53705
 0 0.418422
 0 0.437614
 0 0.37281
 0 0.578293
 0 0.62502
 0 0.548185
 0 0.226503
 0 0.544727
 0 0.397534
 0 0.50966
 0 0.528974
 0 0.660631
 0 0.26648
 0 0.35677
 0 0.229631
 0 0.636747
 0 0.417119
 0 0.438812
 0 0.414269
 0 0.514495
 0 0.354978
 0 0.350158
 0 0.545971
 0 0.604248
 0 0.413431
 0 0.542074
 0 0.354446
 0 0.60683
 0 0.225786
 0 0.714379
 0 0.450098
 0 0.491937
 0 0.533459
 0 0.696711
 0 0.534907
 0 0.110238
 0 0.411002
 0 0.371148
 0 0.571991
 0 0.524257
 0 0.614818
 0 0.458549
 0 0.404755
 0 0.496784
 0 0.428902
 0 0.334625
 0 0.221155
 0 0.317446
 0 0.623261
 0 0.684225
 0 0.463857
 0 0.391184
 0 0.435842
 0 0.559276
 0 0.26946
 0 0.491275
 0 0.563556
 0 0.303738
 0 0.541111
 0 0.456876
 0 0.548894
 0 0.482562
 0 0.69038
 0 0.433609
 0 0.506581
 0 0.391296
 0 0.327327
 0 0.202224
 0 0.308431
 0 0.553157
 0 0.444586
 0 0.296916
 0 0.621353
 0 0.437955
 0 0.639236
 0 0.33825
 0 0.417525
 0 0.403058
 0 0.42057
 0 0.599876
 0 0.604908
 0 0.709469
 0 0.461375
 0 0.430425
 0 0.387493
 0 0.537534
 0 0.526938
 0 0.310835
 0 0.457118
 0 0.515757
 0 0.350975
 0 0.427995
 0 0.555393
 0 0.587246
 0 0.3971
 0 0.477907
 0 0.750551
 0 0.494983
 0 0.458827
 0 0.455405
 0 0.279532
 0 0.447404
 0 0.203251
 0 0.72502
 0 0.384293
 0 0.414668
 0 0.365252
 0 0.466778
 0 0.244751
 0 0.3812
 0 0.4233
 0 0.308596
 0 0.429362
 0 0.434759
 0 0.357305
 0 0.485614
 0 0.185183
 0 0.547228
 0 0.695605
 0 0.41768
 0 0.558364
 0 0.611864
 0 0.196631
 0 0.541005
 0 0.566275
 0 0.525389
 0 0.743029
 0 0.448841
 0 0.242074
 0 0.335856
 0 0.425042
 0 0.484259
 0 0.288923
 0 0.725224
 0 0.632612
 0 0.221428
 0 0.324558
 0 0.434102
 0 0.364792
 0 0.42857
 0 0.3583
 0 0.302675
 0 0.410922
 0 0.389704
 0 0.596523
 0 0.641205
 0 0.498614
 0 0.551299
 0 0.505991
 0 0.500775
 0 0.640706
 0 0.341555
 0 0.833101
 0 0.523298
 0 0.224734
 0 0.419678
 0 0.469318
 0 0.569732
 0 0.208093
 0 0.34104
 0 0.380352
 0 0.611476
 0 0.401805
 0 0.608479
 0 0.666843
 0 0.449166
 0 0.292168
 0 0.821232
 0 0.307812
 0 0.333918
 0 0.425434
 0 0.301051
 0 0.502258
 0 0.551111
 0 0.685885
