535 1 0 0 1
 0 1.2956
 0 1.42179
 0 0.949484
 0 0.803942
 0 0.98866
 0 0.620786
 0 0.900592
 0 0.484424
 0 1.22628
 0 0.606172
 0 0.430018
 0 1.065
 0 0.58263
 0 1.276
 0 0.894008
 0 1.47439
 0 0.747256
 0 0.994558
 0 1.34059
 0 1.53419
 0 0.415572
 0 0.898202
 0 0.867558
 0 1.09067
 0 0.595796
 0 1.27688
 0 1.06236
 0 1.50031
 0 1.10443
 0 0.272672
 0 1.35557
 0 0.815576
 0 1.30502
 0 0.631328
 0 1.14745
 0 1.17596
 0 1.16868
 0 0.6235
 0 0.678218
 0 1.06391
 0 1.03931
 0 1.19353
 0 0.896848
 0 1.10126
 0 1.01686
 0 1.44227
 0 1.02316
 0 0.983488
 0 1.36324
 0 1.10545
 0 1.36083
 0 0.943044
 0 1.16971
 0 0.87206
 0 1.34622
 0 1.2671
 0 0.881758
 0 0.903962
 0 0.693416
 0 0.82659
 0 0.61941
 0 0.989924
 0 1.02149
 0 1.21062
 0 1.27173
 0 1.13794
 0 0.671846
 0 1.01018
 0 0.71113
 0 0.984686
 0 0.621342
 0 0.822852
 0 0.794962
 0 0.960066
 0 0.590706
 0 1.10852
 0 0.881216
 0 0.49511
 0 1.24719
 0 1.15352
 0 0.89283
 0 0.666042
 0 0.549906
 0 0.877656
 0 0.740004
 0 0.760378
 0 1.12613
 0 1.394
 0 1.39805
 0 1.30799
 0 0.552928
 0 0.734092
 0 0.872788
 0 0.94781
 0 0.808128
 0 0.925824
 0 1.32979
 0 1.07958
 0 0.620752
 0 0.706458
 0 0.38546
 0 0.658426
 0 1.23148
 0 0.55512
 0 1.00168
 0 0.884386
 0 0.810582
 0 0.461368
 0 0.809002
 0 0.524672
 0 1.34164
 0 0.596866
 0 0.498536
 0 1.17393
 0 1.36812
 0 0.941656
 0 0.533782
 0 0.893092
 0 0.784592
 0 0.907742
 0 0.820376
 0 0.7097
 0 1.30124
 0 0.782316
 0 0.888522
 0 0.77171
 0 1.08004
 0 0.64074
 0 1.01434
 0 1.05963
 0 0.845538
 0 1.14137
 0 0.69774
 0 0.927494
 0 0.905076
 0 0.766844
 0 0.642952
 0 0.150591
 0 0.768136
 0 0.677698
 0 0.85855
 0 0.96985
 0 0.413076
 0 1.274
 0 0.682512
 0 0.633792
 0 1.08307
 0 1.07411
 0 0.647386
 0 1.20096
 0 1.33843
 0 0.945272
 0 0.780642
 0 0.631476
 0 0.636534
 0 1.09079
 0 1.30212
 0 0.618832
 0 0.74209
 0 1.07373
 0 0.823022
 0 0.766962
 0 1.2702
 0 0.986986
 0 1.2541
 0 0.43578
 0 1.33981
 0 1.03453
 0 0.789422
 0 0.625848
 0 1.43339
 0 0.766052
 0 0.60967
 0 0.882874
 0 1.64865
 0 0.998006
 0 0.993798
 0 0.744198
 0 0.667982
 0 1.19418
 0 0.802326
 0 1.37041
 0 1.04868
 0 1.07855
 0 0.773468
 0 0.735554
 0 1.0775
 0 0.75687
 0 1.37262
 0 1.22546
 0 1.20073
 0 0.454166
 0 1.13626
 0 1.0536
 0 1.29324
 0 0.766622
 0 1.44761
 0 1.01918
 0 0.994224
 0 1.06894
 0 1.20268
 0 0.918984
 0 1.1323
 0 0.771404
 0 1.04992
 0 0.489162
 0 0.765706
 0 0.708438
 0 1.1303
 0 0.994134
 0 0.928556
 0 0.461318
 0 0.929336
 0 0.893298
 0 1.12074
 0 0.9636
 0 1.47881
 0 1.17574
 0 0.66334
 0 1.12201
 0 1.34945
 0 1.40223
 0 1.0326
 0 1.03318
 0 0.629958
 0 0.812444
 0 1.22094
 0 0.930046
 0 0.989524
 0 1.09357
 0 1.21577
 0 1.5218
 0 0.98716
 0 1.27283
 0 0.692454
 0 1.01104
 0 0.23928
 0 0.97928
 0 0.540806
 0 1.35105
 0 0.954586
 0 0.881844
 0 0.88406
 0 0.706094
 0 0.913598
 0 1.08651
 0 0.61046
 0 0.76776
 0 0.614966
 0 1.31153
 0 1.32906
 0 0.852604
 0 0.351716
 0 0.94516
 0 0.533548
 0 0.870676
 0 0.972102
 0 0.488302
 0 0.901206
 0 0.96661
 0 1.08484
 0 0.212156
 0 0.557908
 0 0.946164
 0 1.32433
 0 0.839924
 0 0.799002
 0 1.20256
 0 0.789752
 0 0.592986
 0 0.974266
 0 0.907936
 0 0.59051
 0 1.07024
 0 0.660638
 0 0.751656
 0 0.889172
 0 0.80928
 0 1.24927
 0 1.21455
 0 1.16356
 0 0.622294
 0 0.62928
 0 0.939722
 0 1.01401
 0 0.708898
 0 1.08092
 0 1.61794
 0 1.0945
 0 0.703662
 0 0.687034
 0 0.637192
 0 0.852114
 0 1.33628
 0 0.886138
 0 1.73513
 0 0.583896
 0 1.14749
 0 1.00849
 0 0.739566
 0 0.835594
 0 1.04878
 0 0.8128
 0 0.466554
 0 0.050177
 0 1.00975
 0 1.18054
 0 1.42099
 0 0.825986
 0 1.17457
 0 0.675548
 0 0.343664
 0 0.816126
 0 1.10903
 0 0.655058
 0 0.95243
 0 0.727082
 0 0.695864
 0 0.85013
 0 0.918712
 0 1.34974
 0 0.834688
 0 1.21667
 0 1.12885
 0 0.431204
 0 0.713306
 0 1.17727
 0 1.53376
 0 0.841306
 0 0.936494
 0 1.02461
 0 0.841704
 0 0.711178
 0 0.877072
 0 0.885484
 0 0.554828
 0 0.353276
 0 1.69403
 0 1.27216
 0 1.26536
 0 1.26793
 0 0.942956
 0 0.943936
 0 0.954734
 0 0.86603
 0 0.302176
 0 0.836894
 0 0.766614
 0 0.815672
 0 0.812506
 0 0.418372
 0 0.839792
 0 1.07708
 0 1.00306
 0 0.850468
 0 0.593404
 0 0.749536
 0 0.84512
 0 1.5148
 0 1.0741
 0 0.836844
 0 0.875228
 0 0.74562
 0 1.15659
 0 1.25004
 0 1.09637
 0 0.453006
 0 1.08945
 0 0.795068
 0 1.01932
 0 1.05795
 0 1.32126
 0 0.53296
 0 0.71354
 0 0.459262
 0 1.27349
 0 0.834238
 0 0.877624
 0 0.828538
 0 1.02899
 0 0.709956
 0 0.700316
 0 1.09194
 0 1.2085
 0 0.826862
 0 1.08415
 0 0.708892
 0 1.21366
 0 0.451572
 0 1.42876
 0 0.900196
 0 0.983874
 0 1.06692
 0 1.39342
 0 1.06981
 0 0.220476
 0 0.822004
 0 0.742296
 0 1.14398
 0 1.04851
 0 1.22964
 0 0.917098
 0 0.80951
 0 0.993568
 0 0.857804
 0 0.66925
 0 0.44231
 0 0.634892
 0 1.24652
 0 1.36845
 0 0.927714
 0 0.782368
 0 0.871684
 0 1.11855
 0 0.53892
 0 0.98255
 0 1.12711
 0 0.607476
 0 1.08222
 0 0.913752
 0 1.09779
 0 0.965124
 0 1.38076
 0 0.867218
 0 1.01316
 0 0.782592
 0 0.654654
 0 0.404448
 0 0.616862
 0 1.10631
 0 0.889172
 0 0.593832
 0 1.24271
 0 0.87591
 0 1.27847
 0 0.6765
 0 0.83505
 0 0.806116
 0 0.84114
 0 1.19975
 0 1.20982
 0 1.41894
 0 0.92275
 0 0.86085
 0 0.774986
 0 1.07507
 0 1.05388
 0 0.62167
 0 0.914236
 0 1.03151
 0 0.70195
 0 0.85599
 0 1.11079
 0 1.17449
 0 0.7942
 0 0.955814
 0 1.5011
 0 0.989966
 0 0.917654
 0 0.91081
 0 0.559064
 0 0.894808
 0 0.406502
 0 1.45004
 0 0.768586
 0 0.829336
 0 0.730504
 0 0.933556
 0 0.489502
 0 0.7624
 0 0.8466
 0 0.617192
 0 0.858724
 0 0.869518
 0 0.71461
 0 0.971228
 0 0.370366
 0 1.09446
 0 1.39121
 0 0.83536
 0 1.11673
 0 1.22373
 0 0.393262
 0 1.08201
 0 1.13255
 0 1.05078
 0 1.48606
 0 0.897682
 0 0.484148
 0 0.671712
 0 0.850084
 0 0.968518
 0 0.577846
 0 1.45045
 0 1.26522
 0 0.442856
 0 0.649116
 0 0.868204
 0 0.729584
 0 0.85714
 0 0.7166
 0 0.60535
 0 0.821844
 0 0.779408
 0 1.19305
 0 1.28241
 0 0.997228
 0 1.1026
 0 1.01198
 0 1.00155
 0 1.28141
 0 0.68311
 0 1.6662
 0 1.0466
 0 0.449468
 0 0.839356
 0 0.938636
 0 1.13946
 0 0.416186
 0 0.68208
 0 0.760704
 0 1.22295
 0 0.80361
 0 1.21696
 0 1.33369
 0 0.898332
 0 0.584336
 0 1.64246
 0 0.615624
 0 0.667836
 0 0.850868
 0 0.602102
 0 1.00452
 0 1.10222
 0 1.37177
