535 1 0 0 1
 0 0.583974
 0 0.490642
 0 0.478113
 0 0.371704
 0 0.55365
 0 0.423837
 0 0.499499
 0 0.405544
 0 0.501323
 0 0.39924
 0 0.43456
 0 0.517326
 0 0.408566
 0 0.409498
 0 0.515515
 0 0.455845
 0 0.481392
 0 0.39912
 0 0.436295
 0 0.555275
 0 0.458765
 0 0.357757
 0 0.548096
 0 0.387267
 0 0.470934
 0 0.582376
 0 0.488281
 0 0.569398
 0 0.477329
 0 0.48534
 0 0.459682
 0 0.497744
 0 0.494645
 0 0.429598
 0 0.463751
 0 0.490311
 0 0.452688
 0 0.430559
 0 0.353881
 0 0.518112
 0 0.556453
 0 0.429298
 0 0.461839
 0 0.483941
 0 0.46921
 0 0.46438
 0 0.493883
 0 0.492424
 0 0.622501
 0 0.47279
 0 0.519076
 0 0.521662
 0 0.471418
 0 0.53849
 0 0.556074
 0 0.453672
 0 0.491617
 0 0.394469
 0 0.371101
 0 0.411898
 0 0.39083
 0 0.55908
 0 0.439139
 0 0.44159
 0 0.407449
 0 0.581418
 0 0.376709
 0 0.48316
 0 0.472538
 0 0.459973
 0 0.487833
 0 0.370592
 0 0.432458
 0 0.48163
 0 0.367396
 0 0.445198
 0 0.466766
 0 0.449403
 0 0.465814
 0 0.420928
 0 0.49274
 0 0.437712
 0 0.435281
 0 0.475792
 0 0.489765
 0 0.425274
 0 0.586353
 0 0.402264
 0 0.510772
 0 0.47665
 0 0.472811
 0 0.467672
 0 0.336737
 0 0.434212
 0 0.408966
 0 0.529958
 0 0.628615
 0 0.32354
 0 0.427687
 0 0.466457
 0 0.445689
 0 0.416393
 0 0.416704
 0 0.599962
 0 0.570933
 0 0.570833
 0 0.480079
 0 0.454748
 0 0.408294
 0 0.317188
 0 0.539276
 0 0.510914
 0 0.43263
 0 0.491952
 0 0.458971
 0 0.525178
 0 0.387106
 0 0.469458
 0 0.445003
 0 0.386079
 0 0.450622
 0 0.517607
 0 0.346505
 0 0.452944
 0 0.41435
 0 0.511348
 0 0.437681
 0 0.569735
 0 0.435922
 0 0.470698
 0 0.432061
 0 0.555473
 0 0.550693
 0 0.485112
 0 0.576478
 0 0.501141
 0 0.420326
 0 0.469825
 0 0.550364
 0 0.398378
 0 0.387133
 0 0.447694
 0 0.454192
 0 0.475133
 0 0.498943
 0 0.44621
 0 0.425604
 0 0.522138
 0 0.570432
 0 0.516497
 0 0.423798
 0 0.473979
 0 0.440414
 0 0.40329
 0 0.349504
 0 0.506511
 0 0.470295
 0 0.487408
 0 0.347121
 0 0.559174
 0 0.421471
 0 0.412043
 0 0.474884
 0 0.502942
 0 0.570146
 0 0.493077
 0 0.502003
 0 0.496969
 0 0.472736
 0 0.431015
 0 0.388073
 0 0.466719
 0 0.326148
 0 0.551994
 0 0.424763
 0 0.53901
 0 0.51083
 0 0.369428
 0 0.445018
 0 0.472461
 0 0.471744
 0 0.499436
 0 0.416173
 0 0.514539
 0 0.372286
 0 0.392041
 0 0.266727
 0 0.545095
 0 0.468083
 0 0.47974
 0 0.447024
 0 0.498247
 0 0.439223
 0 0.434025
 0 0.516106
 0 0.459738
 0 0.528559
 0 0.41431
 0 0.38963
 0 0.586291
 0 0.386247
 0 0.515625
 0 0.456458
 0 0.623168
 0 0.437114
 0 0.435296
 0 0.504404
 0 0.520622
 0 0.497681
 0 0.496543
 0 0.610037
 0 0.451723
 0 0.451894
 0 0.565663
 0 0.412234
 0 0.56107
 0 0.553462
 0 0.482921
 0 0.565625
 0 0.543252
 0 0.527094
 0 0.484037
 0 0.560125
 0 0.514482
 0 0.424298
 0 0.410562
 0 0.502502
 0 0.433504
 0 0.486316
 0 0.548239
 0 0.614105
 0 0.466347
 0 0.448126
 0 0.388719
 0 0.349613
 0 0.57324
 0 0.517878
 0 0.452125
 0 0.443102
 0 0.459587
 0 0.576156
 0 0.46054
 0 0.416343
 0 0.374199
 0 0.399949
 0 0.499412
 0 0.406226
 0 0.486693
 0 0.500627
 0 0.483673
 0 0.500288
 0 0.401815
 0 0.455781
 0 0.444293
 0 0.511478
 0 0.562992
 0 0.574704
 0 0.534182
 0 0.524199
 0 0.388862
 0 0.513797
 0 0.481555
 0 0.416816
 0 0.566008
 0 0.467777
 0 0.441077
 0 0.484102
 0 0.471002
 0 0.524925
 0 0.555363
 0 0.325119
 0 0.494559
 0 0.412748
 0 0.482443
 0 0.457565
 0 0.390778
 0 0.56678
 0 0.453606
 0 0.546791
 0 0.434918
 0 0.457052
 0 0.348811
 0 0.397151
 0 0.525967
 0 0.518903
 0 0.542418
 0 0.455467
 0 0.43587
 0 0.565651
 0 0.353261
 0 0.431524
 0 0.465299
 0 0.463658
 0 0.569339
 0 0.40328
 0 0.449453
 0 0.543454
 0 0.438601
 0 0.429306
 0 0.565606
 0 0.472554
 0 0.447445
 0 0.494149
 0 0.552217
 0 0.440026
 0 0.43903
 0 0.517621
 0 0.528742
 0 0.456352
 0 0.580295
 0 0.426597
 0 0.460238
 0 0.451134
 0 0.436683
 0 0.433945
 0 0.368613
 0 0.480843
 0 0.509783
 0 0.472371
 0 0.468347
 0 0.574022
 0 0.559714
 0 0.547112
 0 0.511457
 0 0.563448
 0 0.449537
 0 0.452078
 0 0.592412
 0 0.42145
 0 0.480961
 0 0.403705
 0 0.407062
 0 0.457816
 0 0.504664
 0 0.405643
 0 0.40207
 0 0.285344
 0 0.498334
 0 0.481475
 0 0.388766
 0 0.552612
 0 0.50414
 0 0.454781
 0 0.474359
 0 0.502473
 0 0.376812
 0 0.507472
 0 0.444689
 0 0.451629
 0 0.391635
 0 0.57642
 0 0.523213
 0 0.506569
 0 0.373266
 0 0.462956
 0 0.460409
 0 0.49819
 0 0.448786
 0 0.373451
 0 0.40579
 0 0.353459
 0 0.57601
 0 0.44692
 0 0.518109
 0 0.473943
 0 0.491792
 0 0.432959
 0 0.507123
 0 0.46695
 0 0.540323
 0 0.488704
 0 0.633017
 0 0.558941
 0 0.406443
 0 0.509063
 0 0.536117
 0 0.438772
 0 0.488282
 0 0.458568
 0 0.476697
 0 0.464713
 0 0.455112
 0 0.40747
 0 0.541774
 0 0.47914
 0 0.492322
 0 0.453964
 0 0.496809
 0 0.48681
 0 0.403217
 0 0.391575
 0 0.484639
 0 0.530101
 0 0.547107
 0 0.514007
 0 0.444062
 0 0.359462
 0 0.550614
 0 0.54169
 0 0.636082
 0 0.477441
 0 0.458777
 0 0.422839
 0 0.494854
 0 0.510031
 0 0.462758
 0 0.551596
 0 0.388285
 0 0.55986
 0 0.39287
 0 0.444829
 0 0.445446
 0 0.471542
 0 0.536412
 0 0.490198
 0 0.375739
 0 0.473213
 0 0.476471
 0 0.435502
 0 0.551446
 0 0.455169
 0 0.398347
 0 0.460854
 0 0.462994
 0 0.464189
 0 0.513041
 0 0.480051
 0 0.461911
 0 0.491169
 0 0.488781
 0 0.607711
 0 0.382218
 0 0.53644
 0 0.363015
 0 0.377355
 0 0.444191
 0 0.591614
 0 0.273742
 0 0.548781
 0 0.509543
 0 0.464279
 0 0.61406
 0 0.510754
 0 0.524113
 0 0.513375
 0 0.472028
 0 0.591719
 0 0.454554
 0 0.439084
 0 0.469362
 0 0.420527
 0 0.556141
 0 0.451444
 0 0.555021
 0 0.42901
 0 0.492294
 0 0.389429
 0 0.496
 0 0.474682
 0 0.537823
 0 0.433383
 0 0.508717
 0 0.482461
 0 0.46285
 0 0.451836
 0 0.578103
 0 0.360564
 0 0.520614
 0 0.396201
 0 0.503089
 0 0.629019
 0 0.574935
 0 0.560408
 0 0.467223
 0 0.376708
 0 0.419657
 0 0.554341
 0 0.599853
 0 0.488055
 0 0.532879
 0 0.493392
 0 0.514118
 0 0.511002
 0 0.498076
 0 0.470969
 0 0.44615
 0 0.516197
 0 0.552468
 0 0.474697
 0 0.472721
 0 0.418137
 0 0.418302
 0 0.480401
 0 0.516216
 0 0.406656
 0 0.470216
 0 0.420039
 0 0.452844
 0 0.698927
 0 0.377279
 0 0.470529
 0 0.373951
 0 0.333239
 0 0.446613
 0 0.337921
 0 0.477772
 0 0.500223
 0 0.578848
 0 0.558518
 0 0.431581
 0 0.376908
 0 0.501499
 0 0.469037
 0 0.402085
 0 0.463421
 0 0.495129
 0 0.500124
 0 0.531684
 0 0.413607
 0 0.571344
 0 0.5042
 0 0.436487
 0 0.426074
 0 0.578669
 0 0.523388
 0 0.440846
 0 0.453485
 0 0.47997
 0 0.427147
 0 0.51739
 0 0.468327
 0 0.431004
 0 0.475824
 0 0.482414
 0 0.557716
