535 1 0 0 1
 0 0.878848
 0 0.78157
 0 0.93443
 0 0.889616
 0 0.99177
 0 0.7877
 0 0.860086
 0 0.789606
 0 0.87845
 0 0.741114
 0 0.951388
 0 0.905376
 0 0.794594
 0 0.79917
 0 0.725392
 0 0.920922
 0 0.922612
 0 0.865002
 0 0.929702
 0 1.17087
 0 0.700552
 0 0.807424
 0 0.971964
 0 0.810746
 0 0.92513
 0 0.795026
 0 0.778794
 0 0.981994
 0 0.8621
 0 1.07704
 0 0.993322
 0 0.885318
 0 0.974164
 0 0.794126
 0 0.695562
 0 0.84128
 0 0.899344
 0 0.977002
 0 0.925128
 0 0.741668
 0 1.0876
 0 1.03819
 0 0.90907
 0 1.00176
 0 0.813128
 0 0.88711
 0 0.981354
 0 0.931994
 0 0.931608
 0 1.08778
 0 0.841378
 0 1.01614
 0 0.969432
 0 0.948206
 0 0.884776
 0 0.99135
 0 0.730772
 0 0.866476
 0 0.757906
 0 0.852322
 0 0.911614
 0 0.72614
 0 1.0419
 0 0.791026
 0 0.904974
 0 0.805656
 0 0.718148
 0 0.808688
 0 0.820232
 0 0.931426
 0 0.841268
 0 0.96882
 0 0.89984
 0 0.871758
 0 0.680504
 0 0.965498
 0 1.04965
 0 0.95971
 0 0.906844
 0 1.03443
 0 0.875134
 0 0.866006
 0 1.11411
 0 0.846512
 0 0.67856
 0 0.915734
 0 1.01866
 0 0.867222
 0 1.02078
 0 0.87889
 0 0.867324
 0 0.822224
 0 0.753572
 0 0.944298
 0 1.0312
 0 1.02256
 0 0.897384
 0 0.778498
 0 0.776506
 0 0.971504
 0 0.875672
 0 1.0364
 0 0.864656
 0 0.903244
 0 0.916298
 0 0.911526
 0 0.78583
 0 0.805346
 0 0.869928
 0 0.730862
 0 0.980208
 0 0.793092
 0 0.730104
 0 0.996858
 0 0.946984
 0 0.794402
 0 0.812188
 0 0.849506
 0 0.887252
 0 0.801104
 0 0.940198
 0 1.09904
 0 0.948902
 0 0.908508
 0 0.784382
 0 0.656122
 0 1.05284
 0 0.906786
 0 0.820134
 0 0.699952
 0 0.96104
 0 1.0192
 0 0.779538
 0 0.954728
 0 1.04406
 0 0.7439
 0 1.04113
 0 1.09505
 0 1.04572
 0 1.05771
 0 1.00748
 0 0.935032
 0 0.717034
 0 0.716206
 0 0.8004
 0 0.780452
 0 0.645138
 0 0.999452
 0 0.884046
 0 1.00548
 0 1.1181
 0 0.87285
 0 0.903208
 0 0.856462
 0 0.863434
 0 1.13173
 0 0.962126
 0 0.748026
 0 0.871744
 0 0.937126
 0 1.03004
 0 0.96024
 0 0.970706
 0 0.999764
 0 0.809304
 0 0.885868
 0 0.80721
 0 0.934306
 0 1.06491
 0 1.00186
 0 0.943472
 0 0.810834
 0 0.72126
 0 1.00671
 0 0.944706
 0 1.26441
 0 0.881532
 0 0.787684
 0 0.881002
 0 1.0643
 0 0.888308
 0 0.993358
 0 1.06338
 0 0.708936
 0 0.98487
 0 0.982794
 0 0.895382
 0 1.07449
 0 0.981152
 0 1.04575
 0 0.67978
 0 1.03901
 0 1.09751
 0 0.820984
 0 0.79065
 0 0.844648
 0 0.90981
 0 0.869608
 0 0.878662
 0 1.03393
 0 0.943206
 0 0.951354
 0 0.863068
 0 0.854708
 0 0.853478
 0 0.922452
 0 1.08893
 0 0.820254
 0 1.15494
 0 1.24471
 0 1.0252
 0 0.860898
 0 1.07182
 0 0.839846
 0 0.980634
 0 1.08237
 0 0.942442
 0 0.752224
 0 0.964156
 0 1.20663
 0 0.89296
 0 0.969598
 0 0.803932
 0 1.00565
 0 0.749746
 0 0.861376
 0 0.81179
 0 0.827022
 0 1.0304
 0 0.798064
 0 1.0704
 0 1.24221
 0 1.15177
 0 0.70146
 0 0.775132
 0 0.796404
 0 0.887328
 0 0.962878
 0 1.00826
 0 0.794434
 0 0.844676
 0 1.11577
 0 1.02462
 0 0.93127
 0 0.83124
 0 0.871722
 0 0.780204
 0 0.84879
 0 1.02048
 0 0.951172
 0 0.964912
 0 0.896256
 0 1.01758
 0 0.998442
 0 1.0497
 0 0.812786
 0 0.935182
 0 0.822318
 0 0.94879
 0 0.896724
 0 1.06077
 0 0.91277
 0 0.867996
 0 0.863626
 0 1.12117
 0 0.659466
 0 0.942262
 0 0.930402
 0 1.01006
 0 0.950812
 0 0.766208
 0 0.747508
 0 1.21948
 0 0.561874
 0 0.871814
 0 0.92336
 0 0.841272
 0 0.731808
 0 0.817362
 0 0.925698
 0 0.934732
 0 0.917384
 0 0.864214
 0 1.10119
 0 0.876886
 0 0.933518
 0 0.94311
 0 0.867734
 0 0.941332
 0 0.498154
 0 0.604674
 0 0.91734
 0 1.05834
 0 1.02142
 0 0.875942
 0 0.737974
 0 0.902848
 0 0.842406
 0 0.965644
 0 0.85765
 0 0.90547
 0 1.0415
 0 0.795582
 0 0.87155
 0 0.960722
 0 0.890822
 0 0.98512
 0 1.07221
 0 0.931482
 0 0.960522
 0 0.977756
 0 0.977426
 0 0.750216
 0 1.04468
 0 0.912014
 0 0.99508
 0 0.922846
 0 0.878854
 0 1.04047
 0 0.982866
 0 0.767778
 0 0.898972
 0 0.918756
 0 0.988266
 0 0.835604
 0 0.75014
 0 0.931044
 0 0.991188
 0 0.788858
 0 0.819496
 0 1.01762
 0 0.884062
 0 0.926372
 0 0.953394
 0 0.911628
 0 0.980006
 0 0.70079
 0 1.15926
 0 0.73588
 0 1.08831
 0 0.896848
 0 0.771892
 0 0.678596
 0 0.768938
 0 0.953952
 0 1.08482
 0 0.932742
 0 0.732924
 0 0.778192
 0 0.89919
 0 0.639244
 0 1.01362
 0 0.8571
 0 0.690372
 0 0.922684
 0 1.01668
 0 1.04324
 0 1.121
 0 1.05708
 0 0.711056
 0 0.800136
 0 0.984862
 0 1.11186
 0 1.10143
 0 0.934944
 0 0.966324
 0 0.826396
 0 0.787674
 0 0.862594
 0 1.045
 0 1.12124
 0 1.08142
 0 0.822582
 0 0.908488
 0 0.871846
 0 1.1186
 0 0.975136
 0 1.03968
 0 0.917588
 0 0.860116
 0 1.15685
 0 0.875242
 0 0.948892
 0 1.0416
 0 0.742666
 0 0.85192
 0 0.884196
 0 0.956078
 0 0.803838
 0 0.93442
 0 1.00806
 0 0.800362
 0 0.923772
 0 0.96786
 0 0.867214
 0 0.826418
 0 0.876342
 0 0.811788
 0 1.01923
 0 1.05579
 0 0.860032
 0 1.01095
 0 0.98779
 0 1.10804
 0 0.92007
 0 0.895378
 0 0.867846
 0 0.91732
 0 0.987302
 0 0.928776
 0 0.918682
 0 0.74459
 0 0.820596
 0 0.885376
 0 0.91599
 0 0.838878
 0 0.988454
 0 0.879358
 0 0.925726
 0 0.971378
 0 0.833146
 0 0.974028
 0 0.91664
 0 0.832944
 0 0.963548
 0 0.906566
 0 0.938426
 0 0.966286
 0 0.904988
 0 0.76244
 0 0.732992
 0 1.02144
 0 1.00204
 0 0.849226
 0 0.984008
 0 0.818154
 0 1.0973
 0 0.937132
 0 0.985846
 0 0.772996
 0 0.975498
 0 0.849078
 0 0.952544
 0 0.8173
 0 0.892758
 0 1.01632
 0 0.928178
 0 1.06405
 0 0.881896
 0 0.853132
 0 0.871222
 0 1.03823
 0 1.01508
 0 1.04254
 0 0.743086
 0 1.05148
 0 0.967732
 0 0.909328
 0 0.804804
 0 0.902702
 0 0.703086
 0 1.04601
 0 0.869978
 0 0.774014
 0 0.988454
 0 0.882408
 0 1.07291
 0 0.947214
 0 0.90721
 0 1.01237
 0 1.10429
 0 1.0566
 0 0.787424
 0 1.10374
 0 0.839922
 0 1.00459
 0 0.888352
 0 0.881952
 0 1.31269
 0 0.929366
 0 0.815876
 0 0.943326
 0 0.770648
 0 0.915582
 0 0.825056
 0 1.02844
 0 0.939334
 0 0.993154
 0 0.812666
 0 0.7037
 0 0.877974
 0 1.09138
 0 1.08348
 0 0.933562
 0 0.930182
 0 0.950182
 0 0.782064
 0 0.88349
 0 1.03912
 0 0.876524
 0 1.05601
 0 1.04337
 0 0.705398
 0 1.01632
 0 0.766924
 0 0.934036
 0 0.864106
 0 0.854662
 0 0.84613
 0 0.971054
 0 0.91108
 0 0.822692
 0 0.81809
 0 0.855836
 0 1.12135
 0 0.960868
 0 0.719272
 0 0.942084
 0 1.03407
 0 0.891294
 0 0.939166
 0 0.870908
 0 1.06174
 0 0.95649
 0 1.05518
 0 0.973036
 0 0.95735
 0 0.968244
 0 1.05492
 0 1.18269
 0 0.962362
 0 0.671162
 0 0.621866
 0 0.856004
 0 0.998328
