535 1 0 0 1
 0 0.84987
 0 0.737974
 0 1.12711
 0 1.3455
 0 0.940548
 0 1.11284
 0 1.28341
 0 0.906676
 0 0.75277
 0 0.97744
 0 0.992248
 0 0.79006
 0 0.862042
 0 0.952566
 0 1.22869
 0 1.0436
 0 1.11879
 0 0.781716
 0 0.783006
 0 1.39749
 0 0.783406
 0 0.784902
 0 0.910962
 0 0.943846
 0 0.814432
 0 1.16411
 0 1.20177
 0 1.12622
 0 1.09259
 0 1.00175
 0 1.39999
 0 1.35506
 0 1.28388
 0 1.02834
 0 0.983158
 0 0.890232
 0 0.805436
 0 1.42757
 0 0.953102
 0 0.950118
 0 0.973488
 0 1.00696
 0 1.25401
 0 0.757286
 0 0.601452
 0 0.949054
 0 1.06949
 0 0.999976
 0 0.81367
 0 0.92732
 0 1.17402
 0 1.18582
 0 1.00902
 0 1.08661
 0 1.0382
 0 1.033
 0 0.900626
 0 0.763966
 0 1.08409
 0 1.1398
 0 0.948938
 0 1.03004
 0 1.07472
 0 0.965818
 0 0.59373
 0 0.99731
 0 0.903946
 0 1.21092
 0 1.01116
 0 0.909098
 0 0.509348
 0 1.2185
 0 0.73669
 0 0.884578
 0 0.83755
 0 0.887946
 0 1.00948
 0 1.0264
 0 0.928044
 0 0.842774
 0 1.13213
 0 0.589664
 0 0.928208
 0 0.921786
 0 1.28111
 0 0.921928
 0 1.18287
 0 1.02666
 0 1.25965
 0 0.906404
 0 0.880712
 0 0.699506
 0 0.959192
 0 0.890588
 0 0.879502
 0 1.03782
 0 1.03034
 0 0.682046
 0 1.28916
 0 1.12547
 0 0.752678
 0 0.90114
 0 0.864938
 0 1.15351
 0 1.23607
 0 1.00286
 0 1.16851
 0 0.816922
 0 0.797434
 0 0.732296
 0 1.04314
 0 0.939852
 0 0.89453
 0 1.20626
 0 1.12372
 0 0.93565
 0 1.02607
 0 1.24044
 0 0.93575
 0 0.735684
 0 0.967172
 0 0.828224
 0 0.652158
 0 1.18136
 0 0.806608
 0 1.20006
 0 1.13855
 0 1.09488
 0 0.7098
 0 1.16851
 0 0.964988
 0 0.989682
 0 1.14133
 0 1.20077
 0 0.87392
 0 1.07734
 0 1.02084
 0 1.05347
 0 0.872134
 0 0.742108
 0 1.05006
 0 0.661648
 0 0.928436
 0 0.906588
 0 0.804296
 0 1.0135
 0 1.07347
 0 1.10761
 0 1.21393
 0 1.25489
 0 1.09483
 0 1.02556
 0 1.24807
 0 0.875598
 0 0.956066
 0 0.874278
 0 1.0214
 0 0.993258
 0 0.571608
 0 1.06814
 0 0.962356
 0 0.891442
 0 0.633922
 0 1.22697
 0 1.00579
 0 1.11245
 0 0.899516
 0 0.855344
 0 1.16515
 0 1.17709
 0 0.95887
 0 1.05636
 0 1.1497
 0 1.21221
 0 0.858398
 0 1.12236
 0 0.915562
 0 1.13516
 0 0.985786
 0 0.904878
 0 0.975924
 0 1.09702
 0 0.948716
 0 1.13046
 0 0.758298
 0 0.886824
 0 0.954644
 0 1.04224
 0 1.08014
 0 1.00918
 0 1.00006
 0 0.928098
 0 1.2244
 0 0.831432
 0 0.991864
 0 1.06003
 0 1.18046
 0 1.02376
 0 0.82584
 0 1.23192
 0 0.867612
 0 0.98149
 0 1.30681
 0 1.18081
 0 1.0192
 0 1.055
 0 1.24097
 0 0.801348
 0 1.22553
 0 0.950578
 0 0.913166
 0 1.08009
 0 1.11317
 0 0.97771
 0 0.905556
 0 1.03432
 0 1.08417
 0 0.599728
 0 1.01356
 0 1.35304
 0 1.25257
 0 0.820458
 0 1.06607
 0 0.754472
 0 1.0703
 0 0.772698
 0 0.991224
 0 1.25411
 0 1.04664
 0 1.03879
 0 0.958448
 0 1.07289
 0 1.18542
 0 0.969856
 0 0.90414
 0 0.994348
 0 1.03263
 0 1.13019
 0 0.97454
 0 1.02332
 0 0.807044
 0 1.10803
 0 0.881558
 0 0.926522
 0 1.01242
 0 0.922114
 0 1.20119
 0 0.881946
 0 0.718188
 0 1.07804
 0 1.1157
 0 1.10765
 0 1.21296
 0 1.12079
 0 1.13387
 0 1.18375
 0 1.25275
 0 1.31544
 0 1.05116
 0 1.07774
 0 0.840864
 0 0.971488
 0 1.05408
 0 1.12372
 0 0.89839
 0 1.37447
 0 0.966456
 0 0.675452
 0 1.0036
 0 1.22107
 0 0.94135
 0 0.972236
 0 1.18274
 0 1.2375
 0 0.943968
 0 0.973282
 0 0.88653
 0 1.09445
 0 1.32528
 0 0.955792
 0 0.931352
 0 0.714594
 0 0.818884
 0 1.07429
 0 1.18435
 0 0.78573
 0 0.932596
 0 1.25967
 0 1.01794
 0 0.900778
 0 0.842994
 0 0.91657
 0 1.23832
 0 0.941188
 0 0.821118
 0 1.08764
 0 1.16567
 0 0.863516
 0 1.04287
 0 1.15716
 0 0.843746
 0 1.12676
 0 0.805568
 0 1.17644
 0 1.20608
 0 0.99837
 0 1.25417
 0 1.3264
 0 1.02111
 0 1.12341
 0 0.92253
 0 0.883078
 0 0.990478
 0 0.933406
 0 0.937328
 0 1.09777
 0 1.16972
 0 1.15908
 0 1.01662
 0 0.856176
 0 0.959658
 0 1.16953
 0 1.08602
 0 1.09811
 0 0.974254
 0 1.26046
 0 0.905738
 0 1.04916
 0 0.97441
 0 0.677342
 0 0.835626
 0 1.11126
 0 1.02568
 0 0.841782
 0 1.00643
 0 0.81237
 0 0.82044
 0 1.13093
 0 0.843774
 0 0.985876
 0 0.946992
 0 1.04518
 0 1.38114
 0 0.954102
 0 1.01369
 0 1.06385
 0 1.31328
 0 0.773662
 0 1.01759
 0 1.12497
 0 0.982116
 0 1.2864
 0 0.983842
 0 0.889124
 0 1.09454
 0 0.982354
 0 0.844822
 0 1.07316
 0 0.845228
 0 1.04884
 0 0.71234
 0 1.22495
 0 1.11742
 0 1.02322
 0 1.12394
 0 1.08327
 0 0.831906
 0 0.91022
 0 0.70657
 0 1.18365
 0 0.788898
 0 1.24095
 0 0.906034
 0 1.20103
 0 1.11707
 0 1.09371
 0 0.804596
 0 0.992256
 0 1.16636
 0 0.859996
 0 0.941448
 0 1.1914
 0 1.03121
 0 0.953086
 0 0.815696
 0 1.19005
 0 0.950456
 0 0.881418
 0 0.834346
 0 0.560218
 0 1.16772
 0 1.07535
 0 1.24254
 0 1.18134
 0 1.01081
 0 0.9466
 0 1.3532
 0 0.80888
 0 1.34725
 0 0.900188
 0 1.02173
 0 0.78859
 0 1.2431
 0 1.10088
 0 0.961834
 0 1.06356
 0 1.18521
 0 0.816662
 0 1.18917
 0 0.777808
 0 0.907142
 0 0.73678
 0 0.761844
 0 1.07517
 0 1.03007
 0 0.938232
 0 0.895282
 0 1.07485
 0 1.057
 0 1.00728
 0 1.02283
 0 1.03475
 0 0.779134
 0 1.10246
 0 1.06593
 0 1.10157
 0 1.0472
 0 1.13978
 0 1.27278
 0 0.99245
 0 1.29007
 0 1.12175
 0 0.931732
 0 0.98908
 0 0.8974
 0 1.04773
 0 1.11073
 0 0.790138
 0 1.27717
 0 1.10813
 0 1.07031
 0 1.39555
 0 1.12686
 0 1.18116
 0 1.22846
 0 1.21298
 0 1.11775
 0 0.96656
 0 0.881206
 0 0.662412
 0 1.04534
 0 1.61755
 0 1.0261
 0 1.01469
 0 1.15458
 0 0.983508
 0 0.744212
 0 0.861224
 0 0.731322
 0 1.09402
 0 1.02039
 0 1.01584
 0 0.815702
 0 1.00652
 0 0.955952
 0 1.28685
 0 1.2472
 0 1.07397
 0 0.659378
 0 1.191
 0 1.30369
 0 1.31413
 0 0.926074
 0 0.86702
 0 0.77676
 0 1.18238
 0 1.24762
 0 1.05588
 0 0.986106
 0 0.742124
 0 1.00468
 0 1.39248
 0 0.93048
 0 0.75758
 0 1.24966
 0 1.0057
 0 1.33976
 0 1.32716
 0 1.00866
 0 1.08154
 0 0.834296
 0 1.07988
 0 1.01454
 0 0.896138
 0 0.792368
 0 1.00128
 0 0.970236
 0 1.08635
 0 1.44863
 0 0.983402
 0 1.27839
 0 1.11415
 0 0.949098
 0 1.02158
 0 0.856036
 0 0.860656
 0 0.930154
 0 1.20668
 0 1.10818
 0 0.811898
 0 0.924862
 0 1.00549
 0 0.966232
 0 1.15662
 0 1.30008
 0 1.01688
 0 1.19071
 0 1.10961
 0 0.877872
 0 1.12265
 0 0.9031
 0 0.794198
 0 1.18184
 0 1.30952
 0 1.18329
 0 0.624616
 0 0.988556
 0 0.910556
 0 1.17095
 0 1.2505
 0 1.0522
 0 1.01301
 0 0.783478
 0 1.04167
 0 1.11833
