535 1 0 0 1
 0 0.458395
 0 0.458819
 0 0.49998
 0 0.353487
 0 0.610695
 0 0.580439
 0 0.508536
 0 0.536985
 0 0.542939
 0 0.343104
 0 0.347096
 0 0.484479
 0 0.590624
 0 0.670457
 0 0.578333
 0 0.444125
 0 0.632647
 0 0.308332
 0 0.394705
 0 0.594065
 0 0.267438
 0 0.410101
 0 0.654621
 0 0.521929
 0 0.56138
 0 0.646491
 0 0.479821
 0 0.610227
 0 0.460701
 0 0.643355
 0 0.502745
 0 0.573591
 0 0.548162
 0 0.351332
 0 0.495885
 0 0.620371
 0 0.556351
 0 0.504232
 0 0.395967
 0 0.492883
 0 0.420772
 0 0.556379
 0 0.587731
 0 0.361032
 0 0.315277
 0 0.348643
 0 0.406274
 0 0.468751
 0 0.401074
 0 0.579279
 0 0.370771
 0 0.587984
 0 0.642119
 0 0.43148
 0 0.44174
 0 0.796936
 0 0.502958
 0 0.326213
 0 0.435012
 0 0.455624
 0 0.590168
 0 0.675028
 0 0.731191
 0 0.591896
 0 0.436415
 0 0.389922
 0 0.341987
 0 0.517343
 0 0.489257
 0 0.387889
 0 0.409182
 0 0.312734
 0 0.482025
 0 0.489684
 0 0.447841
 0 0.631626
 0 0.579645
 0 0.452017
 0 0.532293
 0 0.497231
 0 0.447263
 0 0.522183
 0 0.525156
 0 0.551367
 0 0.474754
 0 0.608968
 0 0.561329
 0 0.50035
 0 0.518301
 0 0.44236
 0 0.480012
 0 0.327632
 0 0.481767
 0 0.469879
 0 0.425618
 0 0.541382
 0 0.539504
 0 0.497532
 0 0.481047
 0 0.476965
 0 0.477262
 0 0.487655
 0 0.572603
 0 0.513435
 0 0.589932
 0 0.40486
 0 0.603862
 0 0.605867
 0 0.374916
 0 0.438391
 0 0.559695
 0 0.434865
 0 0.602727
 0 0.716113
 0 0.498503
 0 0.578225
 0 0.394684
 0 0.472713
 0 0.501866
 0 0.335856
 0 0.352983
 0 0.644557
 0 0.513022
 0 0.454268
 0 0.432645
 0 0.769148
 0 0.66823
 0 0.374504
 0 0.414074
 0 0.560167
 0 0.355859
 0 0.478515
 0 0.758209
 0 0.578527
 0 0.544062
 0 0.453122
 0 0.53951
 0 0.392457
 0 0.512302
 0 0.479477
 0 0.568335
 0 0.657518
 0 0.668862
 0 0.585084
 0 0.406524
 0 0.460609
 0 0.453536
 0 0.525806
 0 0.654662
 0 0.470402
 0 0.486246
 0 0.598758
 0 0.61492
 0 0.41148
 0 0.341907
 0 0.548889
 0 0.471963
 0 0.520057
 0 0.274355
 0 0.720517
 0 0.500668
 0 0.679735
 0 0.410859
 0 0.736886
 0 0.707068
 0 0.494936
 0 0.574189
 0 0.591563
 0 0.554
 0 0.625559
 0 0.415336
 0 0.601076
 0 0.520886
 0 0.418502
 0 0.442853
 0 0.549505
 0 0.668879
 0 0.553425
 0 0.55716
 0 0.410894
 0 0.52802
 0 0.504592
 0 0.557891
 0 0.531988
 0 0.549742
 0 0.512653
 0 0.464247
 0 0.545922
 0 0.506365
 0 0.524579
 0 0.365801
 0 0.465104
 0 0.664077
 0 0.432001
 0 0.424406
 0 0.451422
 0 0.522769
 0 0.493019
 0 0.370331
 0 0.603408
 0 0.335094
 0 0.53686
 0 0.485914
 0 0.545318
 0 0.26873
 0 0.672162
 0 0.677827
 0 0.333558
 0 0.633633
 0 0.553855
 0 0.681958
 0 0.552424
 0 0.588833
 0 0.652368
 0 0.437116
 0 0.618581
 0 0.564405
 0 0.359621
 0 0.593622
 0 0.555377
 0 0.603656
 0 0.418442
 0 0.423777
 0 0.5249
 0 0.53541
 0 0.309505
 0 0.445093
 0 0.453861
 0 0.527086
 0 0.593164
 0 0.514164
 0 0.547668
 0 0.570236
 0 0.506796
 0 0.44664
 0 0.480115
 0 0.615101
 0 0.46401
 0 0.430861
 0 0.558627
 0 0.482896
 0 0.31964
 0 0.676815
 0 0.211401
 0 0.557812
 0 0.518501
 0 0.528146
 0 0.448617
 0 0.38555
 0 0.656726
 0 0.546689
 0 0.579219
 0 0.643728
 0 0.551121
 0 0.692061
 0 0.331531
 0 0.568408
 0 0.556799
 0 0.531612
 0 0.606349
 0 0.465641
 0 0.421955
 0 0.489925
 0 0.559942
 0 0.625881
 0 0.542995
 0 0.204955
 0 0.45209
 0 0.368184
 0 0.691341
 0 0.486961
 0 0.478849
 0 0.663182
 0 0.68716
 0 0.549967
 0 0.398867
 0 0.428677
 0 0.492398
 0 0.583646
 0 0.469572
 0 0.549979
 0 0.392517
 0 0.37927
 0 0.524998
 0 0.659972
 0 0.553519
 0 0.568436
 0 0.536533
 0 0.419029
 0 0.426406
 0 0.497428
 0 0.43516
 0 0.679036
 0 0.400229
 0 0.348952
 0 0.467939
 0 0.600553
 0 0.5543
 0 0.35072
 0 0.408821
 0 0.409416
 0 0.551128
 0 0.561124
 0 0.323794
 0 0.386325
 0 0.458391
 0 0.492062
 0 0.607788
 0 0.48003
 0 0.689377
 0 0.568778
 0 0.403422
 0 0.419645
 0 0.700405
 0 0.547865
 0 0.438252
 0 0.403707
 0 0.579357
 0 0.490512
 0 0.456298
 0 0.554551
 0 0.468961
 0 0.458715
 0 0.601136
 0 0.485123
 0 0.457969
 0 0.328261
 0 0.585946
 0 0.51101
 0 0.452055
 0 0.494802
 0 0.370376
 0 0.505208
 0 0.555055
 0 0.391445
 0 0.351907
 0 0.322978
 0 0.749836
 0 0.585097
 0 0.595695
 0 0.622792
 0 0.367801
 0 0.60271
 0 0.415843
 0 0.584371
 0 0.334046
 0 0.637189
 0 0.414602
 0 0.580257
 0 0.520327
 0 0.46515
 0 0.618462
 0 0.589467
 0 0.391895
 0 0.449523
 0 0.426308
 0 0.362955
 0 0.591184
 0 0.499933
 0 0.625558
 0 0.405004
 0 0.500681
 0 0.588201
 0 0.56628
 0 0.502236
 0 0.633044
 0 0.48599
 0 0.53793
 0 0.354251
 0 0.490083
 0 0.445438
 0 0.53689
 0 0.57796
 0 0.6027
 0 0.413937
 0 0.508618
 0 0.610591
 0 0.583233
 0 0.667711
 0 0.685226
 0 0.635402
 0 0.596885
 0 0.266774
 0 0.58138
 0 0.523948
 0 0.584382
 0 0.778696
 0 0.236418
 0 0.432281
 0 0.369374
 0 0.447606
 0 0.685878
 0 0.566823
 0 0.702693
 0 0.702481
 0 0.478076
 0 0.623309
 0 0.461659
 0 0.521085
 0 0.542177
 0 0.421904
 0 0.562414
 0 0.631531
 0 0.517542
 0 0.567485
 0 0.487797
 0 0.625455
 0 0.337804
 0 0.396705
 0 0.427973
 0 0.455694
 0 0.530836
 0 0.742931
 0 0.526966
 0 0.521951
 0 0.481821
 0 0.561186
 0 0.493272
 0 0.523018
 0 0.566048
 0 0.484144
 0 0.602191
 0 0.403015
 0 0.612054
 0 0.286089
 0 0.673039
 0 0.506707
 0 0.465035
 0 0.640887
 0 0.5681
 0 0.482166
 0 0.44597
 0 0.79863
 0 0.402656
 0 0.449765
 0 0.355249
 0 0.57452
 0 0.440189
 0 0.564368
 0 0.385539
 0 0.431025
 0 0.605284
 0 0.540094
 0 0.466867
 0 0.627952
 0 0.418346
 0 0.536853
 0 0.528919
 0 0.434259
 0 0.556948
 0 0.673686
 0 0.626034
 0 0.495328
 0 0.523919
 0 0.387758
 0 0.545038
 0 0.359895
 0 0.370099
 0 0.350297
 0 0.708203
 0 0.550531
 0 0.309609
 0 0.278254
 0 0.533331
 0 0.517646
 0 0.302871
 0 0.500726
 0 0.287803
 0 0.474106
 0 0.386267
 0 0.631216
 0 0.616868
 0 0.545351
 0 0.499035
 0 0.362762
 0 0.54498
 0 0.579157
 0 0.580427
 0 0.582835
 0 0.509617
 0 0.534463
 0 0.62614
 0 0.673146
 0 0.485394
 0 0.686141
 0 0.434924
 0 0.58599
 0 0.374287
 0 0.627616
 0 0.514622
 0 0.596143
 0 0.601719
 0 0.501452
 0 0.357314
 0 0.461981
 0 0.483243
 0 0.475138
 0 0.448696
 0 0.605471
 0 0.468384
 0 0.351951
 0 0.400792
 0 0.305186
 0 0.475442
 0 0.494017
 0 0.498334
 0 0.608094
 0 0.695469
 0 0.668563
 0 0.508187
 0 0.625106
 0 0.693485
 0 0.701438
 0 0.443855
 0 0.45575
 0 0.435491
 0 0.512899
 0 0.51105
 0 0.559016
 0 0.532345
 0 0.538901
 0 0.460691
 0 0.643501
 0 0.574361
 0 0.554046
 0 0.612744
 0 0.368812
 0 0.493335
 0 0.460065
 0 0.587026
 0 0.566107
 0 0.328884
 0 0.610132
 0 0.503033
 0 0.524411
