535 1 0 0 1
 0 0.91679
 0 0.917638
 0 0.99996
 0 0.706974
 0 1.22139
 0 1.16088
 0 1.01707
 0 1.07397
 0 1.08588
 0 0.686208
 0 0.694192
 0 0.968958
 0 1.18125
 0 1.34091
 0 1.15667
 0 0.88825
 0 1.26529
 0 0.616664
 0 0.78941
 0 1.18813
 0 0.534876
 0 0.820202
 0 1.30924
 0 1.04386
 0 1.12276
 0 1.29298
 0 0.959642
 0 1.22045
 0 0.921402
 0 1.28671
 0 1.00549
 0 1.14718
 0 1.09632
 0 0.702664
 0 0.99177
 0 1.24074
 0 1.1127
 0 1.00846
 0 0.791934
 0 0.985766
 0 0.841544
 0 1.11276
 0 1.17546
 0 0.722064
 0 0.630554
 0 0.697286
 0 0.812548
 0 0.937502
 0 0.802148
 0 1.15856
 0 0.741542
 0 1.17597
 0 1.28424
 0 0.86296
 0 0.88348
 0 1.59387
 0 1.00592
 0 0.652426
 0 0.870024
 0 0.911248
 0 1.18034
 0 1.35006
 0 1.46238
 0 1.18379
 0 0.87283
 0 0.779844
 0 0.683974
 0 1.03469
 0 0.978514
 0 0.775778
 0 0.818364
 0 0.625468
 0 0.96405
 0 0.979368
 0 0.895682
 0 1.26325
 0 1.15929
 0 0.904034
 0 1.06459
 0 0.994462
 0 0.894526
 0 1.04437
 0 1.05031
 0 1.10273
 0 0.949508
 0 1.21794
 0 1.12266
 0 1.0007
 0 1.0366
 0 0.88472
 0 0.960024
 0 0.655264
 0 0.963534
 0 0.939758
 0 0.851236
 0 1.08276
 0 1.07901
 0 0.995064
 0 0.962094
 0 0.95393
 0 0.954524
 0 0.97531
 0 1.14521
 0 1.02687
 0 1.17986
 0 0.80972
 0 1.20772
 0 1.21173
 0 0.749832
 0 0.876782
 0 1.11939
 0 0.86973
 0 1.20545
 0 1.43223
 0 0.997006
 0 1.15645
 0 0.789368
 0 0.945426
 0 1.00373
 0 0.671712
 0 0.705966
 0 1.28911
 0 1.02604
 0 0.908536
 0 0.86529
 0 1.5383
 0 1.33646
 0 0.749008
 0 0.828148
 0 1.12033
 0 0.711718
 0 0.95703
 0 1.51642
 0 1.15705
 0 1.08812
 0 0.906244
 0 1.07902
 0 0.784914
 0 1.0246
 0 0.958954
 0 1.13667
 0 1.31504
 0 1.33772
 0 1.17017
 0 0.813048
 0 0.921218
 0 0.907072
 0 1.05161
 0 1.30932
 0 0.940804
 0 0.972492
 0 1.19752
 0 1.22984
 0 0.82296
 0 0.683814
 0 1.09778
 0 0.943926
 0 1.04011
 0 0.54871
 0 1.44103
 0 1.00134
 0 1.35947
 0 0.821718
 0 1.47377
 0 1.41414
 0 0.989872
 0 1.14838
 0 1.18313
 0 1.108
 0 1.25112
 0 0.830672
 0 1.20215
 0 1.04177
 0 0.837004
 0 0.885706
 0 1.09901
 0 1.33776
 0 1.10685
 0 1.11432
 0 0.821788
 0 1.05604
 0 1.00918
 0 1.11578
 0 1.06398
 0 1.09948
 0 1.02531
 0 0.928494
 0 1.09184
 0 1.01273
 0 1.04916
 0 0.731602
 0 0.930208
 0 1.32815
 0 0.864002
 0 0.848812
 0 0.902844
 0 1.04554
 0 0.986038
 0 0.740662
 0 1.20682
 0 0.670188
 0 1.07372
 0 0.971828
 0 1.09064
 0 0.53746
 0 1.34432
 0 1.35565
 0 0.667116
 0 1.26727
 0 1.10771
 0 1.36392
 0 1.10485
 0 1.17767
 0 1.30474
 0 0.874232
 0 1.23716
 0 1.12881
 0 0.719242
 0 1.18724
 0 1.11075
 0 1.20731
 0 0.836884
 0 0.847554
 0 1.0498
 0 1.07082
 0 0.61901
 0 0.890186
 0 0.907722
 0 1.05417
 0 1.18633
 0 1.02833
 0 1.09534
 0 1.14047
 0 1.01359
 0 0.89328
 0 0.96023
 0 1.2302
 0 0.92802
 0 0.861722
 0 1.11725
 0 0.965792
 0 0.63928
 0 1.35363
 0 0.422802
 0 1.11562
 0 1.037
 0 1.05629
 0 0.897234
 0 0.7711
 0 1.31345
 0 1.09338
 0 1.15844
 0 1.28746
 0 1.10224
 0 1.38412
 0 0.663062
 0 1.13682
 0 1.1136
 0 1.06322
 0 1.2127
 0 0.931282
 0 0.84391
 0 0.97985
 0 1.11988
 0 1.25176
 0 1.08599
 0 0.40991
 0 0.90418
 0 0.736368
 0 1.38268
 0 0.973922
 0 0.957698
 0 1.32636
 0 1.37432
 0 1.09993
 0 0.797734
 0 0.857354
 0 0.984796
 0 1.16729
 0 0.939144
 0 1.09996
 0 0.785034
 0 0.75854
 0 1.05
 0 1.31994
 0 1.10704
 0 1.13687
 0 1.07307
 0 0.838058
 0 0.852812
 0 0.994856
 0 0.87032
 0 1.35807
 0 0.800458
 0 0.697904
 0 0.935878
 0 1.20111
 0 1.1086
 0 0.70144
 0 0.817642
 0 0.818832
 0 1.10226
 0 1.12225
 0 0.647588
 0 0.77265
 0 0.916782
 0 0.984124
 0 1.21558
 0 0.96006
 0 1.37875
 0 1.13756
 0 0.806844
 0 0.83929
 0 1.40081
 0 1.09573
 0 0.876504
 0 0.807414
 0 1.15871
 0 0.981024
 0 0.912596
 0 1.1091
 0 0.937922
 0 0.91743
 0 1.20227
 0 0.970246
 0 0.915938
 0 0.656522
 0 1.17189
 0 1.02202
 0 0.90411
 0 0.989604
 0 0.740752
 0 1.01042
 0 1.11011
 0 0.78289
 0 0.703814
 0 0.645956
 0 1.49967
 0 1.17019
 0 1.19139
 0 1.24558
 0 0.735602
 0 1.20542
 0 0.831686
 0 1.16874
 0 0.668092
 0 1.27438
 0 0.829204
 0 1.16051
 0 1.04065
 0 0.9303
 0 1.23692
 0 1.17893
 0 0.78379
 0 0.899046
 0 0.852616
 0 0.72591
 0 1.18237
 0 0.999866
 0 1.25112
 0 0.810008
 0 1.00136
 0 1.1764
 0 1.13256
 0 1.00447
 0 1.26609
 0 0.97198
 0 1.07586
 0 0.708502
 0 0.980166
 0 0.890876
 0 1.07378
 0 1.15592
 0 1.2054
 0 0.827874
 0 1.01724
 0 1.22118
 0 1.16647
 0 1.33542
 0 1.37045
 0 1.2708
 0 1.19377
 0 0.533548
 0 1.16276
 0 1.0479
 0 1.16876
 0 1.55739
 0 0.472836
 0 0.864562
 0 0.738748
 0 0.895212
 0 1.37176
 0 1.13365
 0 1.40539
 0 1.40496
 0 0.956152
 0 1.24662
 0 0.923318
 0 1.04217
 0 1.08435
 0 0.843808
 0 1.12483
 0 1.26306
 0 1.03508
 0 1.13497
 0 0.975594
 0 1.25091
 0 0.675608
 0 0.79341
 0 0.855946
 0 0.911388
 0 1.06167
 0 1.48586
 0 1.05393
 0 1.0439
 0 0.963642
 0 1.12237
 0 0.986544
 0 1.04604
 0 1.1321
 0 0.968288
 0 1.20438
 0 0.80603
 0 1.22411
 0 0.572178
 0 1.34608
 0 1.01341
 0 0.93007
 0 1.28177
 0 1.1362
 0 0.964332
 0 0.89194
 0 1.59726
 0 0.805312
 0 0.89953
 0 0.710498
 0 1.14904
 0 0.880378
 0 1.12874
 0 0.771078
 0 0.86205
 0 1.21057
 0 1.08019
 0 0.933734
 0 1.2559
 0 0.836692
 0 1.07371
 0 1.05784
 0 0.868518
 0 1.1139
 0 1.34737
 0 1.25207
 0 0.990656
 0 1.04784
 0 0.775516
 0 1.09008
 0 0.71979
 0 0.740198
 0 0.700594
 0 1.41641
 0 1.10106
 0 0.619218
 0 0.556508
 0 1.06666
 0 1.03529
 0 0.605742
 0 1.00145
 0 0.575606
 0 0.948212
 0 0.772534
 0 1.26243
 0 1.23374
 0 1.0907
 0 0.99807
 0 0.725524
 0 1.08996
 0 1.15831
 0 1.16085
 0 1.16567
 0 1.01923
 0 1.06893
 0 1.25228
 0 1.34629
 0 0.970788
 0 1.37228
 0 0.869848
 0 1.17198
 0 0.748574
 0 1.25523
 0 1.02924
 0 1.19229
 0 1.20344
 0 1.0029
 0 0.714628
 0 0.923962
 0 0.966486
 0 0.950276
 0 0.897392
 0 1.21094
 0 0.936768
 0 0.703902
 0 0.801584
 0 0.610372
 0 0.950884
 0 0.988034
 0 0.996668
 0 1.21619
 0 1.39094
 0 1.33713
 0 1.01637
 0 1.25021
 0 1.38697
 0 1.40288
 0 0.88771
 0 0.9115
 0 0.870982
 0 1.0258
 0 1.0221
 0 1.11803
 0 1.06469
 0 1.0778
 0 0.921382
 0 1.287
 0 1.14872
 0 1.10809
 0 1.22549
 0 0.737624
 0 0.98667
 0 0.92013
 0 1.17405
 0 1.13221
 0 0.657768
 0 1.22026
 0 1.00607
 0 1.04882
