603 1 0 0 1
 0 0.332219
 0 0.298111
 0 0.310252
 0 0.448771
 0 0.249251
 0 0.266601
 0 0.298976
 0 0.174895
 0 0.408961
 0 0.279235
 0 0.276947
 0 0.485367
 0 0.277123
 0 0.161651
 0 0.409976
 0 0.19265
 0 0.1844
 0 0.272187
 0 0.257749
 0 0.209391
 0 0.226616
 0 0.278206
 0 0.274845
 0 0.192224
 0 0.254564
 0 0.311059
 0 0.339402
 0 0.300912
 0 0.274496
 0 0.357099
 0 0.378169
 0 0.336242
 0 0.222709
 0 0.373645
 0 0.17722
 0 0.335415
 0 0.18149
 0 0.194686
 0 -0.0126972
 0 0.189252
 0 0.294406
 0 0.348596
 0 0.314634
 0 0.334023
 0 0.378757
 0 0.316568
 0 0.242197
 0 0.202452
 0 0.244041
 0 0.329206
 0 0.157069
 0 0.162181
 0 0.497926
 0 0.284188
 0 0.205375
 0 0.33224
 0 0.314564
 0 0.284712
 0 0.287538
 0 0.246961
 0 0.280347
 0 0.283781
 0 0.266727
 0 0.228303
 0 0.248991
 0 0.24177
 0 0.133867
 0 0.227255
 0 0.332609
 0 0.249601
 0 0.333715
 0 0.0503017
 0 0.23022
 0 0.231495
 0 0.232732
 0 0.259603
 0 0.256949
 0 0.322145
 0 0.203453
 0 0.272731
 0 0.250395
 0 0.192107
 0 0.169178
 0 0.325933
 0 0.266628
 0 0.251807
 0 0.233741
 0 0.197703
 0 0.383722
 0 0.265298
 0 0.243123
 0 0.214163
 0 0.241713
 0 0.274267
 0 0.176661
 0 0.299925
 0 0.350252
 0 0.241108
 0 0.16339
 0 0.378351
 0 0.261768
 0 0.118772
 0 0.330491
 0 0.301999
 0 0.315725
 0 0.34533
 0 0.252279
 0 0.161504
 0 0.121436
 0 0.248076
 0 0.248003
 0 0.189335
 0 0.406495
 0 0.198046
 0 0.25751
 0 0.310261
 0 0.341722
 0 0.189195
 0 0.241034
 0 0.213139
 0 0.156028
 0 0.125416
 0 0.198641
 0 0.248281
 0 0.319191
 0 0.270071
 0 0.359285
 0 0.271177
 0 0.140604
 0 0.443817
 0 0.232417
 0 0.343253
 0 0.304038
 0 0.210763
 0 0.210694
 0 0.178207
 0 0.244458
 0 0.310135
 0 0.233844
 0 0.222239
 0 0.264236
 0 0.393731
 0 0.30563
 0 0.325919
 0 0.167651
 0 0.294326
 0 0.174922
 0 0.363507
 0 0.0819725
 0 0.402032
 0 0.348458
 0 0.187039
 0 0.267158
 0 0.247464
 0 0.176135
 0 0.333527
 0 0.315933
 0 0.214404
 0 0.41099
 0 0.325508
 0 0.336341
 0 0.0956367
 0 0.236456
 0 0.272725
 0 0.444548
 0 0.320634
 0 0.309213
 0 0.244525
 0 0.260196
 0 0.378271
 0 0.200093
 0 0.179697
 0 0.101578
 0 0.115741
 0 0.247179
 0 0.313182
 0 0.23738
 0 0.250205
 0 0.451962
 0 0.309718
 0 0.315599
 0 0.343475
 0 0.231508
 0 0.270301
 0 0.304124
 0 0.113916
 0 0.307281
 0 0.34626
 0 0.272434
 0 0.0967255
 0 0.276094
 0 0.342271
 0 0.295915
 0 0.236586
 0 0.209692
 0 0.407302
 0 0.254814
 0 0.153697
 0 0.30316
 0 0.169484
 0 0.408547
 0 0.157285
 0 0.399373
 0 0.292062
 0 0.356521
 0 0.371926
 0 0.269886
 0 0.317839
 0 0.291043
 0 0.278805
 0 0.173056
 0 0.239461
 0 0.250431
 0 0.273287
 0 0.244703
 0 0.190787
 0 0.302858
 0 0.309178
 0 0.297314
 0 0.36458
 0 0.301589
 0 0.274464
 0 0.274789
 0 0.341399
 0 0.310041
 0 0.347897
 0 0.286859
 0 0.276501
 0 0.272629
 0 0.230682
 0 0.337326
 0 0.32708
 0 0.214546
 0 0.148543
 0 0.207193
 0 0.238801
 0 0.31764
 0 0.254397
 0 0.100669
 0 0.398209
 0 0.104739
 0 0.202934
 0 0.402589
 0 0.285967
 0 0.273546
 0 0.202519
 0 0.294546
 0 0.302739
 0 0.19253
 0 0.247441
 0 0.298022
 0 0.286157
 0 0.358528
 0 0.21961
 0 0.0477548
 0 0.103989
 0 0.387686
 0 0.254202
 0 0.261244
 0 0.2864
 0 0.336081
 0 0.312475
 0 0.336469
 0 0.208255
 0 0.296279
 0 0.191751
 0 0.357923
 0 0.278948
 0 0.281655
 0 0.155203
 0 0.308488
 0 0.275828
 0 0.2783
 0 0.145889
 0 0.326288
 0 0.296807
 0 0.147519
 0 0.057799
 0 0.206988
 0 0.0666128
 0 0.237395
 0 0.410384
 0 0.186618
 0 0.250183
 0 0.220291
 0 0.256571
 0 0.418358
 0 0.244893
 0 0.346258
 0 0.294171
 0 0.315719
 0 0.216706
 0 0.494737
 0 0.232623
 0 0.0686239
 0 0.371277
 0 0.349191
 0 0.353326
 0 0.251302
 0 0.229118
 0 0.242371
 0 0.116444
 0 0.227747
 0 0.154507
 0 0.413134
 0 0.242231
 0 0.261327
 0 0.280054
 0 0.167544
 0 0.407224
 0 0.163187
 0 0.196802
 0 0.256041
 0 0.339396
 0 0.168904
 0 0.237827
 0 0.313351
 0 0.157746
 0 0.201268
 0 0.429102
 0 0.352301
 0 0.194466
 0 0.290346
 0 0.29726
 0 0.234659
 0 0.11534
 0 0.334162
 0 0.181209
 0 0.170299
 0 0.198798
 0 0.290505
 0 0.311528
 0 0.18512
 0 0.393901
 0 0.22499
 0 0.272832
 0 0.311472
 0 0.291381
 0 0.389421
 0 0.201646
 0 0.30251
 0 0.3644
 0 0.159537
 0 0.312354
 0 0.299217
 0 0.279832
 0 0.235929
 0 0.334306
 0 0.212642
 0 0.251254
 0 0.246167
 0 0.274363
 0 0.232723
 0 0.2095
 0 0.211745
 0 0.347052
 0 0.200847
 0 0.362061
 0 0.275677
 0 0.127561
 0 0.386402
 0 0.221839
 0 0.206634
 0 0.389407
 0 0.189239
 0 0.361192
 0 0.309534
 0 0.152922
 0 0.289589
 0 0.293411
 0 0.225198
 0 0.253955
 0 0.280312
 0 0.330334
 0 0.196586
 0 0.110667
 0 0.384497
 0 0.213872
 0 0.207356
 0 0.369519
 0 0.320188
 0 0.159409
 0 0.300906
 0 0.359285
 0 0.234875
 0 0.26887
 0 0.21357
 0 0.334721
 0 0.234542
 0 0.3288
 0 0.226717
 0 0.243733
 0 0.29172
 0 0.307608
 0 0.375627
 0 0.333606
 0 0.311053
 0 0.290825
 0 0.270812
 0 0.391412
 0 0.247005
 0 0.213114
 0 0.211446
 0 0.185755
 0 0.265606
 0 0.305301
 0 0.288998
 0 0.167433
 0 0.20258
 0 0.26459
 0 0.21322
 0 0.332286
 0 0.270523
 0 0.315344
 0 0.135631
 0 0.294394
 0 0.305008
 0 0.110856
 0 0.1474
 0 0.397202
 0 0.34929
 0 0.258231
 0 0.390197
 0 0.243414
 0 0.222175
 0 0.265413
 0 0.18498
 0 0.169918
 0 0.303193
 0 0.0601967
 0 0.196919
 0 0.315275
 0 0.223907
 0 0.319777
 0 0.276059
 0 0.271776
 0 0.176416
 0 0.248428
 0 0.295994
 0 0.297517
 0 0.497006
 0 0.334044
 0 0.211777
 0 0.35174
 0 0.276452
 0 0.332123
 0 0.279065
 0 0.263439
 0 0.132424
 0 0.318858
 0 0.222516
 0 0.203127
 0 0.267098
 0 0.224875
 0 0.306693
 0 0.260292
 0 0.282782
 0 0.176709
 0 0.155392
 0 0.209644
 0 0.304166
 0 0.265499
 0 0.197851
 0 0.201926
 0 0.258074
 0 0.201139
 0 0.489627
 0 0.19406
 0 0.480103
 0 0.119832
 0 0.210254
 0 0.302705
 0 0.168933
 0 0.1513
 0 0.260362
 0 0.253014
 0 0.245157
 0 0.202607
 0 0.282776
 0 0.301871
 0 0.302487
 0 0.183453
 0 0.150919
 0 0.209068
 0 0.287634
 0 0.248134
 0 0.289476
 0 0.220775
 0 0.244307
 0 0.501032
 0 0.18503
 0 0.16927
 0 0.290524
 0 0.295975
 0 0.27095
 0 0.30009
 0 0.196044
 0 0.0748103
 0 0.253978
 0 0.234248
 0 0.226231
 0 0.315044
 0 0.37082
 0 0.238472
 0 0.182669
 0 0.252474
 0 0.261998
 0 0.301593
 0 0.353311
 0 0.255038
 0 0.264728
 0 0.154438
 0 0.334271
 0 0.312819
 0 0.277846
 0 0.499821
 0 0.279786
 0 0.255333
 0 0.127637
 0 0.21948
 0 0.220318
 0 0.150785
 0 0.234181
 0 0.123544
 0 0.30699
 0 0.2783
 0 0.387852
 0 0.191874
 0 0.300141
 0 0.146413
 0 0.200164
 0 0.266986
 0 0.149783
 0 0.282706
 0 0.232667
 0 0.405204
 0 0.305787
 0 0.249741
 0 0.288533
 0 0.447088
 0 0.234581
 0 0.256264
 0 0.367358
 0 0.315449
 0 0.231558
 0 0.266195
 0 0.276691
 0 0.157859
 0 0.419259
 0 0.255315
 0 0.232468
 0 0.320364
 0 0.181574
 0 0.124488
 0 0.375357
 0 0.167087
 0 0.234267
 0 0.383686
 0 0.230548
 0 0.200382
 0 0.259061
 0 0.248981
 0 0.310123
 0 0.217442
 0 0.175348
 0 0.238524
 0 0.301147
 0 0.277068
 0 0.388193
 0 0.278942
 0 0.149784
 0 0.291743
 0 0.220869
 0 0.295718
 0 0.32933
 0 0.20192
 0 0.30198
 0 0.211446
 0 0.248912
 0 0.191537
 0 0.144224
 0 0.207375
 0 0.319698
 0 0.239339
 0 0.283557
 0 0.185416
 0 0.30378
 0 0.378567
 0 0.251319
 0 0.260883
 0 0.136041
 0 0.45437
 0 0.141318
 0 0.172262
 0 0.299531
 0 0.182835
 0 0.357713
 0 0.186004
 0 0.21934
 0 0.267535
 0 0.175469
 0 0.206179
 0 0.37134
