603 1 0 0 1
 0 0.195971
 0 0.160948
 0 0.24613
 0 0.192949
 0 0.201357
 0 0.147299
 0 0.202641
 0 0.165209
 0 0.165385
 0 0.159396
 0 0.187222
 0 0.191223
 0 0.157495
 0 0.137607
 0 0.204819
 0 0.217591
 0 0.182911
 0 0.149566
 0 0.180303
 0 0.186716
 0 0.16543
 0 0.230756
 0 0.219828
 0 0.156205
 0 0.169007
 0 0.200384
 0 0.193182
 0 0.158743
 0 0.204151
 0 0.180562
 0 0.204106
 0 0.103056
 0 0.18791
 0 0.186808
 0 0.212587
 0 0.13297
 0 0.174808
 0 0.153447
 0 0.155497
 0 0.13694
 0 0.214226
 0 0.207255
 0 0.151625
 0 0.186672
 0 0.180035
 0 0.213339
 0 0.17216
 0 0.142281
 0 0.209085
 0 0.183204
 0 0.187303
 0 0.204904
 0 0.170844
 0 0.185345
 0 0.193007
 0 0.217235
 0 0.221102
 0 0.134358
 0 0.170075
 0 0.202742
 0 0.186265
 0 0.194858
 0 0.230271
 0 0.219046
 0 0.185403
 0 0.178942
 0 0.182467
 0 0.146688
 0 0.219037
 0 0.183103
 0 0.218538
 0 0.17717
 0 0.156164
 0 0.173393
 0 0.232059
 0 0.159975
 0 0.190725
 0 0.190965
 0 0.128588
 0 0.177905
 0 0.21276
 0 0.181173
 0 0.201942
 0 0.204607
 0 0.170236
 0 0.164932
 0 0.186986
 0 0.171248
 0 0.192384
 0 0.160751
 0 0.243079
 0 0.228602
 0 0.186353
 0 0.168806
 0 0.178667
 0 0.190832
 0 0.181792
 0 0.220216
 0 0.235822
 0 0.173049
 0 0.196319
 0 0.167677
 0 0.227567
 0 0.183207
 0 0.148527
 0 0.179156
 0 0.215584
 0 0.160862
 0 0.168107
 0 0.204687
 0 0.158704
 0 0.191999
 0 0.264637
 0 0.194619
 0 0.20574
 0 0.201366
 0 0.19192
 0 0.181902
 0 0.219848
 0 0.212049
 0 0.165842
 0 0.126712
 0 0.123532
 0 0.186054
 0 0.206991
 0 0.21481
 0 0.180168
 0 0.177502
 0 0.185914
 0 0.207532
 0 0.209161
 0 0.185787
 0 0.190807
 0 0.196424
 0 0.216736
 0 0.205723
 0 0.185672
 0 0.167946
 0 0.171004
 0 0.189023
 0 0.1882
 0 0.212534
 0 0.229357
 0 0.153075
 0 0.0925586
 0 0.171957
 0 0.194772
 0 0.151954
 0 0.179094
 0 0.177032
 0 0.193626
 0 0.226956
 0 0.180487
 0 0.185208
 0 0.202545
 0 0.162874
 0 0.201217
 0 0.158663
 0 0.213979
 0 0.18463
 0 0.185498
 0 0.206677
 0 0.182349
 0 0.140223
 0 0.204251
 0 0.191073
 0 0.188034
 0 0.209066
 0 0.19029
 0 0.212815
 0 0.184625
 0 0.14251
 0 0.233928
 0 0.199911
 0 0.242671
 0 0.172356
 0 0.237436
 0 0.214548
 0 0.166803
 0 0.191347
 0 0.19596
 0 0.196804
 0 0.189004
 0 0.197733
 0 0.197967
 0 0.130743
 0 0.17656
 0 0.211061
 0 0.209948
 0 0.177883
 0 0.172717
 0 0.190176
 0 0.189691
 0 0.205302
 0 0.179727
 0 0.216638
 0 0.217714
 0 0.225078
 0 0.186644
 0 0.238911
 0 0.196028
 0 0.194013
 0 0.173185
 0 0.193115
 0 0.180437
 0 0.177559
 0 0.19717
 0 0.193754
 0 0.225619
 0 0.152271
 0 0.179104
 0 0.160685
 0 0.20033
 0 0.157556
 0 0.220308
 0 0.136087
 0 0.183601
 0 0.144453
 0 0.191402
 0 0.168108
 0 0.200819
 0 0.171698
 0 0.206101
 0 0.183357
 0 0.160637
 0 0.161291
 0 0.173703
 0 0.203409
 0 0.188618
 0 0.206932
 0 0.164647
 0 0.241481
 0 0.190153
 0 0.125356
 0 0.197841
 0 0.19955
 0 0.182759
 0 0.189207
 0 0.144386
 0 0.173958
 0 0.125241
 0 0.18737
 0 0.142483
 0 0.183532
 0 0.21034
 0 0.152308
 0 0.234039
 0 0.187287
 0 0.17058
 0 0.226485
 0 0.238983
 0 0.242161
 0 0.212385
 0 0.174754
 0 0.154766
 0 0.213654
 0 0.194022
 0 0.157784
 0 0.249612
 0 0.180795
 0 0.205701
 0 0.186254
 0 0.167384
 0 0.166585
 0 0.183747
 0 0.210164
 0 0.176202
 0 0.166725
 0 0.205666
 0 0.201472
 0 0.195675
 0 0.181494
 0 0.215139
 0 0.201975
 0 0.216128
 0 0.213638
 0 0.204903
 0 0.21356
 0 0.211892
 0 0.228047
 0 0.179307
 0 0.195894
 0 0.231312
 0 0.193344
 0 0.15894
 0 0.214663
 0 0.176805
 0 0.252398
 0 0.198015
 0 0.167022
 0 0.200682
 0 0.166291
 0 0.20205
 0 0.18002
 0 0.233863
 0 0.231532
 0 0.207802
 0 0.174084
 0 0.17283
 0 0.196306
 0 0.222194
 0 0.130946
 0 0.201782
 0 0.236104
 0 0.149572
 0 0.184363
 0 0.198361
 0 0.174004
 0 0.206083
 0 0.203029
 0 0.22175
 0 0.216703
 0 0.201145
 0 0.189077
 0 0.212329
 0 0.203293
 0 0.245174
 0 0.230712
 0 0.146881
 0 0.198893
 0 0.182013
 0 0.190019
 0 0.158004
 0 0.218616
 0 0.166366
 0 0.216047
 0 0.191454
 0 0.220352
 0 0.16036
 0 0.218977
 0 0.180061
 0 0.185671
 0 0.183934
 0 0.179096
 0 0.180407
 0 0.145331
 0 0.169868
 0 0.200914
 0 0.18934
 0 0.204762
 0 0.19032
 0 0.190281
 0 0.177617
 0 0.203076
 0 0.181203
 0 0.205472
 0 0.203826
 0 0.191112
 0 0.190228
 0 0.232901
 0 0.185197
 0 0.203476
 0 0.209956
 0 0.190207
 0 0.172439
 0 0.204132
 0 0.203582
 0 0.185991
 0 0.212259
 0 0.172893
 0 0.152921
 0 0.197666
 0 0.175966
 0 0.141968
 0 0.240254
 0 0.209178
 0 0.198124
 0 0.227486
 0 0.198537
 0 0.212973
 0 0.191186
 0 0.136836
 0 0.177919
 0 0.211219
 0 0.13172
 0 0.189351
 0 0.220726
 0 0.241921
 0 0.207929
 0 0.17203
 0 0.237111
 0 0.155824
 0 0.213911
 0 0.201719
 0 0.170231
 0 0.200373
 0 0.201706
 0 0.21555
 0 0.217649
 0 0.231894
 0 0.206306
 0 0.197288
 0 0.224944
 0 0.139682
 0 0.231019
 0 0.212802
 0 0.191558
 0 0.179733
 0 0.184573
 0 0.187752
 0 0.13746
 0 0.19497
 0 0.170999
 0 0.215047
 0 0.167895
 0 0.207408
 0 0.186299
 0 0.22878
 0 0.203695
 0 0.191236
 0 0.217726
 0 0.213754
 0 0.219235
 0 0.193648
 0 0.182228
 0 0.170705
 0 0.182777
 0 0.210731
 0 0.25392
 0 0.217507
 0 0.204357
 0 0.19237
 0 0.196058
 0 0.182261
 0 0.217572
 0 0.159881
 0 0.174629
 0 0.199368
 0 0.227037
 0 0.181685
 0 0.191558
 0 0.148247
 0 0.201468
 0 0.125157
 0 0.200041
 0 0.214981
 0 0.218049
 0 0.205974
 0 0.114227
 0 0.227341
 0 0.192954
 0 0.212021
 0 0.208248
 0 0.175048
 0 0.20287
 0 0.189369
 0 0.186408
 0 0.215053
 0 0.233174
 0 0.169541
 0 0.176806
 0 0.208666
 0 0.188673
 0 0.204895
 0 0.235994
 0 0.182838
 0 0.178074
 0 0.249739
 0 0.118916
 0 0.232034
 0 0.196312
 0 0.205887
 0 0.151399
 0 0.226974
 0 0.183725
 0 0.175349
 0 0.182551
 0 0.250001
 0 0.196913
 0 0.195758
 0 0.163695
 0 0.169109
 0 0.224005
 0 0.209229
 0 0.213947
 0 0.141045
 0 0.205021
 0 0.211235
 0 0.160278
 0 0.197924
 0 0.184752
 0 0.160425
 0 0.182799
 0 0.206502
 0 0.23065
 0 0.162415
 0 0.211965
 0 0.193077
 0 0.190306
 0 0.139677
 0 0.195119
 0 0.185626
 0 0.197802
 0 0.193249
 0 0.157032
 0 0.212581
 0 0.192401
 0 0.18633
 0 0.2156
 0 0.197754
 0 0.212596
 0 0.186277
 0 0.162328
 0 0.23184
 0 0.212393
 0 0.212846
 0 0.170251
 0 0.188197
 0 0.176282
 0 0.202906
 0 0.162315
 0 0.147149
 0 0.164767
 0 0.188772
 0 0.191788
 0 0.182862
 0 0.24775
 0 0.198527
 0 0.197529
 0 0.161533
 0 0.20976
 0 0.224045
 0 0.163277
 0 0.171411
 0 0.185194
 0 0.188409
 0 0.147796
 0 0.221915
 0 0.215239
 0 0.204571
 0 0.165716
 0 0.150296
 0 0.234584
 0 0.186003
 0 0.19977
 0 0.177923
 0 0.186847
 0 0.193798
 0 0.221114
 0 0.207868
 0 0.184504
 0 0.189603
 0 0.189404
 0 0.199415
 0 0.200883
 0 0.188073
 0 0.236146
 0 0.199756
 0 0.17693
 0 0.19065
 0 0.165171
 0 0.184571
 0 0.191697
 0 0.180265
 0 0.168253
 0 0.191602
 0 0.272785
 0 0.202081
 0 0.175749
 0 0.190489
 0 0.200892
 0 0.198045
 0 0.20796
 0 0.164702
 0 0.218454
 0 0.248026
 0 0.161263
 0 0.184738
 0 0.181874
 0 0.133049
 0 0.229706
 0 0.177126
 0 0.210616
 0 0.13957
 0 0.221615
 0 0.157234
 0 0.24498
 0 0.216125
 0 0.179472
 0 0.193739
 0 0.175026
 0 0.195073
 0 0.14786
 0 0.202001
 0 0.126433
 0 0.20561
 0 0.170411
 0 0.187581
 0 0.17999
 0 0.231467
 0 0.192214
 0 0.179853
 0 0.180253
 0 0.19439
 0 0.207475
 0 0.210717
 0 0.184759
 0 0.18048
 0 0.178741
 0 0.189873
 0 0.188488
 0 0.189728
 0 0.166128
