603 1 0 0 1
 0 0.229914
 0 0.168183
 0 0.318314
 0 0.224588
 0 0.239407
 0 0.144124
 0 0.24167
 0 0.175694
 0 0.176004
 0 0.165447
 0 0.214494
 0 0.221546
 0 0.162097
 0 0.127039
 0 0.245509
 0 0.268019
 0 0.206896
 0 0.14812
 0 0.202299
 0 0.213602
 0 0.176083
 0 0.29122
 0 0.271961
 0 0.159823
 0 0.182388
 0 0.237692
 0 0.224999
 0 0.164296
 0 0.244331
 0 0.202755
 0 0.244252
 0 0.0661303
 0 0.215707
 0 0.213764
 0 0.2592
 0 0.118865
 0 0.192613
 0 0.154961
 0 0.158575
 0 0.125863
 0 0.262088
 0 0.249802
 0 0.151749
 0 0.213525
 0 0.201826
 0 0.260525
 0 0.187946
 0 0.135278
 0 0.253027
 0 0.207412
 0 0.214637
 0 0.245659
 0 0.185626
 0 0.211186
 0 0.22469
 0 0.267391
 0 0.274206
 0 0.121312
 0 0.184271
 0 0.241848
 0 0.212807
 0 0.227953
 0 0.290366
 0 0.270583
 0 0.211288
 0 0.1999
 0 0.206113
 0 0.143047
 0 0.270567
 0 0.207234
 0 0.269688
 0 0.196777
 0 0.15975
 0 0.190119
 0 0.293517
 0 0.166468
 0 0.220668
 0 0.221091
 0 0.11114
 0 0.198072
 0 0.259504
 0 0.203832
 0 0.240438
 0 0.245135
 0 0.184555
 0 0.175206
 0 0.214078
 0 0.186338
 0 0.223592
 0 0.167836
 0 0.312937
 0 0.287424
 0 0.212962
 0 0.182034
 0 0.199415
 0 0.220857
 0 0.204923
 0 0.272645
 0 0.300148
 0 0.189513
 0 0.230528
 0 0.180044
 0 0.2856
 0 0.207417
 0 0.146289
 0 0.200277
 0 0.264481
 0 0.168031
 0 0.180802
 0 0.245276
 0 0.164228
 0 0.222914
 0 0.350927
 0 0.227531
 0 0.247132
 0 0.239423
 0 0.222774
 0 0.205117
 0 0.271996
 0 0.258251
 0 0.17681
 0 0.107833
 0 0.102227
 0 0.212435
 0 0.249337
 0 0.263117
 0 0.202061
 0 0.197362
 0 0.212189
 0 0.25029
 0 0.253161
 0 0.211965
 0 0.220813
 0 0.230713
 0 0.266512
 0 0.247102
 0 0.211762
 0 0.180518
 0 0.185908
 0 0.217668
 0 0.216218
 0 0.259106
 0 0.288755
 0 0.154305
 0 0.0476236
 0 0.187588
 0 0.227801
 0 0.152329
 0 0.200168
 0 0.196533
 0 0.225781
 0 0.284523
 0 0.202623
 0 0.210944
 0 0.241501
 0 0.171578
 0 0.23916
 0 0.164155
 0 0.261653
 0 0.209925
 0 0.211455
 0 0.248783
 0 0.205905
 0 0.131651
 0 0.244508
 0 0.221282
 0 0.215925
 0 0.252994
 0 0.219901
 0 0.259601
 0 0.209917
 0 0.135682
 0 0.29681
 0 0.236859
 0 0.312218
 0 0.188291
 0 0.302993
 0 0.262656
 0 0.178503
 0 0.221764
 0 0.229895
 0 0.231382
 0 0.217635
 0 0.23302
 0 0.233432
 0 0.114939
 0 0.195701
 0 0.25651
 0 0.254548
 0 0.198033
 0 0.188928
 0 0.219701
 0 0.218846
 0 0.24636
 0 0.201284
 0 0.266339
 0 0.268235
 0 0.281214
 0 0.213475
 0 0.305592
 0 0.230015
 0 0.226463
 0 0.189753
 0 0.224881
 0 0.202535
 0 0.197462
 0 0.232028
 0 0.226007
 0 0.282167
 0 0.152888
 0 0.200185
 0 0.167719
 0 0.237597
 0 0.162204
 0 0.272807
 0 0.12436
 0 0.208112
 0 0.139107
 0 0.221861
 0 0.180804
 0 0.238459
 0 0.187132
 0 0.247768
 0 0.207682
 0 0.167635
 0 0.168788
 0 0.190666
 0 0.243024
 0 0.216954
 0 0.249233
 0 0.174703
 0 0.310121
 0 0.21966
 0 0.105443
 0 0.23321
 0 0.236222
 0 0.206628
 0 0.217993
 0 0.138989
 0 0.191115
 0 0.10524
 0 0.214755
 0 0.135634
 0 0.20799
 0 0.255239
 0 0.152953
 0 0.297006
 0 0.214609
 0 0.185161
 0 0.283693
 0 0.305719
 0 0.311319
 0 0.258843
 0 0.192518
 0 0.157286
 0 0.26108
 0 0.226479
 0 0.162606
 0 0.32445
 0 0.203166
 0 0.247063
 0 0.212788
 0 0.179528
 0 0.178119
 0 0.208369
 0 0.254929
 0 0.19507
 0 0.178366
 0 0.247002
 0 0.23961
 0 0.229393
 0 0.204398
 0 0.263697
 0 0.240496
 0 0.26544
 0 0.261052
 0 0.245657
 0 0.260914
 0 0.257975
 0 0.286446
 0 0.200543
 0 0.229779
 0 0.2922
 0 0.225284
 0 0.164644
 0 0.262858
 0 0.196133
 0 0.32936
 0 0.233517
 0 0.178889
 0 0.238217
 0 0.177601
 0 0.240629
 0 0.2018
 0 0.296696
 0 0.292588
 0 0.250766
 0 0.191337
 0 0.189127
 0 0.230505
 0 0.276131
 0 0.115297
 0 0.240156
 0 0.300645
 0 0.148131
 0 0.209455
 0 0.234127
 0 0.191196
 0 0.247737
 0 0.242354
 0 0.275348
 0 0.266454
 0 0.239033
 0 0.217763
 0 0.258745
 0 0.242819
 0 0.316629
 0 0.291143
 0 0.143387
 0 0.235064
 0 0.205313
 0 0.219424
 0 0.162994
 0 0.269825
 0 0.177733
 0 0.265297
 0 0.221953
 0 0.272885
 0 0.167147
 0 0.270461
 0 0.201872
 0 0.21176
 0 0.208699
 0 0.200171
 0 0.202482
 0 0.140655
 0 0.183906
 0 0.238626
 0 0.218227
 0 0.245408
 0 0.219954
 0 0.219886
 0 0.197564
 0 0.242437
 0 0.203885
 0 0.24666
 0 0.243759
 0 0.22135
 0 0.219792
 0 0.295
 0 0.210925
 0 0.243142
 0 0.254563
 0 0.219755
 0 0.188438
 0 0.244298
 0 0.243329
 0 0.212324
 0 0.258621
 0 0.189238
 0 0.154034
 0 0.232902
 0 0.194654
 0 0.134727
 0 0.307959
 0 0.253191
 0 0.233709
 0 0.285457
 0 0.234437
 0 0.25988
 0 0.221481
 0 0.12568
 0 0.198097
 0 0.256788
 0 0.116662
 0 0.218246
 0 0.273544
 0 0.310897
 0 0.25099
 0 0.187717
 0 0.30242
 0 0.159151
 0 0.261533
 0 0.240045
 0 0.184546
 0 0.237673
 0 0.240022
 0 0.264422
 0 0.268121
 0 0.293226
 0 0.24813
 0 0.232236
 0 0.280977
 0 0.130697
 0 0.291684
 0 0.259578
 0 0.222136
 0 0.201294
 0 0.209825
 0 0.215428
 0 0.12678
 0 0.22815
 0 0.185899
 0 0.263535
 0 0.180428
 0 0.250072
 0 0.212867
 0 0.287738
 0 0.243528
 0 0.221569
 0 0.268257
 0 0.261256
 0 0.270916
 0 0.22582
 0 0.205692
 0 0.185381
 0 0.206659
 0 0.255928
 0 0.332042
 0 0.267871
 0 0.244695
 0 0.223568
 0 0.230068
 0 0.20575
 0 0.267985
 0 0.166302
 0 0.192298
 0 0.235902
 0 0.284666
 0 0.204735
 0 0.222136
 0 0.145795
 0 0.239603
 0 0.105092
 0 0.237088
 0 0.263419
 0 0.268826
 0 0.247544
 0 0.0858239
 0 0.285202
 0 0.224597
 0 0.258202
 0 0.251552
 0 0.193036
 0 0.242074
 0 0.218278
 0 0.213059
 0 0.263546
 0 0.295482
 0 0.18333
 0 0.196135
 0 0.252289
 0 0.217051
 0 0.245643
 0 0.300451
 0 0.206767
 0 0.19837
 0 0.324674
 0 0.0940901
 0 0.293473
 0 0.230515
 0 0.247391
 0 0.151351
 0 0.284555
 0 0.20833
 0 0.193567
 0 0.206261
 0 0.325136
 0 0.231575
 0 0.229539
 0 0.173025
 0 0.182568
 0 0.279323
 0 0.253281
 0 0.261596
 0 0.1331
 0 0.245865
 0 0.256817
 0 0.167002
 0 0.233356
 0 0.21014
 0 0.167261
 0 0.206698
 0 0.248475
 0 0.291033
 0 0.170769
 0 0.258103
 0 0.224814
 0 0.21993
 0 0.130688
 0 0.228413
 0 0.211681
 0 0.233141
 0 0.225117
 0 0.16128
 0 0.259189
 0 0.223622
 0 0.212922
 0 0.26451
 0 0.233057
 0 0.259215
 0 0.212828
 0 0.170616
 0 0.293131
 0 0.258858
 0 0.259656
 0 0.184581
 0 0.216212
 0 0.195211
 0 0.242137
 0 0.170593
 0 0.143859
 0 0.174915
 0 0.217226
 0 0.222542
 0 0.206809
 0 0.321169
 0 0.234419
 0 0.23266
 0 0.169214
 0 0.254217
 0 0.279393
 0 0.172288
 0 0.186626
 0 0.210919
 0 0.216586
 0 0.145
 0 0.275639
 0 0.263873
 0 0.245072
 0 0.176587
 0 0.149407
 0 0.297966
 0 0.212345
 0 0.23661
 0 0.198104
 0 0.213833
 0 0.226084
 0 0.274228
 0 0.250883
 0 0.209703
 0 0.218691
 0 0.21834
 0 0.235984
 0 0.238572
 0 0.215994
 0 0.300719
 0 0.236585
 0 0.196354
 0 0.220536
 0 0.175627
 0 0.209821
 0 0.222381
 0 0.202232
 0 0.181059
 0 0.222214
 0 0.365286
 0 0.240683
 0 0.194272
 0 0.220252
 0 0.238588
 0 0.23357
 0 0.251045
 0 0.1748
 0 0.26954
 0 0.321655
 0 0.168738
 0 0.210116
 0 0.205068
 0 0.119004
 0 0.28937
 0 0.196699
 0 0.255726
 0 0.1305
 0 0.275111
 0 0.161636
 0 0.316287
 0 0.265435
 0 0.200834
 0 0.22598
 0 0.192998
 0 0.228332
 0 0.145113
 0 0.240542
 0 0.107342
 0 0.246903
 0 0.184863
 0 0.215127
 0 0.201747
 0 0.292473
 0 0.223293
 0 0.201506
 0 0.202211
 0 0.227128
 0 0.25019
 0 0.255904
 0 0.210153
 0 0.202611
 0 0.199546
 0 0.219166
 0 0.216725
 0 0.218911
 0 0.177314
