603 1 0 0 1
 0 0.257918
 0 0.240089
 0 0.246435
 0 0.318849
 0 0.214549
 0 0.223618
 0 0.240541
 0 0.175685
 0 0.298036
 0 0.230222
 0 0.229026
 0 0.337982
 0 0.229118
 0 0.168763
 0 0.298567
 0 0.184965
 0 0.180653
 0 0.226538
 0 0.218991
 0 0.193715
 0 0.202718
 0 0.229684
 0 0.227927
 0 0.184742
 0 0.217326
 0 0.246857
 0 0.261673
 0 0.241553
 0 0.227745
 0 0.270924
 0 0.281939
 0 0.260021
 0 0.200676
 0 0.279574
 0 0.1769
 0 0.259589
 0 0.179132
 0 0.186029
 0 0.0776488
 0 0.183189
 0 0.238152
 0 0.266479
 0 0.248726
 0 0.258861
 0 0.282246
 0 0.249737
 0 0.210862
 0 0.190088
 0 0.211826
 0 0.256343
 0 0.166368
 0 0.16904
 0 0.344548
 0 0.232811
 0 0.191616
 0 0.257929
 0 0.248689
 0 0.233085
 0 0.234562
 0 0.213352
 0 0.230803
 0 0.232598
 0 0.223684
 0 0.2036
 0 0.214413
 0 0.210639
 0 0.154242
 0 0.203052
 0 0.258122
 0 0.214732
 0 0.2587
 0 0.11057
 0 0.204602
 0 0.205268
 0 0.205915
 0 0.21996
 0 0.218573
 0 0.252652
 0 0.190611
 0 0.226822
 0 0.215147
 0 0.184681
 0 0.172697
 0 0.254632
 0 0.223632
 0 0.215885
 0 0.206442
 0 0.187606
 0 0.284842
 0 0.222937
 0 0.211346
 0 0.196209
 0 0.210609
 0 0.227625
 0 0.176608
 0 0.241037
 0 0.267345
 0 0.210293
 0 0.169672
 0 0.282034
 0 0.221092
 0 0.146353
 0 0.257015
 0 0.242121
 0 0.249296
 0 0.264772
 0 0.216132
 0 0.168686
 0 0.147745
 0 0.213935
 0 0.213897
 0 0.183232
 0 0.296747
 0 0.187785
 0 0.218866
 0 0.24644
 0 0.262886
 0 0.183159
 0 0.210254
 0 0.195674
 0 0.165824
 0 0.149825
 0 0.188096
 0 0.214042
 0 0.251108
 0 0.225432
 0 0.272067
 0 0.22601
 0 0.157763
 0 0.316259
 0 0.20575
 0 0.263686
 0 0.243187
 0 0.194432
 0 0.194396
 0 0.177416
 0 0.212044
 0 0.246374
 0 0.206496
 0 0.20043
 0 0.222382
 0 0.290074
 0 0.244019
 0 0.254625
 0 0.171899
 0 0.23811
 0 0.175699
 0 0.274274
 0 0.127121
 0 0.294414
 0 0.266407
 0 0.182032
 0 0.223909
 0 0.213615
 0 0.176333
 0 0.258602
 0 0.249405
 0 0.196335
 0 0.299097
 0 0.25441
 0 0.260073
 0 0.134262
 0 0.207861
 0 0.226819
 0 0.316641
 0 0.251862
 0 0.245892
 0 0.212079
 0 0.22027
 0 0.281992
 0 0.188855
 0 0.178195
 0 0.137367
 0 0.144769
 0 0.213466
 0 0.247967
 0 0.208344
 0 0.215048
 0 0.320517
 0 0.246156
 0 0.24923
 0 0.263802
 0 0.205275
 0 0.225552
 0 0.243232
 0 0.143815
 0 0.244882
 0 0.265258
 0 0.226667
 0 0.134831
 0 0.22858
 0 0.263173
 0 0.238941
 0 0.207929
 0 0.193872
 0 0.297169
 0 0.217457
 0 0.164606
 0 0.242728
 0 0.172857
 0 0.29782
 0 0.166481
 0 0.293024
 0 0.236927
 0 0.270622
 0 0.278675
 0 0.225335
 0 0.250401
 0 0.236394
 0 0.229997
 0 0.174724
 0 0.209432
 0 0.215166
 0 0.227113
 0 0.212172
 0 0.183991
 0 0.24257
 0 0.245874
 0 0.239672
 0 0.274835
 0 0.241907
 0 0.227728
 0 0.227898
 0 0.262717
 0 0.246325
 0 0.266114
 0 0.234207
 0 0.228793
 0 0.226769
 0 0.204843
 0 0.260588
 0 0.255232
 0 0.196409
 0 0.161912
 0 0.192566
 0 0.209087
 0 0.250297
 0 0.217239
 0 0.136892
 0 0.292415
 0 0.139019
 0 0.19034
 0 0.294705
 0 0.233741
 0 0.227248
 0 0.190123
 0 0.238225
 0 0.242508
 0 0.184902
 0 0.213603
 0 0.240042
 0 0.23384
 0 0.271671
 0 0.199056
 0 0.109239
 0 0.138627
 0 0.286914
 0 0.217137
 0 0.220818
 0 0.233967
 0 0.259937
 0 0.247597
 0 0.26014
 0 0.193121
 0 0.239131
 0 0.184495
 0 0.271355
 0 0.230072
 0 0.231487
 0 0.165393
 0 0.245513
 0 0.228441
 0 0.229733
 0 0.160525
 0 0.254818
 0 0.239407
 0 0.161377
 0 0.114488
 0 0.192459
 0 0.119094
 0 0.208352
 0 0.29878
 0 0.181812
 0 0.215036
 0 0.199412
 0 0.218375
 0 0.302949
 0 0.212271
 0 0.265257
 0 0.238029
 0 0.249293
 0 0.197538
 0 0.342881
 0 0.205858
 0 0.120145
 0 0.278336
 0 0.26679
 0 0.268952
 0 0.215621
 0 0.204026
 0 0.210953
 0 0.145136
 0 0.203309
 0 0.165029
 0 0.300218
 0 0.21088
 0 0.220861
 0 0.23065
 0 0.171843
 0 0.297128
 0 0.169566
 0 0.187135
 0 0.218098
 0 0.26167
 0 0.172554
 0 0.208578
 0 0.248055
 0 0.166722
 0 0.189469
 0 0.308566
 0 0.268416
 0 0.185914
 0 0.23603
 0 0.239644
 0 0.206922
 0 0.144559
 0 0.258934
 0 0.178985
 0 0.173283
 0 0.188178
 0 0.236113
 0 0.247102
 0 0.181029
 0 0.290163
 0 0.201868
 0 0.226875
 0 0.247073
 0 0.236571
 0 0.287821
 0 0.189667
 0 0.242388
 0 0.274741
 0 0.167658
 0 0.247534
 0 0.240667
 0 0.230534
 0 0.207586
 0 0.259009
 0 0.195414
 0 0.215596
 0 0.212937
 0 0.227675
 0 0.20591
 0 0.193772
 0 0.194945
 0 0.265672
 0 0.189249
 0 0.273518
 0 0.228362
 0 0.150946
 0 0.286243
 0 0.200221
 0 0.192274
 0 0.287814
 0 0.183182
 0 0.273064
 0 0.24606
 0 0.164201
 0 0.235634
 0 0.237632
 0 0.201977
 0 0.217008
 0 0.230785
 0 0.256933
 0 0.187022
 0 0.142117
 0 0.285247
 0 0.196057
 0 0.192651
 0 0.277417
 0 0.251629
 0 0.167591
 0 0.24155
 0 0.272067
 0 0.207035
 0 0.224804
 0 0.195899
 0 0.259226
 0 0.206861
 0 0.256131
 0 0.202771
 0 0.211665
 0 0.236748
 0 0.245053
 0 0.28061
 0 0.258643
 0 0.246854
 0 0.23628
 0 0.225819
 0 0.288862
 0 0.213375
 0 0.195661
 0 0.194789
 0 0.181361
 0 0.223098
 0 0.243847
 0 0.235325
 0 0.171785
 0 0.190155
 0 0.222567
 0 0.195716
 0 0.257953
 0 0.225668
 0 0.249097
 0 0.155164
 0 0.238146
 0 0.243694
 0 0.142216
 0 0.161315
 0 0.291889
 0 0.266842
 0 0.219243
 0 0.288227
 0 0.211498
 0 0.200397
 0 0.222997
 0 0.180956
 0 0.173084
 0 0.242745
 0 0.115741
 0 0.187196
 0 0.249061
 0 0.201302
 0 0.251414
 0 0.228562
 0 0.226323
 0 0.17648
 0 0.214119
 0 0.238982
 0 0.239778
 0 0.344067
 0 0.258872
 0 0.194962
 0 0.268123
 0 0.228767
 0 0.257868
 0 0.230133
 0 0.221965
 0 0.153488
 0 0.250934
 0 0.200575
 0 0.190441
 0 0.223878
 0 0.201808
 0 0.244575
 0 0.22032
 0 0.232076
 0 0.176633
 0 0.165492
 0 0.193847
 0 0.243254
 0 0.223042
 0 0.187683
 0 0.189813
 0 0.219161
 0 0.189402
 0 0.340209
 0 0.185702
 0 0.33523
 0 0.146907
 0 0.194166
 0 0.24249
 0 0.172569
 0 0.163353
 0 0.220357
 0 0.216516
 0 0.212409
 0 0.190169
 0 0.232073
 0 0.242054
 0 0.242376
 0 0.180158
 0 0.163154
 0 0.193546
 0 0.234612
 0 0.213965
 0 0.235575
 0 0.199665
 0 0.211965
 0 0.346172
 0 0.180982
 0 0.172745
 0 0.236123
 0 0.238972
 0 0.225891
 0 0.241123
 0 0.186739
 0 0.123378
 0 0.21702
 0 0.206707
 0 0.202517
 0 0.24894
 0 0.278097
 0 0.208915
 0 0.179748
 0 0.216234
 0 0.221212
 0 0.241909
 0 0.268944
 0 0.217574
 0 0.222639
 0 0.164993
 0 0.258991
 0 0.247777
 0 0.229496
 0 0.345539
 0 0.23051
 0 0.217728
 0 0.150986
 0 0.198988
 0 0.199426
 0 0.163084
 0 0.206672
 0 0.148847
 0 0.24473
 0 0.229733
 0 0.287001
 0 0.184559
 0 0.24115
 0 0.160799
 0 0.188892
 0 0.223819
 0 0.16256
 0 0.232036
 0 0.205881
 0 0.296072
 0 0.244101
 0 0.214805
 0 0.235082
 0 0.317969
 0 0.206881
 0 0.218215
 0 0.276287
 0 0.249152
 0 0.205301
 0 0.223406
 0 0.228892
 0 0.166781
 0 0.30342
 0 0.217719
 0 0.205777
 0 0.251721
 0 0.179176
 0 0.14934
 0 0.280469
 0 0.171604
 0 0.206717
 0 0.284823
 0 0.204773
 0 0.189006
 0 0.219677
 0 0.214408
 0 0.246368
 0 0.197923
 0 0.175922
 0 0.208942
 0 0.241676
 0 0.229089
 0 0.287179
 0 0.230069
 0 0.162561
 0 0.23676
 0 0.199714
 0 0.238838
 0 0.256408
 0 0.18981
 0 0.242111
 0 0.194789
 0 0.214372
 0 0.184383
 0 0.159655
 0 0.192661
 0 0.251373
 0 0.209368
 0 0.232481
 0 0.181184
 0 0.243052
 0 0.282147
 0 0.21563
 0 0.220629
 0 0.155378
 0 0.321776
 0 0.158136
 0 0.174309
 0 0.240831
 0 0.179835
 0 0.271245
 0 0.181491
 0 0.198915
 0 0.224106
 0 0.175985
 0 0.192036
 0 0.278369
