535 1 0 0 1
 0 0.969282
 0 0.741382
 0 0.844008
 0 1.12263
 0 0.938626
 0 1.01058
 0 0.778944
 0 0.880188
 0 1.12127
 0 0.708046
 0 1.03464
 0 0.91655
 0 1.04055
 0 0.774224
 0 0.816788
 0 0.85285
 0 1.0662
 0 1.02833
 0 0.93324
 0 1.01771
 0 0.923026
 0 0.75107
 0 1.05032
 0 1.03628
 0 0.967028
 0 1.06663
 0 0.813844
 0 1.15344
 0 1.10529
 0 1.10264
 0 1.05935
 0 0.998484
 0 0.740426
 0 0.96119
 0 0.942796
 0 1.10087
 0 1.0004
 0 0.90864
 0 0.846892
 0 0.919976
 0 1.03061
 0 0.78302
 0 1.15693
 0 0.926244
 0 0.89683
 0 1.04599
 0 1.0405
 0 1.2576
 0 0.941868
 0 1.03269
 0 1.09305
 0 1.04701
 0 1.04473
 0 0.872374
 0 1.00137
 0 0.94241
 0 0.656494
 0 0.624946
 0 0.797028
 0 0.741122
 0 0.695706
 0 0.894678
 0 0.94115
 0 0.91576
 0 0.975756
 0 0.90636
 0 0.841378
 0 0.885612
 0 0.967004
 0 0.817332
 0 1.03619
 0 1.13595
 0 0.95333
 0 1.05092
 0 0.898222
 0 0.883528
 0 1.0618
 0 1.07613
 0 0.814142
 0 1.03179
 0 1.07583
 0 0.669566
 0 0.987414
 0 0.888742
 0 0.859298
 0 1.08695
 0 0.869446
 0 1.08993
 0 1.05145
 0 0.923222
 0 0.99605
 0 1.08145
 0 0.890162
 0 0.973544
 0 1.09465
 0 0.924526
 0 0.864706
 0 0.963264
 0 1.03403
 0 0.885236
 0 0.957384
 0 1.01921
 0 0.89106
 0 0.872762
 0 0.830522
 0 1.13428
 0 0.82392
 0 1.10854
 0 0.938666
 0 0.871592
 0 0.8446
 0 0.902214
 0 1.00987
 0 0.957814
 0 0.903444
 0 0.956424
 0 0.843794
 0 1.07001
 0 1.07092
 0 0.929084
 0 1.15153
 0 1.06039
 0 0.839878
 0 0.904914
 0 0.961986
 0 0.967424
 0 1.05474
 0 0.870536
 0 0.772414
 0 1.026
 0 0.982696
 0 0.897548
 0 0.989054
 0 0.80464
 0 0.939304
 0 0.841304
 0 0.953482
 0 0.98579
 0 0.729102
 0 1.06483
 0 1.0276
 0 0.84318
 0 0.897948
 0 0.921154
 0 1.14892
 0 0.59394
 0 0.66036
 0 1.13009
 0 0.8437
 0 0.836982
 0 0.870692
 0 1.16082
 0 0.893818
 0 1.11572
 0 1.04239
 0 0.938998
 0 1.00832
 0 0.950708
 0 0.760902
 0 1.10196
 0 1.1121
 0 1.05791
 0 0.834172
 0 1.1163
 0 0.834924
 0 0.861328
 0 0.749146
 0 0.930438
 0 0.906328
 0 0.835572
 0 0.946602
 0 0.914472
 0 0.763714
 0 0.938886
 0 0.879362
 0 0.94335
 0 0.965038
 0 0.967242
 0 0.931736
 0 1.03956
 0 1.01153
 0 0.90309
 0 0.93483
 0 1.04933
 0 1.12895
 0 0.78499
 0 1.06043
 0 0.887836
 0 1.0112
 0 1.03663
 0 0.833698
 0 1.09543
 0 1.17164
 0 1.17004
 0 0.678952
 0 1.13113
 0 0.745522
 0 1.04811
 0 0.88194
 0 0.6262
 0 0.889714
 0 0.976552
 0 0.91003
 0 0.99328
 0 0.990536
 0 1.10994
 0 0.963738
 0 0.86244
 0 0.855682
 0 1.18218
 0 0.83148
 0 0.934946
 0 0.965802
 0 0.714862
 0 0.756144
 0 1.17032
 0 0.83095
 0 0.97871
 0 1.05196
 0 0.953708
 0 0.936854
 0 1.0589
 0 0.831952
 0 1.0886
 0 0.94586
 0 0.77964
 0 0.825156
 0 0.980402
 0 0.910346
 0 0.714486
 0 0.989452
 0 1.21895
 0 1.18875
 0 0.886296
 0 0.627852
 0 0.779982
 0 0.909688
 0 1.02888
 0 0.832742
 0 0.871344
 0 1.11083
 0 0.938768
 0 1.07021
 0 0.988094
 0 1.07497
 0 0.77984
 0 1.0024
 0 0.648938
 0 0.923772
 0 0.937976
 0 1.09113
 0 1.26573
 0 1.13335
 0 1.11832
 0 0.988326
 0 1.02054
 0 1.07614
 0 0.796086
 0 0.92907
 0 0.90369
 0 0.940106
 0 0.980648
 0 1.05539
 0 0.841818
 0 1.05146
 0 0.90874
 0 0.817366
 0 0.783522
 0 0.877564
 0 0.989828
 0 0.592484
 0 0.707824
 0 0.670166
 0 0.83708
 0 0.915726
 0 1.03522
 0 0.972514
 0 0.747046
 0 0.921638
 0 0.997404
 0 1.05003
 0 1.08729
 0 1.00683
 0 1.0503
 0 0.967682
 0 0.893542
 0 0.75845
 0 0.623048
 0 1.14361
 0 0.783976
 0 0.794302
 0 0.938268
 0 0.779948
 0 0.951278
 0 0.892392
 0 0.913546
 0 0.851456
 0 0.862396
 0 0.994024
 0 0.8514
 0 0.858722
 0 0.927802
 0 0.812606
 0 1.06279
 0 1.09713
 0 0.936634
 0 1.26756
 0 1.15323
 0 0.894732
 0 0.936452
 0 0.904704
 0 0.92518
 0 0.793476
 0 0.986014
 0 0.902504
 0 1.15676
 0 0.919404
 0 1.04018
 0 0.851374
 0 1.08126
 0 1.07651
 0 1.05812
 0 1.10685
 0 0.904846
 0 1.05041
 0 0.900456
 0 1.11523
 0 1.04983
 0 0.945078
 0 0.68781
 0 1.01466
 0 1.06448
 0 0.976266
 0 1.18358
 0 0.77865
 0 0.922302
 0 0.935754
 0 1.15211
 0 0.801662
 0 1.13231
 0 0.963632
 0 0.897008
 0 0.881766
 0 0.856626
 0 0.86904
 0 0.7887
 0 1.03026
 0 0.729546
 0 0.722178
 0 0.795536
 0 0.975744
 0 0.92775
 0 1.00325
 0 0.961434
 0 1.02138
 0 1.07242
 0 0.948236
 0 0.985464
 0 1.05452
 0 0.755186
 0 0.912894
 0 0.82636
 0 1.10243
 0 1.061
 0 0.85689
 0 0.911938
 0 1.05867
 0 1.02909
 0 0.775778
 0 1.12933
 0 0.991018
 0 0.922956
 0 1.09328
 0 0.880078
 0 1.01171
 0 0.964734
 0 0.956198
 0 1.09098
 0 1.03557
 0 0.983832
 0 1.07299
 0 0.911474
 0 0.73416
 0 0.969114
 0 0.803372
 0 1.31355
 0 1.38144
 0 0.842642
 0 0.771734
 0 0.897962
 0 0.836482
 0 0.927656
 0 0.932538
 0 0.95729
 0 0.921118
 0 1.0252
 0 1.00911
 0 1.0441
 0 1.14327
 0 0.974888
 0 0.932476
 0 1.11041
 0 0.932064
 0 1.19426
 0 1.07115
 0 1.02938
 0 1.14757
 0 1.15156
 0 1.1273
 0 0.893594
 0 0.961396
 0 0.66455
 0 0.810326
 0 0.846806
 0 0.777912
 0 0.863108
 0 0.801946
 0 0.889726
 0 0.766104
 0 0.939626
 0 0.8745
 0 0.666092
 0 0.870194
 0 1.07432
 0 0.799798
 0 1.05608
 0 1.0064
 0 0.941612
 0 0.968598
 0 0.897168
 0 0.762218
 0 1.00479
 0 0.873758
 0 0.818328
 0 1.05629
 0 1.07244
 0 0.871
 0 0.951444
 0 1.11084
 0 0.740586
 0 0.918162
 0 0.891258
 0 0.939264
 0 1.12959
 0 0.90593
 0 0.827748
 0 0.880784
 0 0.931616
 0 0.775056
 0 0.662694
 0 0.935928
 0 1.23525
 0 1.05936
 0 1.15188
 0 0.916338
 0 0.969482
 0 0.8041
 0 1.01137
 0 0.897812
 0 1.04855
 0 0.865884
 0 0.655504
 0 0.983088
 0 0.81003
 0 1.05154
 0 0.952698
 0 1.04927
 0 0.945208
 0 1.00566
 0 0.90292
 0 1.00996
 0 1.19433
 0 1.03598
 0 0.827012
 0 0.958048
 0 0.856456
 0 1.05118
 0 0.817932
 0 0.927884
 0 0.805314
 0 0.868664
 0 0.854132
 0 1.01774
 0 0.909542
 0 1.14202
 0 0.892484
 0 0.943966
 0 1.02097
 0 0.861752
 0 1.02223
 0 0.83922
 0 0.982862
 0 0.876984
 0 0.977634
 0 0.958394
 0 0.76271
 0 0.712242
 0 0.80261
 0 1.01873
 0 1.08076
 0 0.737962
 0 1.19361
 0 0.767712
 0 1.1226
 0 1.08052
 0 0.920178
 0 0.98296
 0 0.817452
 0 1.00377
 0 0.959562
 0 0.908668
 0 0.974716
 0 1.23162
 0 0.814782
 0 0.91132
 0 1.22064
 0 0.888062
 0 1.04381
 0 1.08123
 0 0.845236
 0 0.887574
 0 1.0134
 0 0.97373
 0 1.1108
 0 1.06041
 0 1.10924
 0 1.01303
 0 1.08178
 0 1.24842
 0 0.876454
 0 0.803906
 0 0.901656
 0 0.751752
 0 0.853146
 0 0.76287
