535 1 0 0 1
 0 0.363599
 0 0.448449
 0 0.467138
 0 0.344002
 0 0.401309
 0 0.355576
 0 0.748903
 0 0.383527
 0 0.839349
 0 0.363351
 0 0.442921
 0 0.52919
 0 0.375056
 0 0.55693
 0 0.475732
 0 0.347446
 0 0.451567
 0 0.66175
 0 0.702566
 0 0.456705
 0 0.49003
 0 0.409757
 0 0.436358
 0 0.421237
 0 0.594704
 0 0.275383
 0 0.467507
 0 0.675532
 0 0.658256
 0 0.401853
 0 0.464952
 0 0.535148
 0 0.470734
 0 0.591947
 0 0.627481
 0 0.423321
 0 0.567271
 0 0.545911
 0 0.774546
 0 0.607405
 0 0.399626
 0 0.426215
 0 0.470987
 0 0.409387
 0 0.456868
 0 0.360178
 0 0.513558
 0 0.39796
 0 0.34262
 0 0.592914
 0 0.732903
 0 0.778839
 0 0.409738
 0 0.489823
 0 0.410418
 0 0.199324
 0 0.344442
 0 0.573767
 0 0.287652
 0 0.802215
 0 0.525249
 0 0.543239
 0 0.21572
 0 0.394593
 0 0.533828
 0 0.447747
 0 0.338287
 0 0.473298
 0 0.606623
 0 0.459708
 0 0.299372
 0 0.368746
 0 0.267925
 0 0.339231
 0 0.558358
 0 0.559803
 0 0.423359
 0 0.383896
 0 0.449213
 0 0.518636
 0 0.327461
 0 0.52355
 0 0.399328
 0 0.500735
 0 0.471503
 0 0.281202
 0 0.505558
 0 0.483272
 0 0.425997
 0 0.538954
 0 0.058094
 0 0.464997
 0 0.360303
 0 0.671068
 0 0.503325
 0 0.453028
 0 0.449331
 0 0.497234
 0 0.538822
 0 0.535847
 0 0.317839
 0 0.404118
 0 0.338398
 0 0.581537
 0 0.494606
 0 0.482441
 0 0.287544
 0 0.696855
 0 0.477994
 0 0.76576
 0 0.230987
 0 0.500919
 0 0.263236
 0 0.269075
 0 0.679652
 0 0.385679
 0 0.54541
 0 0.471574
 0 0.623015
 0 0.550301
 0 0.377777
 0 0.542674
 0 0.444457
 0 0.399954
 0 0.389453
 0 0.565974
 0 0.562365
 0 0.400522
 0 0.565631
 0 0.567119
 0 0.645036
 0 0.828915
 0 0.431122
 0 0.280448
 0 0.354026
 0 0.311648
 0 0.26336
 0 0.494267
 0 0.596154
 0 0.220569
 0 0.631438
 0 0.384663
 0 0.473461
 0 0.283801
 0 0.482762
 0 0.462369
 0 0.174348
 0 0.675924
 0 0.474914
 0 0.616426
 0 0.476943
 0 0.430341
 0 0.427215
 0 0.448217
 0 0.692505
 0 0.515383
 0 0.584997
 0 0.399317
 0 0.421943
 0 0.516096
 0 0.291158
 0 0.263226
 0 0.298493
 0 0.360303
 0 0.659374
 0 0.487932
 0 0.511688
 0 0.645233
 0 0.304349
 0 0.497708
 0 0.571718
 0 0.522294
 0 0.263227
 0 0.5977
 0 0.346358
 0 0.462666
 0 0.60515
 0 0.347798
 0 0.593079
 0 0.663918
 0 0.294174
 0 0.605231
 0 0.62692
 0 0.582296
 0 0.320998
 0 0.51111
 0 0.563986
 0 0.610782
 0 0.686268
 0 0.509725
 0 0.571917
 0 0.355107
 0 0.518767
 0 0.299468
 0 0.699383
 0 0.532156
 0 0.401844
 0 0.362984
 0 0.524162
 0 0.575761
 0 0.662868
 0 0.380031
 0 0.467002
 0 0.401217
 0 0.777416
 0 0.243198
 0 0.311502
 0 0.398896
 0 0.264681
 0 0.23395
 0 0.547293
 0 0.322338
 0 0.590052
 0 0.418123
 0 0.458798
 0 0.334716
 0 0.531131
 0 0.432471
 0 0.289916
 0 0.475309
 0 0.379997
 0 0.415321
 0 0.54798
 0 0.375928
 0 0.443747
 0 0.663475
 0 0.78498
 0 0.315913
 0 0.45461
 0 0.700721
 0 0.595029
 0 0.475432
 0 0.300222
 0 0.630512
 0 0.604123
 0 0.435946
 0 0.331351
 0 0.600627
 0 0.481446
 0 0.793274
 0 0.408977
 0 0.276215
 0 0.329846
 0 0.24437
 0 0.401705
 0 0.482339
 0 0.357712
 0 0.471163
 0 0.447674
 0 0.387419
 0 0.312842
 0 0.509283
 0 0.608625
 0 0.618482
 0 0.52581
 0 0.485024
 0 0.250067
 0 0.337049
 0 0.74534
 0 0.751907
 0 0.432076
 0 0.639878
 0 0.554037
 0 0.451737
 0 0.450716
 0 0.582836
 0 0.530039
 0 0.660807
 0 0.451985
 0 0.434805
 0 0.548228
 0 0.752352
 0 0.407828
 0 0.329525
 0 0.516956
 0 0.294336
 0 0.503676
 0 0.328532
 0 0.519525
 0 0.348274
 0 0.618883
 0 0.451074
 0 0.450446
 0 0.279157
 0 0.536115
 0 0.335218
 0 0.573729
 0 0.515738
 0 0.710643
 0 0.760017
 0 0.493979
 0 0.516336
 0 0.451379
 0 0.439985
 0 0.587873
 0 0.693846
 0 0.404746
 0 0.334121
 0 0.477258
 0 0.398023
 0 0.517859
 0 0.254423
 0 0.469577
 0 0.22665
 0 0.554804
 0 0.62616
 0 0.408826
 0 0.385903
 0 0.675281
 0 0.440756
 0 0.335504
 0 0.349111
 0 0.549246
 0 0.487644
 0 0.513853
 0 0.694187
 0 0.27245
 0 0.435863
 0 0.470913
 0 0.627052
 0 0.565867
 0 0.643004
 0 0.354468
 0 0.478569
 0 0.659571
 0 0.467329
 0 0.665902
 0 0.370186
 0 0.256322
 0 0.29077
 0 0.798686
 0 0.724201
 0 0.479364
 0 0.426532
 0 0.75491
 0 0.62151
 0 0.446605
 0 0.285809
 0 0.584439
 0 0.321796
 0 0.292276
 0 0.368685
 0 0.421631
 0 0.589127
 0 0.671819
 0 0.489151
 0 0.45764
 0 0.302079
 0 0.625296
 0 0.490792
 0 0.496011
 0 0.51558
 0 0.768821
 0 0.518816
 0 0.698275
 0 0.248662
 0 0.485702
 0 0.465508
 0 0.520962
 0 0.599845
 0 0.66275
 0 0.44446
 0 0.460595
 0 0.414385
 0 0.420603
 0 0.357845
 0 0.469023
 0 0.446968
 0 0.62738
 0 0.558334
 0 0.439531
 0 0.233506
 0 0.452033
 0 0.497662
 0 0.325676
 0 0.613093
 0 0.381813
 0 0.0850537
 0 0.434065
 0 0.509007
 0 0.346888
 0 0.487148
 0 0.485782
 0 0.65059
 0 0.52675
 0 0.381333
 0 0.496838
 0 0.430662
 0 0.51371
 0 0.442064
 0 0.0907526
 0 0.243985
 0 0.272316
 0 0.437622
 0 0.268551
 0 0.603317
 0 0.24079
 0 0.711244
 0 0.532154
 0 0.500057
 0 0.617382
 0 0.422192
 0 0.496159
 0 0.421282
 0 0.471402
 0 0.355602
 0 0.282846
 0 0.511408
 0 0.552803
 0 0.561157
 0 0.362547
 0 0.549165
 0 0.584854
 0 0.804265
 0 0.601994
 0 0.531674
 0 0.67777
 0 0.737155
 0 0.600655
 0 0.560637
 0 0.295403
 0 0.614022
 0 0.83407
 0 0.292407
 0 0.431443
 0 0.499153
 0 0.525913
 0 0.483531
 0 0.6518
 0 0.519235
 0 0.653634
 0 0.429903
 0 0.781163
 0 0.465103
 0 0.535653
 0 0.532146
 0 0.327966
 0 0.681591
 0 0.485471
 0 0.685842
 0 0.448707
 0 0.811948
 0 0.683756
 0 0.268663
 0 0.252145
 0 0.499835
 0 0.505802
 0 0.608539
 0 0.637281
 0 0.531185
 0 0.833387
 0 0.558484
 0 0.469209
 0 0.582912
 0 0.486624
 0 0.410044
 0 0.570744
 0 0.754591
 0 0.333757
 0 0.303843
 0 0.494806
 0 0.534759
 0 0.520543
 0 0.446606
 0 0.563495
 0 0.648614
 0 0.542546
 0 0.487964
 0 0.262101
 0 0.516899
 0 0.679675
 0 0.48346
 0 0.411521
 0 0.601431
 0 0.607571
 0 0.446359
 0 0.56247
 0 0.47938
 0 0.355722
 0 0.60037
 0 0.484024
 0 0.32696
 0 0.639723
 0 0.395286
 0 0.452595
 0 0.323178
 0 0.343916
 0 0.563409
 0 0.394711
 0 0.357677
 0 0.683408
 0 0.4627
 0 0.372925
 0 0.790439
 0 0.438269
 0 0.339601
 0 0.382146
 0 0.51006
 0 0.144815
 0 0.268176
 0 0.399698
 0 0.480633
 0 0.235924
 0 0.720394
 0 0.622621
 0 0.678654
 0 0.740562
 0 0.314141
 0 0.576297
 0 0.466467
 0 0.506022
 0 0.416014
 0 0.228223
 0 0.46466
 0 0.412259
 0 0.359526
 0 0.57489
 0 0.635397
 0 0.508268
 0 0.585151
 0 0.447964
 0 0.535628
 0 0.572796
 0 0.453359
 0 0.450545
 0 0.551441
 0 0.305615
 0 0.512913
 0 0.423545
 0 0.525876
 0 0.169481
 0 0.648672
 0 0.558032
 0 0.494366
 0 0.414546
