535 1 0 0 1
 0 1.17095
 0 1.40369
 0 0.634184
 0 0.738504
 0 1.2016
 0 1.05426
 0 0.952764
 0 0.629712
 0 0.588486
 0 0.353288
 0 0.83589
 0 0.668544
 0 0.172757
 0 2.08702
 0 1.44373
 0 1.46044
 0 1.20366
 0 0.942946
 0 1.1484
 0 0.803982
 0 0.768426
 0 0.635916
 0 0.735842
 0 0.92696
 0 0.935162
 0 0.73745
 0 1.13376
 0 0.648196
 0 1.18914
 0 0.81924
 0 1.10133
 0 1.37775
 0 0.672922
 0 1.17358
 0 1.63797
 0 0.397728
 0 1.5383
 0 1.41625
 0 1.41536
 0 1.32873
 0 1.06411
 0 0.710274
 0 0.571936
 0 1.36682
 0 0.837116
 0 0.632154
 0 0.829022
 0 0.780834
 0 0.851854
 0 1.87315
 0 0.674914
 0 1.34082
 0 1.20256
 0 0.772578
 0 0.645556
 0 0.933428
 0 0.150415
 0 1.22101
 0 0.71622
 0 0.952894
 0 0.78315
 0 1.3757
 0 1.41653
 0 0.723952
 0 0.804298
 0 0.884392
 0 0.652518
 0 1.23397
 0 1.63296
 0 0.958126
 0 0.187186
 0 1.02169
 0 1.09199
 0 1.42406
 0 1.32282
 0 0.609938
 0 0.923996
 0 0.0362118
 0 0.81113
 0 1.18789
 0 0.814426
 0 1.19809
 0 0.822064
 0 1.02267
 0 1.49395
 0 0.73796
 0 0.606182
 0 1.57384
 0 1.06885
 0 1.11763
 0 0.60653
 0 0.420088
 0 0.385516
 0 0.851072
 0 0.5989
 0 1.11659
 0 1.07542
 0 1.20876
 0 0.939232
 0 0.388282
 0 0.25589
 0 1.03489
 0 1.39537
 0 1.39363
 0 0.531696
 0 0.71524
 0 0.561652
 0 0.749116
 0 0.568346
 0 1.4661
 0 0.487836
 0 0.803368
 0 0.541372
 0 0.174649
 0 0.13029
 0 0.527972
 0 1.12867
 0 0.845234
 0 1.12862
 0 1.4341
 0 0.837452
 0 0.598316
 0 1.26488
 0 0.878762
 0 0.967602
 0 0.840444
 0 1.52021
 0 -0.00407486
 0 1.20866
 0 1.05377
 0 0.831032
 0 1.47115
 0 1.57693
 0 0.731318
 0 0.71556
 0 1.15696
 0 0.247988
 0 1.37959
 0 1.09259
 0 0.310728
 0 0.55805
 0 0.518748
 0 1.36237
 0 0.747024
 0 0.825812
 0 0.856332
 0 0.846804
 0 1.00028
 0 1.09501
 0 1.10578
 0 1.20385
 0 1.00374
 0 0.364164
 0 0.95101
 0 0.936666
 0 0.98046
 0 1.63955
 0 0.728622
 0 0.893678
 0 0.883084
 0 1.03612
 0 1.27822
 0 0.887066
 0 0.74895
 0 0.850426
 0 0.755436
 0 0.562772
 0 1.85959
 0 1.41762
 0 0.755912
 0 0.801206
 0 1.0382
 0 0.287158
 0 1.14964
 0 0.62945
 0 0.186291
 0 1.35468
 0 0.699424
 0 1.41048
 0 0.734904
 0 0.490466
 0 1.41912
 0 1.02903
 0 1.33919
 0 1.59214
 0 0.806138
 0 1.07251
 0 1.1204
 0 0.745052
 0 0.172705
 0 0.77861
 0 0.265534
 0 0.9134
 0 1.26842
 0 1.63738
 0 1.96915
 0 0.529642
 0 0.758956
 0 0.836882
 0 0.816406
 0 1.04927
 0 0.729878
 0 0.592242
 0 0.762274
 0 1.13187
 0 0.727648
 0 0.727298
 0 0.971516
 0 0.998808
 0 0.963962
 0 0.740802
 0 1.0565
 0 0.687118
 0 1.05686
 0 0.488332
 0 0.91569
 0 0.637174
 0 0.779946
 0 0.75968
 0 1.13301
 0 0.604164
 0 1.54897
 0 1.55956
 0 1.14887
 0 0.693732
 0 0.821792
 0 0.876428
 0 0.453136
 0 0.906108
 0 0.425192
 0 1.34315
 0 0.523306
 0 0.50901
 0 0.89207
 0 1.36167
 0 1.24642
 0 0.466668
 0 0.555118
 0 1.27209
 0 1.18712
 0 0.598796
 0 0.928588
 0 0.59773
 0 -0.0494398
 0 1.02065
 0 0.744758
 0 1.39518
 0 1.28427
 0 1.02644
 0 0.142169
 0 1.24272
 0 0.638396
 0 0.960586
 0 0.897502
 0 0.833278
 0 1.41292
 0 0.66824
 0 0.756468
 0 0.921692
 0 1.18392
 0 1.03564
 0 0.627558
 0 0.876472
 0 0.694064
 0 0.597334
 0 1.47604
 0 0.705136
 0 0.787872
 0 0.572248
 0 0.878058
 0 1.23411
 0 0.587528
 0 0.989616
 0 1.03006
 0 1.09085
 0 1.33985
 0 1.18869
 0 0.50263
 0 1.23566
 0 1.11829
 0 1.58965
 0 1.49864
 0 0.813796
 0 0.497554
 0 1.09477
 0 0.867974
 0 1.14443
 0 0.196784
 0 0.998532
 0 1.24937
 0 0.870858
 0 0.399992
 0 0.772204
 0 0.827456
 0 0.549548
 0 1.48958
 0 1.01918
 0 1.23679
 0 0.894614
 0 0.901648
 0 0.531032
 0 0.766258
 0 1.05518
 0 0.642912
 0 1.03671
 0 1.34528
 0 1.5592
 0 0.762822
 0 0.59394
 0 0.806752
 0 0.445632
 0 0.75151
 0 1.94296
 0 0.946406
 0 0.79077
 0 1.31722
 0 0.963248
 0 1.0077
 0 0.687508
 0 0.59488
 0 1.54257
 0 1.13764
 0 1.24732
 0 0.669088
 0 0.885884
 0 0.989804
 0 0.715544
 0 1.09248
 0 0.860158
 0 0.49935
 0 1.76863
 0 1.3337
 0 0.645614
 0 1.29465
 0 1.22772
 0 1.14215
 0 1.03989
 0 0.839966
 0 1.24717
 0 1.36774
 0 0.72829
 0 0.814414
 0 1.26011
 0 1.257
 0 0.688606
 0 1.06242
 0 1.50406
 0 0.61123
 0 0.90198
 0 0.460972
 0 0.582002
 0 1.95612
 0 0.926898
 0 1.41443
 0 1.5605
 0 0.672518
 0 0.610178
 0 1.06767
 0 1.07603
 0 0.00892202
 0 0.893178
 0 0.88312
 0 0.767722
 0 1.33438
 0 0.551312
 0 0.96905
 0 0.63968
 0 0.649402
 0 1.12263
 0 1.30103
 0 0.613936
 0 1.08814
 0 0.95083
 0 0.924116
 0 1.08196
 0 0.442716
 0 0.539496
 0 0.850672
 0 -0.18009
 0 0.987452
 0 0.308218
 0 1.26546
 0 0.429786
 0 1.52019
 0 0.69255
 0 0.73652
 0 1.00308
 0 1.20607
 0 1.7895
 0 1.82407
 0 -0.00596894
 0 1.29879
 0 0.353182
 0 0.946336
 0 1.42669
 0 1.77651
 0 1.23361
 0 1.23634
 0 0.865436
 0 0.820398
 0 0.87718
 0 1.11196
 0 0.862918
 0 0.850074
 0 0.705598
 0 0.863168
 0 0.655294
 0 0.211706
 0 1.81799
 0 0.936618
 0 0.11637
 0 0.500052
 0 0.64894
 0 1.82553
 0 0.898584
 0 2.0389
 0 2.00434
 0 1.65505
 0 0.727962
 0 1.23477
 0 1.11986
 0 1.78812
 0 0.790318
 0 0.758716
 0 0.0128892
 0 0.525296
 0 0.768822
 0 1.09235
 0 0.816558
 0 1.22879
 0 1.13532
 0 0.911724
 0 1.64066
 0 1.72876
 0 0.865308
 0 1.79306
 0 1.30644
 0 1.52551
 0 0.996638
 0 1.18579
 0 1.5658
 0 0.99646
 0 1.34585
 0 1.08933
 0 0.794336
 0 1.22978
 0 1.34578
 0 1.13978
 0 0.643152
 0 1.57062
 0 1.20052
 0 1.4563
 0 1.42119
 0 1.65702
 0 0.861216
 0 1.20501
 0 0.769916
 0 1.98105
 0 0.65948
 0 0.854716
 0 0.458306
 0 1.477
 0 0.816334
 0 1.1394
 0 0.823722
 0 1.28574
 0 0.630956
 0 0.985594
 0 0.7497
 0 1.08952
 0 1.30343
 0 1.4407
 0 0.98778
 0 1.43206
 0 1.03131
 0 1.90069
 0 0.260044
 0 1.10316
 0 1.03117
 0 0.612406
 0 0.977386
 0 0.65947
 0 1.20218
 0 0.811442
 0 1.01039
 0 0.70814
 0 0.978976
 0 0.77796
 0 0.852494
 0 0.56123
 0 1.11152
 0 1.19524
 0 0.691998
 0 0.815238
 0 1.28561
 0 1.19533
 0 0.586864
 0 1.07528
 0 0.341424
 0 0.938006
 0 1.00711
 0 1.3636
 0 0.602054
 0 0.92204
 0 1.1929
 0 0.996654
 0 0.952726
 0 0.543382
 0 0.941268
 0 1.38645
 0 1.12997
 0 1.04537
 0 0.85804
 0 0.594738
 0 0.993022
 0 1.12899
 0 1.47442
 0 0.709
 0 -0.450432
 0 1.10448
 0 0.972996
 0 0.603346
 0 0.989098
 0 0.925864
 0 0.924252
 0 0.491164
 0 0.654554
 0 1.22402
 0 0.838484
 0 0.882452
 0 0.578482
 0 1.0605
 0 1.39691
 0 1.69137
 0 1.01221
