535 1 0 0 1
 0 0.484641
 0 0.370691
 0 0.422004
 0 0.561315
 0 0.469313
 0 0.505291
 0 0.389472
 0 0.440094
 0 0.560636
 0 0.354023
 0 0.51732
 0 0.458275
 0 0.520277
 0 0.387112
 0 0.408394
 0 0.426425
 0 0.533101
 0 0.514163
 0 0.46662
 0 0.508854
 0 0.461513
 0 0.375535
 0 0.525161
 0 0.518141
 0 0.483514
 0 0.533315
 0 0.406922
 0 0.576721
 0 0.552647
 0 0.551319
 0 0.529675
 0 0.499242
 0 0.370213
 0 0.480595
 0 0.471398
 0 0.550436
 0 0.500198
 0 0.45432
 0 0.423446
 0 0.459988
 0 0.515307
 0 0.39151
 0 0.578463
 0 0.463122
 0 0.448415
 0 0.522995
 0 0.52025
 0 0.628801
 0 0.470934
 0 0.516343
 0 0.546526
 0 0.523505
 0 0.522367
 0 0.436187
 0 0.500684
 0 0.471205
 0 0.328247
 0 0.312473
 0 0.398514
 0 0.370561
 0 0.347853
 0 0.447339
 0 0.470575
 0 0.45788
 0 0.487878
 0 0.45318
 0 0.420689
 0 0.442806
 0 0.483502
 0 0.408666
 0 0.518095
 0 0.567976
 0 0.476665
 0 0.525459
 0 0.449111
 0 0.441764
 0 0.530899
 0 0.538064
 0 0.407071
 0 0.515894
 0 0.537914
 0 0.334783
 0 0.493707
 0 0.444371
 0 0.429649
 0 0.543475
 0 0.434723
 0 0.544967
 0 0.525724
 0 0.461611
 0 0.498025
 0 0.540723
 0 0.445081
 0 0.486772
 0 0.547324
 0 0.462263
 0 0.432353
 0 0.481632
 0 0.517013
 0 0.442618
 0 0.478692
 0 0.509603
 0 0.44553
 0 0.436381
 0 0.415261
 0 0.567138
 0 0.41196
 0 0.55427
 0 0.469333
 0 0.435796
 0 0.4223
 0 0.451107
 0 0.504934
 0 0.478907
 0 0.451722
 0 0.478212
 0 0.421897
 0 0.535007
 0 0.535459
 0 0.464542
 0 0.575766
 0 0.530195
 0 0.419939
 0 0.452457
 0 0.480993
 0 0.483712
 0 0.52737
 0 0.435268
 0 0.386207
 0 0.513002
 0 0.491348
 0 0.448774
 0 0.494527
 0 0.40232
 0 0.469652
 0 0.420652
 0 0.476741
 0 0.492895
 0 0.364551
 0 0.532413
 0 0.513802
 0 0.42159
 0 0.448974
 0 0.460577
 0 0.574459
 0 0.29697
 0 0.33018
 0 0.565046
 0 0.42185
 0 0.418491
 0 0.435346
 0 0.580411
 0 0.446909
 0 0.557862
 0 0.521194
 0 0.469499
 0 0.504162
 0 0.475354
 0 0.380451
 0 0.550982
 0 0.556048
 0 0.528954
 0 0.417086
 0 0.558148
 0 0.417462
 0 0.430664
 0 0.374573
 0 0.465219
 0 0.453164
 0 0.417786
 0 0.473301
 0 0.457236
 0 0.381857
 0 0.469443
 0 0.439681
 0 0.471675
 0 0.482519
 0 0.483621
 0 0.465868
 0 0.519782
 0 0.505765
 0 0.451545
 0 0.467415
 0 0.524666
 0 0.564474
 0 0.392495
 0 0.530215
 0 0.443918
 0 0.505601
 0 0.518313
 0 0.416849
 0 0.547717
 0 0.585821
 0 0.585018
 0 0.339476
 0 0.565563
 0 0.372761
 0 0.524053
 0 0.44097
 0 0.3131
 0 0.444857
 0 0.488276
 0 0.455015
 0 0.49664
 0 0.495268
 0 0.554969
 0 0.481869
 0 0.43122
 0 0.427841
 0 0.591088
 0 0.41574
 0 0.467473
 0 0.482901
 0 0.357431
 0 0.378072
 0 0.585161
 0 0.415475
 0 0.489355
 0 0.525982
 0 0.476854
 0 0.468427
 0 0.529448
 0 0.415976
 0 0.5443
 0 0.47293
 0 0.38982
 0 0.412578
 0 0.490201
 0 0.455173
 0 0.357243
 0 0.494726
 0 0.609477
 0 0.594377
 0 0.443148
 0 0.313926
 0 0.389991
 0 0.454844
 0 0.51444
 0 0.416371
 0 0.435672
 0 0.555414
 0 0.469384
 0 0.535107
 0 0.494047
 0 0.537484
 0 0.38992
 0 0.501198
 0 0.324469
 0 0.461886
 0 0.468988
 0 0.545563
 0 0.632864
 0 0.566674
 0 0.55916
 0 0.494163
 0 0.510268
 0 0.538068
 0 0.398043
 0 0.464535
 0 0.451845
 0 0.470053
 0 0.490324
 0 0.527697
 0 0.420909
 0 0.525732
 0 0.45437
 0 0.408683
 0 0.391761
 0 0.438782
 0 0.494914
 0 0.296242
 0 0.353912
 0 0.335083
 0 0.41854
 0 0.457863
 0 0.517608
 0 0.486257
 0 0.373523
 0 0.460819
 0 0.498702
 0 0.525014
 0 0.543645
 0 0.503414
 0 0.525149
 0 0.483841
 0 0.446771
 0 0.379225
 0 0.311524
 0 0.571805
 0 0.391988
 0 0.397151
 0 0.469134
 0 0.389974
 0 0.475639
 0 0.446196
 0 0.456773
 0 0.425728
 0 0.431198
 0 0.497012
 0 0.4257
 0 0.429361
 0 0.463901
 0 0.406303
 0 0.531395
 0 0.548563
 0 0.468317
 0 0.63378
 0 0.576615
 0 0.447366
 0 0.468226
 0 0.452352
 0 0.46259
 0 0.396738
 0 0.493007
 0 0.451252
 0 0.578379
 0 0.459702
 0 0.520091
 0 0.425687
 0 0.540629
 0 0.538255
 0 0.529061
 0 0.553423
 0 0.452423
 0 0.525205
 0 0.450228
 0 0.557614
 0 0.524915
 0 0.472539
 0 0.343905
 0 0.507329
 0 0.532239
 0 0.488133
 0 0.591788
 0 0.389325
 0 0.461151
 0 0.467877
 0 0.576057
 0 0.400831
 0 0.566157
 0 0.481816
 0 0.448504
 0 0.440883
 0 0.428313
 0 0.43452
 0 0.39435
 0 0.515129
 0 0.364773
 0 0.361089
 0 0.397768
 0 0.487872
 0 0.463875
 0 0.501626
 0 0.480717
 0 0.510688
 0 0.536209
 0 0.474118
 0 0.492732
 0 0.527258
 0 0.377593
 0 0.456447
 0 0.41318
 0 0.551217
 0 0.530502
 0 0.428445
 0 0.455969
 0 0.529336
 0 0.514547
 0 0.387889
 0 0.564665
 0 0.495509
 0 0.461478
 0 0.546642
 0 0.440039
 0 0.505856
 0 0.482367
 0 0.478099
 0 0.545491
 0 0.517786
 0 0.491916
 0 0.536494
 0 0.455737
 0 0.36708
 0 0.484557
 0 0.401686
 0 0.656773
 0 0.690718
 0 0.421321
 0 0.385867
 0 0.448981
 0 0.418241
 0 0.463828
 0 0.466269
 0 0.478645
 0 0.460559
 0 0.512598
 0 0.504555
 0 0.522052
 0 0.571635
 0 0.487444
 0 0.466238
 0 0.555207
 0 0.466032
 0 0.597128
 0 0.535576
 0 0.514689
 0 0.573787
 0 0.57578
 0 0.563649
 0 0.446797
 0 0.480698
 0 0.332275
 0 0.405163
 0 0.423403
 0 0.388956
 0 0.431554
 0 0.400973
 0 0.444863
 0 0.383052
 0 0.469813
 0 0.43725
 0 0.333046
 0 0.435097
 0 0.537159
 0 0.399899
 0 0.528039
 0 0.503198
 0 0.470806
 0 0.484299
 0 0.448584
 0 0.381109
 0 0.502397
 0 0.436879
 0 0.409164
 0 0.528144
 0 0.53622
 0 0.4355
 0 0.475722
 0 0.555419
 0 0.370293
 0 0.459081
 0 0.445629
 0 0.469632
 0 0.564795
 0 0.452965
 0 0.413874
 0 0.440392
 0 0.465808
 0 0.387528
 0 0.331347
 0 0.467964
 0 0.617626
 0 0.529682
 0 0.575942
 0 0.458169
 0 0.484741
 0 0.40205
 0 0.505684
 0 0.448906
 0 0.524275
 0 0.432942
 0 0.327752
 0 0.491544
 0 0.405015
 0 0.525769
 0 0.476349
 0 0.524634
 0 0.472604
 0 0.502831
 0 0.45146
 0 0.504981
 0 0.597163
 0 0.517989
 0 0.413506
 0 0.479024
 0 0.428228
 0 0.525591
 0 0.408966
 0 0.463942
 0 0.402657
 0 0.434332
 0 0.427066
 0 0.508868
 0 0.454771
 0 0.571011
 0 0.446242
 0 0.471983
 0 0.510485
 0 0.430876
 0 0.511116
 0 0.41961
 0 0.491431
 0 0.438492
 0 0.488817
 0 0.479197
 0 0.381355
 0 0.356121
 0 0.401305
 0 0.509367
 0 0.540379
 0 0.368981
 0 0.596804
 0 0.383856
 0 0.561301
 0 0.54026
 0 0.460089
 0 0.49148
 0 0.408726
 0 0.501883
 0 0.479781
 0 0.454334
 0 0.487358
 0 0.615809
 0 0.407391
 0 0.45566
 0 0.610318
 0 0.444031
 0 0.521904
 0 0.540613
 0 0.422618
 0 0.443787
 0 0.506699
 0 0.486865
 0 0.555399
 0 0.530207
 0 0.554621
 0 0.506513
 0 0.540891
 0 0.624212
 0 0.438227
 0 0.401953
 0 0.450828
 0 0.375876
 0 0.426573
 0 0.381435
