535 1 0 0 1
 0 0.727198
 0 0.896898
 0 0.934276
 0 0.688004
 0 0.802618
 0 0.711152
 0 1.49781
 0 0.767054
 0 1.6787
 0 0.726702
 0 0.885842
 0 1.05838
 0 0.750112
 0 1.11386
 0 0.951464
 0 0.694892
 0 0.903134
 0 1.3235
 0 1.40513
 0 0.91341
 0 0.98006
 0 0.819514
 0 0.872716
 0 0.842474
 0 1.18941
 0 0.550766
 0 0.935014
 0 1.35106
 0 1.31651
 0 0.803706
 0 0.929904
 0 1.0703
 0 0.941468
 0 1.18389
 0 1.25496
 0 0.846642
 0 1.13454
 0 1.09182
 0 1.54909
 0 1.21481
 0 0.799252
 0 0.85243
 0 0.941974
 0 0.818774
 0 0.913736
 0 0.720356
 0 1.02712
 0 0.79592
 0 0.68524
 0 1.18583
 0 1.46581
 0 1.55768
 0 0.819476
 0 0.979646
 0 0.820836
 0 0.398648
 0 0.688884
 0 1.14753
 0 0.575304
 0 1.60443
 0 1.0505
 0 1.08648
 0 0.43144
 0 0.789186
 0 1.06766
 0 0.895494
 0 0.676574
 0 0.946596
 0 1.21325
 0 0.919416
 0 0.598744
 0 0.737492
 0 0.53585
 0 0.678462
 0 1.11672
 0 1.11961
 0 0.846718
 0 0.767792
 0 0.898426
 0 1.03727
 0 0.654922
 0 1.0471
 0 0.798656
 0 1.00147
 0 0.943006
 0 0.562404
 0 1.01112
 0 0.966544
 0 0.851994
 0 1.07791
 0 0.116188
 0 0.929994
 0 0.720606
 0 1.34214
 0 1.00665
 0 0.906056
 0 0.898662
 0 0.994468
 0 1.07764
 0 1.07169
 0 0.635678
 0 0.808236
 0 0.676796
 0 1.16307
 0 0.989212
 0 0.964882
 0 0.575088
 0 1.39371
 0 0.955988
 0 1.53152
 0 0.461974
 0 1.00184
 0 0.526472
 0 0.53815
 0 1.3593
 0 0.771358
 0 1.09082
 0 0.943148
 0 1.24603
 0 1.1006
 0 0.755554
 0 1.08535
 0 0.888914
 0 0.799908
 0 0.778906
 0 1.13195
 0 1.12473
 0 0.801044
 0 1.13126
 0 1.13424
 0 1.29007
 0 1.65783
 0 0.862244
 0 0.560896
 0 0.708052
 0 0.623296
 0 0.52672
 0 0.988534
 0 1.19231
 0 0.441138
 0 1.26288
 0 0.769326
 0 0.946922
 0 0.567602
 0 0.965524
 0 0.924738
 0 0.348696
 0 1.35185
 0 0.949828
 0 1.23285
 0 0.953886
 0 0.860682
 0 0.85443
 0 0.896434
 0 1.38501
 0 1.03077
 0 1.16999
 0 0.798634
 0 0.843886
 0 1.03219
 0 0.582316
 0 0.526452
 0 0.596986
 0 0.720606
 0 1.31875
 0 0.975864
 0 1.02338
 0 1.29047
 0 0.608698
 0 0.995416
 0 1.14344
 0 1.04459
 0 0.526454
 0 1.1954
 0 0.692716
 0 0.925332
 0 1.2103
 0 0.695596
 0 1.18616
 0 1.32784
 0 0.588348
 0 1.21046
 0 1.25384
 0 1.16459
 0 0.641996
 0 1.02222
 0 1.12797
 0 1.22156
 0 1.37254
 0 1.01945
 0 1.14383
 0 0.710214
 0 1.03753
 0 0.598936
 0 1.39877
 0 1.06431
 0 0.803688
 0 0.725968
 0 1.04832
 0 1.15152
 0 1.32574
 0 0.760062
 0 0.934004
 0 0.802434
 0 1.55483
 0 0.486396
 0 0.623004
 0 0.797792
 0 0.529362
 0 0.4679
 0 1.09459
 0 0.644676
 0 1.1801
 0 0.836246
 0 0.917596
 0 0.669432
 0 1.06226
 0 0.864942
 0 0.579832
 0 0.950618
 0 0.759994
 0 0.830642
 0 1.09596
 0 0.751856
 0 0.887494
 0 1.32695
 0 1.56996
 0 0.631826
 0 0.90922
 0 1.40144
 0 1.19006
 0 0.950864
 0 0.600444
 0 1.26102
 0 1.20825
 0 0.871892
 0 0.662702
 0 1.20125
 0 0.962892
 0 1.58655
 0 0.817954
 0 0.55243
 0 0.659692
 0 0.48874
 0 0.80341
 0 0.964678
 0 0.715424
 0 0.942326
 0 0.895348
 0 0.774838
 0 0.625684
 0 1.01857
 0 1.21725
 0 1.23696
 0 1.05162
 0 0.970048
 0 0.500134
 0 0.674098
 0 1.49068
 0 1.50381
 0 0.864152
 0 1.27976
 0 1.10807
 0 0.903474
 0 0.901432
 0 1.16567
 0 1.06008
 0 1.32161
 0 0.90397
 0 0.86961
 0 1.09646
 0 1.5047
 0 0.815656
 0 0.65905
 0 1.03391
 0 0.588672
 0 1.00735
 0 0.657064
 0 1.03905
 0 0.696548
 0 1.23777
 0 0.902148
 0 0.900892
 0 0.558314
 0 1.07223
 0 0.670436
 0 1.14746
 0 1.03148
 0 1.42129
 0 1.52003
 0 0.987958
 0 1.03267
 0 0.902758
 0 0.87997
 0 1.17575
 0 1.38769
 0 0.809492
 0 0.668242
 0 0.954516
 0 0.796046
 0 1.03572
 0 0.508846
 0 0.939154
 0 0.4533
 0 1.10961
 0 1.25232
 0 0.817652
 0 0.771806
 0 1.35056
 0 0.881512
 0 0.671008
 0 0.698222
 0 1.09849
 0 0.975288
 0 1.02771
 0 1.38837
 0 0.5449
 0 0.871726
 0 0.941826
 0 1.2541
 0 1.13173
 0 1.28601
 0 0.708936
 0 0.957138
 0 1.31914
 0 0.934658
 0 1.3318
 0 0.740372
 0 0.512644
 0 0.58154
 0 1.59737
 0 1.4484
 0 0.958728
 0 0.853064
 0 1.50982
 0 1.24302
 0 0.89321
 0 0.571618
 0 1.16888
 0 0.643592
 0 0.584552
 0 0.73737
 0 0.843262
 0 1.17825
 0 1.34364
 0 0.978302
 0 0.91528
 0 0.604158
 0 1.25059
 0 0.981584
 0 0.992022
 0 1.03116
 0 1.53764
 0 1.03763
 0 1.39655
 0 0.497324
 0 0.971404
 0 0.931016
 0 1.04192
 0 1.19969
 0 1.3255
 0 0.88892
 0 0.92119
 0 0.82877
 0 0.841206
 0 0.71569
 0 0.938046
 0 0.893936
 0 1.25476
 0 1.11667
 0 0.879062
 0 0.467012
 0 0.904066
 0 0.995324
 0 0.651352
 0 1.22619
 0 0.763626
 0 0.170107
 0 0.86813
 0 1.01801
 0 0.693776
 0 0.974296
 0 0.971564
 0 1.30118
 0 1.0535
 0 0.762666
 0 0.993676
 0 0.861324
 0 1.02742
 0 0.884128
 0 0.181505
 0 0.48797
 0 0.544632
 0 0.875244
 0 0.537102
 0 1.20663
 0 0.48158
 0 1.42249
 0 1.06431
 0 1.00011
 0 1.23476
 0 0.844384
 0 0.992318
 0 0.842564
 0 0.942804
 0 0.711204
 0 0.565692
 0 1.02282
 0 1.10561
 0 1.12231
 0 0.725094
 0 1.09833
 0 1.16971
 0 1.60853
 0 1.20399
 0 1.06335
 0 1.35554
 0 1.47431
 0 1.20131
 0 1.12127
 0 0.590806
 0 1.22804
 0 1.66814
 0 0.584814
 0 0.862886
 0 0.998306
 0 1.05183
 0 0.967062
 0 1.3036
 0 1.03847
 0 1.30727
 0 0.859806
 0 1.56233
 0 0.930206
 0 1.07131
 0 1.06429
 0 0.655932
 0 1.36318
 0 0.970942
 0 1.37168
 0 0.897414
 0 1.6239
 0 1.36751
 0 0.537326
 0 0.50429
 0 0.99967
 0 1.0116
 0 1.21708
 0 1.27456
 0 1.06237
 0 1.66677
 0 1.11697
 0 0.938418
 0 1.16582
 0 0.973248
 0 0.820088
 0 1.14149
 0 1.50918
 0 0.667514
 0 0.607686
 0 0.989612
 0 1.06952
 0 1.04109
 0 0.893212
 0 1.12699
 0 1.29723
 0 1.08509
 0 0.975928
 0 0.524202
 0 1.0338
 0 1.35935
 0 0.96692
 0 0.823042
 0 1.20286
 0 1.21514
 0 0.892718
 0 1.12494
 0 0.95876
 0 0.711444
 0 1.20074
 0 0.968048
 0 0.65392
 0 1.27945
 0 0.790572
 0 0.90519
 0 0.646356
 0 0.687832
 0 1.12682
 0 0.789422
 0 0.715354
 0 1.36682
 0 0.9254
 0 0.74585
 0 1.58088
 0 0.876538
 0 0.679202
 0 0.764292
 0 1.02012
 0 0.28963
 0 0.536352
 0 0.799396
 0 0.961266
 0 0.471848
 0 1.44079
 0 1.24524
 0 1.35731
 0 1.48112
 0 0.628282
 0 1.15259
 0 0.932934
 0 1.01204
 0 0.832028
 0 0.456446
 0 0.92932
 0 0.824518
 0 0.719052
 0 1.14978
 0 1.27079
 0 1.01654
 0 1.1703
 0 0.895928
 0 1.07126
 0 1.14559
 0 0.906718
 0 0.90109
 0 1.10288
 0 0.61123
 0 1.02583
 0 0.84709
 0 1.05175
 0 0.338962
 0 1.29734
 0 1.11606
 0 0.988732
 0 0.829092
