535 1 0 0 1
 0 0.585477
 0 0.701845
 0 0.317092
 0 0.369252
 0 0.6008
 0 0.527131
 0 0.476382
 0 0.314856
 0 0.294243
 0 0.176644
 0 0.417945
 0 0.334272
 0 0.0863786
 0 1.04351
 0 0.721866
 0 0.73022
 0 0.601828
 0 0.471473
 0 0.574199
 0 0.401991
 0 0.384213
 0 0.317958
 0 0.367921
 0 0.46348
 0 0.467581
 0 0.368725
 0 0.566879
 0 0.324098
 0 0.594568
 0 0.40962
 0 0.550664
 0 0.688873
 0 0.336461
 0 0.586788
 0 0.818987
 0 0.198864
 0 0.76915
 0 0.708125
 0 0.707681
 0 0.664366
 0 0.532056
 0 0.355137
 0 0.285968
 0 0.683409
 0 0.418558
 0 0.316077
 0 0.414511
 0 0.390417
 0 0.425927
 0 0.936577
 0 0.337457
 0 0.670412
 0 0.601278
 0 0.386289
 0 0.322778
 0 0.466714
 0 0.0752075
 0 0.610504
 0 0.35811
 0 0.476447
 0 0.391575
 0 0.687849
 0 0.708266
 0 0.361976
 0 0.402149
 0 0.442196
 0 0.326259
 0 0.616985
 0 0.81648
 0 0.479063
 0 0.0935931
 0 0.510847
 0 0.545993
 0 0.712032
 0 0.661408
 0 0.304969
 0 0.461998
 0 0.0181059
 0 0.405565
 0 0.593947
 0 0.407213
 0 0.599045
 0 0.411032
 0 0.511336
 0 0.746974
 0 0.36898
 0 0.303091
 0 0.786918
 0 0.534424
 0 0.558813
 0 0.303265
 0 0.210044
 0 0.192758
 0 0.425536
 0 0.29945
 0 0.558297
 0 0.537708
 0 0.60438
 0 0.469616
 0 0.194141
 0 0.127945
 0 0.517443
 0 0.697685
 0 0.696817
 0 0.265848
 0 0.35762
 0 0.280826
 0 0.374558
 0 0.284173
 0 0.733049
 0 0.243918
 0 0.401684
 0 0.270686
 0 0.0873243
 0 0.0651452
 0 0.263986
 0 0.564335
 0 0.422617
 0 0.56431
 0 0.717052
 0 0.418726
 0 0.299158
 0 0.632442
 0 0.439381
 0 0.483801
 0 0.420222
 0 0.760104
 0 -0.00203743
 0 0.604332
 0 0.526887
 0 0.415516
 0 0.735574
 0 0.788464
 0 0.365659
 0 0.35778
 0 0.578482
 0 0.123994
 0 0.689795
 0 0.546294
 0 0.155364
 0 0.279025
 0 0.259374
 0 0.681186
 0 0.373512
 0 0.412906
 0 0.428166
 0 0.423402
 0 0.500142
 0 0.547507
 0 0.552888
 0 0.601924
 0 0.50187
 0 0.182082
 0 0.475505
 0 0.468333
 0 0.49023
 0 0.819774
 0 0.364311
 0 0.446839
 0 0.441542
 0 0.518062
 0 0.639112
 0 0.443533
 0 0.374475
 0 0.425213
 0 0.377718
 0 0.281386
 0 0.929797
 0 0.708809
 0 0.377956
 0 0.400603
 0 0.519101
 0 0.143579
 0 0.57482
 0 0.314725
 0 0.0931455
 0 0.67734
 0 0.349712
 0 0.705242
 0 0.367452
 0 0.245233
 0 0.709561
 0 0.514517
 0 0.669596
 0 0.796071
 0 0.403069
 0 0.536256
 0 0.560201
 0 0.372526
 0 0.0863527
 0 0.389305
 0 0.132767
 0 0.4567
 0 0.634208
 0 0.818691
 0 0.984573
 0 0.264821
 0 0.379478
 0 0.418441
 0 0.408203
 0 0.524636
 0 0.364939
 0 0.296121
 0 0.381137
 0 0.565937
 0 0.363824
 0 0.363649
 0 0.485758
 0 0.499404
 0 0.481981
 0 0.370401
 0 0.528252
 0 0.343559
 0 0.528429
 0 0.244166
 0 0.457845
 0 0.318587
 0 0.389973
 0 0.37984
 0 0.566507
 0 0.302082
 0 0.774485
 0 0.779779
 0 0.574433
 0 0.346866
 0 0.410896
 0 0.438214
 0 0.226568
 0 0.453054
 0 0.212596
 0 0.671577
 0 0.261653
 0 0.254505
 0 0.446035
 0 0.680836
 0 0.623209
 0 0.233334
 0 0.277559
 0 0.636045
 0 0.593561
 0 0.299398
 0 0.464294
 0 0.298865
 0 -0.0247199
 0 0.510324
 0 0.372379
 0 0.697588
 0 0.642133
 0 0.513221
 0 0.0710845
 0 0.621359
 0 0.319198
 0 0.480293
 0 0.448751
 0 0.416639
 0 0.70646
 0 0.33412
 0 0.378234
 0 0.460846
 0 0.591958
 0 0.51782
 0 0.313779
 0 0.438236
 0 0.347032
 0 0.298667
 0 0.738018
 0 0.352568
 0 0.393936
 0 0.286124
 0 0.439029
 0 0.617053
 0 0.293764
 0 0.494808
 0 0.51503
 0 0.545425
 0 0.669925
 0 0.594347
 0 0.251315
 0 0.617828
 0 0.559147
 0 0.794824
 0 0.749321
 0 0.406898
 0 0.248777
 0 0.547384
 0 0.433987
 0 0.572216
 0 0.0983921
 0 0.499266
 0 0.624683
 0 0.435429
 0 0.199996
 0 0.386102
 0 0.413728
 0 0.274774
 0 0.744789
 0 0.509589
 0 0.618394
 0 0.447307
 0 0.450824
 0 0.265516
 0 0.383129
 0 0.527592
 0 0.321456
 0 0.518357
 0 0.672639
 0 0.779599
 0 0.381411
 0 0.29697
 0 0.403376
 0 0.222816
 0 0.375755
 0 0.97148
 0 0.473203
 0 0.395385
 0 0.658608
 0 0.481624
 0 0.503852
 0 0.343754
 0 0.29744
 0 0.771285
 0 0.568822
 0 0.623661
 0 0.334544
 0 0.442942
 0 0.494902
 0 0.357772
 0 0.54624
 0 0.430079
 0 0.249675
 0 0.884317
 0 0.666849
 0 0.322807
 0 0.647326
 0 0.613862
 0 0.571077
 0 0.519947
 0 0.419983
 0 0.623586
 0 0.683872
 0 0.364145
 0 0.407207
 0 0.630057
 0 0.628501
 0 0.344303
 0 0.531212
 0 0.75203
 0 0.305615
 0 0.45099
 0 0.230486
 0 0.291001
 0 0.97806
 0 0.463449
 0 0.707214
 0 0.780248
 0 0.336259
 0 0.305089
 0 0.533837
 0 0.538014
 0 0.00446101
 0 0.446589
 0 0.44156
 0 0.383861
 0 0.667188
 0 0.275656
 0 0.484525
 0 0.31984
 0 0.324701
 0 0.561315
 0 0.650513
 0 0.306968
 0 0.544068
 0 0.475415
 0 0.462058
 0 0.540981
 0 0.221358
 0 0.269748
 0 0.425336
 0 -0.090045
 0 0.493726
 0 0.154109
 0 0.632728
 0 0.214893
 0 0.760095
 0 0.346275
 0 0.36826
 0 0.501538
 0 0.603033
 0 0.894752
 0 0.912035
 0 -0.00298447
 0 0.649393
 0 0.176591
 0 0.473168
 0 0.713343
 0 0.888254
 0 0.616805
 0 0.618169
 0 0.432718
 0 0.410199
 0 0.43859
 0 0.555982
 0 0.431459
 0 0.425037
 0 0.352799
 0 0.431584
 0 0.327647
 0 0.105853
 0 0.908996
 0 0.468309
 0 0.0581851
 0 0.250026
 0 0.32447
 0 0.912766
 0 0.449292
 0 1.01945
 0 1.00217
 0 0.827527
 0 0.363981
 0 0.617384
 0 0.559928
 0 0.894061
 0 0.395159
 0 0.379358
 0 0.00644462
 0 0.262648
 0 0.384411
 0 0.546175
 0 0.408279
 0 0.614393
 0 0.567661
 0 0.455862
 0 0.820332
 0 0.86438
 0 0.432654
 0 0.896531
 0 0.653219
 0 0.762753
 0 0.498319
 0 0.592893
 0 0.782901
 0 0.49823
 0 0.672926
 0 0.544664
 0 0.397168
 0 0.614889
 0 0.672891
 0 0.569889
 0 0.321576
 0 0.785312
 0 0.600262
 0 0.728149
 0 0.710594
 0 0.828512
 0 0.430608
 0 0.602503
 0 0.384958
 0 0.990524
 0 0.32974
 0 0.427358
 0 0.229153
 0 0.738498
 0 0.408167
 0 0.5697
 0 0.411861
 0 0.64287
 0 0.315478
 0 0.492797
 0 0.37485
 0 0.544762
 0 0.651713
 0 0.720351
 0 0.49389
 0 0.716028
 0 0.515653
 0 0.950347
 0 0.130022
 0 0.551578
 0 0.515586
 0 0.306203
 0 0.488693
 0 0.329735
 0 0.601089
 0 0.405721
 0 0.505197
 0 0.35407
 0 0.489488
 0 0.38898
 0 0.426247
 0 0.280615
 0 0.555759
 0 0.597621
 0 0.345999
 0 0.407619
 0 0.642804
 0 0.597664
 0 0.293432
 0 0.537642
 0 0.170712
 0 0.469003
 0 0.503556
 0 0.6818
 0 0.301027
 0 0.46102
 0 0.59645
 0 0.498327
 0 0.476363
 0 0.271691
 0 0.470634
 0 0.693225
 0 0.564987
 0 0.522687
 0 0.42902
 0 0.297369
 0 0.496511
 0 0.564497
 0 0.737208
 0 0.3545
 0 -0.225216
 0 0.552238
 0 0.486498
 0 0.301673
 0 0.494549
 0 0.462932
 0 0.462126
 0 0.245582
 0 0.327277
 0 0.612008
 0 0.419242
 0 0.441226
 0 0.289241
 0 0.530248
 0 0.698453
 0 0.845687
 0 0.506105
