603 1 0 0 1
 0 0.226138
 0 0.17354
 0 0.201071
 0 0.227492
 0 0.197426
 0 0.239362
 0 0.203516
 0 0.232442
 0 0.221458
 0 0.216169
 0 0.248488
 0 0.243941
 0 0.200677
 0 0.1863
 0 0.203018
 0 0.172912
 0 0.217384
 0 0.199188
 0 0.2142
 0 0.202781
 0 0.237804
 0 0.202013
 0 0.188745
 0 0.224131
 0 0.247307
 0 0.200382
 0 0.221633
 0 0.19155
 0 0.257058
 0 0.214077
 0 0.215439
 0 0.220446
 0 0.235037
 0 0.200653
 0 0.219254
 0 0.217208
 0 0.238996
 0 0.258059
 0 0.191283
 0 0.245817
 0 0.212964
 0 0.211459
 0 0.196715
 0 0.227551
 0 0.211419
 0 0.243867
 0 0.230456
 0 0.206046
 0 0.190607
 0 0.171988
 0 0.178402
 0 0.245389
 0 0.202276
 0 0.236948
 0 0.229364
 0 0.211484
 0 0.230892
 0 0.205215
 0 0.20065
 0 0.213313
 0 0.212206
 0 0.2222
 0 0.2392
 0 0.189077
 0 0.217615
 0 0.219844
 0 0.207284
 0 0.207582
 0 0.18838
 0 0.227785
 0 0.213733
 0 0.233993
 0 0.249512
 0 0.20181
 0 0.243105
 0 0.209943
 0 0.23931
 0 0.251764
 0 0.241541
 0 0.235944
 0 0.210789
 0 0.204872
 0 0.227093
 0 0.178199
 0 0.201926
 0 0.212309
 0 0.209179
 0 0.234278
 0 0.24001
 0 0.202047
 0 0.228164
 0 0.20577
 0 0.19374
 0 0.22652
 0 0.224966
 0 0.245346
 0 0.236491
 0 0.224641
 0 0.212765
 0 0.215375
 0 0.19466
 0 0.200443
 0 0.254406
 0 0.213807
 0 0.202316
 0 0.209333
 0 0.248696
 0 0.228094
 0 0.23756
 0 0.228744
 0 0.208854
 0 0.252564
 0 0.200837
 0 0.243822
 0 0.234014
 0 0.233262
 0 0.255825
 0 0.213214
 0 0.211892
 0 0.224934
 0 0.212709
 0 0.20527
 0 0.198284
 0 0.24702
 0 0.212506
 0 0.235087
 0 0.210235
 0 0.20811
 0 0.197665
 0 0.214991
 0 0.210066
 0 0.216074
 0 0.244194
 0 0.219611
 0 0.226181
 0 0.203856
 0 0.211793
 0 0.205632
 0 0.201324
 0 0.223516
 0 0.204175
 0 0.239295
 0 0.226159
 0 0.197523
 0 0.22242
 0 0.219228
 0 0.205884
 0 0.219095
 0 0.220759
 0 0.226624
 0 0.184901
 0 0.213922
 0 0.214409
 0 0.212567
 0 0.240528
 0 0.248048
 0 0.250575
 0 0.25099
 0 0.235549
 0 0.229949
 0 0.217073
 0 0.190385
 0 0.21602
 0 0.221207
 0 0.232039
 0 0.237973
 0 0.232578
 0 0.214388
 0 0.201234
 0 0.206268
 0 0.213583
 0 0.214122
 0 0.205321
 0 0.205449
 0 0.206918
 0 0.223706
 0 0.224894
 0 0.24553
 0 0.231627
 0 0.193231
 0 0.214144
 0 0.215694
 0 0.222576
 0 0.234218
 0 0.232846
 0 0.209336
 0 0.205274
 0 0.203803
 0 0.217038
 0 0.173753
 0 0.207326
 0 0.250246
 0 0.22277
 0 0.237468
 0 0.231606
 0 0.229952
 0 0.222291
 0 0.195875
 0 0.195696
 0 0.203907
 0 0.211353
 0 0.186913
 0 0.229335
 0 0.241248
 0 0.209714
 0 0.260987
 0 0.23418
 0 0.194093
 0 0.229863
 0 0.235604
 0 0.192463
 0 0.25387
 0 0.256341
 0 0.224426
 0 0.224179
 0 0.241216
 0 0.191282
 0 0.239226
 0 0.243865
 0 0.209139
 0 0.195237
 0 0.221162
 0 0.226179
 0 0.224032
 0 0.202645
 0 0.206933
 0 0.222891
 0 0.187695
 0 0.218283
 0 0.23928
 0 0.214931
 0 0.158849
 0 0.199605
 0 0.218943
 0 0.19403
 0 0.231732
 0 0.207585
 0 0.201771
 0 0.19321
 0 0.252197
 0 0.220452
 0 0.226666
 0 0.230617
 0 0.19062
 0 0.226135
 0 0.206437
 0 0.192545
 0 0.190723
 0 0.198508
 0 0.265751
 0 0.211378
 0 0.232932
 0 0.239028
 0 0.215397
 0 0.198526
 0 0.21818
 0 0.199835
 0 0.226749
 0 0.253951
 0 0.22209
 0 0.219294
 0 0.234484
 0 0.25384
 0 0.184538
 0 0.245635
 0 0.228824
 0 0.189856
 0 0.196994
 0 0.231846
 0 0.218743
 0 0.242899
 0 0.248323
 0 0.202955
 0 0.214624
 0 0.208107
 0 0.236074
 0 0.207302
 0 0.200475
 0 0.232677
 0 0.243666
 0 0.199344
 0 0.248544
 0 0.206363
 0 0.217098
 0 0.198426
 0 0.21509
 0 0.210749
 0 0.217897
 0 0.1906
 0 0.194024
 0 0.213941
 0 0.212882
 0 0.229955
 0 0.228755
 0 0.189438
 0 0.224608
 0 0.24572
 0 0.245045
 0 0.203683
 0 0.199534
 0 0.211227
 0 0.228892
 0 0.174261
 0 0.214969
 0 0.24108
 0 0.170226
 0 0.204591
 0 0.223103
 0 0.193962
 0 0.20468
 0 0.204793
 0 0.200846
 0 0.22409
 0 0.221771
 0 0.179863
 0 0.208758
 0 0.202273
 0 0.217013
 0 0.259721
 0 0.206094
 0 0.194548
 0 0.195855
 0 0.211727
 0 0.203436
 0 0.200169
 0 0.202755
 0 0.192295
 0 0.222869
 0 0.182907
 0 0.199207
 0 0.235582
 0 0.248468
 0 0.242865
 0 0.215194
 0 0.204176
 0 0.23251
 0 0.229151
 0 0.210513
 0 0.21609
 0 0.228067
 0 0.195341
 0 0.235461
 0 0.228161
 0 0.17722
 0 0.191544
 0 0.240053
 0 0.190311
 0 0.206561
 0 0.194345
 0 0.240205
 0 0.229984
 0 0.231189
 0 0.202967
 0 0.202884
 0 0.231011
 0 0.215011
 0 0.224149
 0 0.200882
 0 0.253885
 0 0.239969
 0 0.204741
 0 0.218795
 0 0.227495
 0 0.248839
 0 0.209325
 0 0.21146
 0 0.185657
 0 0.211835
 0 0.231916
 0 0.232955
 0 0.234268
 0 0.235107
 0 0.235798
 0 0.20425
 0 0.282727
 0 0.238045
 0 0.242854
 0 0.220067
 0 0.228227
 0 0.188765
 0 0.223674
 0 0.208741
 0 0.222466
 0 0.235583
 0 0.244695
 0 0.209648
 0 0.230123
 0 0.188275
 0 0.221627
 0 0.217052
 0 0.217077
 0 0.191277
 0 0.24377
 0 0.181497
 0 0.225823
 0 0.224384
 0 0.208741
 0 0.225742
 0 0.228261
 0 0.221195
 0 0.220746
 0 0.244101
 0 0.213307
 0 0.207584
 0 0.232887
 0 0.20958
 0 0.223457
 0 0.189575
 0 0.203544
 0 0.223521
 0 0.226694
 0 0.211616
 0 0.217754
 0 0.211295
 0 0.230792
 0 0.203261
 0 0.208558
 0 0.203806
 0 0.225227
 0 0.253091
 0 0.209004
 0 0.214494
 0 0.202385
 0 0.208163
 0 0.220481
 0 0.21571
 0 0.219312
 0 0.199758
 0 0.178144
 0 0.220204
 0 0.240949
 0 0.202121
 0 0.199984
 0 0.190983
 0 0.211145
 0 0.224338
 0 0.220807
 0 0.246107
 0 0.210022
 0 0.20521
 0 0.19921
 0 0.23472
 0 0.20198
 0 0.213231
 0 0.186461
 0 0.207459
 0 0.204626
 0 0.250764
 0 0.203248
 0 0.231931
 0 0.215635
 0 0.210969
 0 0.188743
 0 0.236576
 0 0.249763
 0 0.259045
 0 0.225069
 0 0.224354
 0 0.216773
 0 0.235433
 0 0.234785
 0 0.184633
 0 0.16581
 0 0.204753
 0 0.234781
 0 0.192864
 0 0.222523
 0 0.202205
 0 0.20448
 0 0.19211
 0 0.194669
 0 0.256524
 0 0.194583
 0 0.213843
 0 0.224625
 0 0.212706
 0 0.247931
 0 0.211343
 0 0.220374
 0 0.239061
 0 0.199932
 0 0.233321
 0 0.191021
 0 0.229097
 0 0.202003
 0 0.200866
 0 0.198708
 0 0.223663
 0 0.239023
 0 0.24959
 0 0.189061
 0 0.195455
 0 0.201345
 0 0.210831
 0 0.212779
 0 0.203722
 0 0.214867
 0 0.211659
 0 0.211419
 0 0.216874
 0 0.20946
 0 0.224289
 0 0.225771
 0 0.196804
 0 0.243751
 0 0.227982
 0 0.213039
 0 0.212146
 0 0.223475
 0 0.210154
 0 0.236004
 0 0.178349
 0 0.191333
 0 0.228724
 0 0.21373
 0 0.229792
 0 0.24517
 0 0.188705
 0 0.253257
 0 0.215305
 0 0.211656
 0 0.201963
 0 0.192937
 0 0.211283
 0 0.221838
 0 0.248565
 0 0.183221
 0 0.241635
 0 0.218759
 0 0.214607
 0 0.199066
 0 0.236723
 0 0.238601
 0 0.204983
 0 0.225145
 0 0.229488
 0 0.222965
 0 0.172482
 0 0.242251
 0 0.215623
 0 0.249351
 0 0.214887
 0 0.225959
 0 0.23849
 0 0.196567
 0 0.215301
 0 0.218139
 0 0.236932
 0 0.271848
 0 0.209078
 0 0.194063
 0 0.262836
 0 0.225608
 0 0.225557
 0 0.215206
 0 0.203976
 0 0.226476
 0 0.218553
 0 0.221081
 0 0.215139
 0 0.236606
 0 0.246108
 0 0.225423
 0 0.249121
 0 0.205208
 0 0.236026
 0 0.243732
 0 0.244501
 0 0.26094
 0 0.204908
 0 0.168518
 0 0.223644
 0 0.195085
 0 0.239365
 0 0.23612
 0 0.252264
 0 0.179985
 0 0.212966
 0 0.216497
 0 0.239331
 0 0.201726
 0 0.234581
 0 0.204702
 0 0.234155
 0 0.22839
 0 0.183893
 0 0.187322
 0 0.235621
 0 0.237855
 0 0.23057
 0 0.199155
 0 0.223924
 0 0.186828
 0 0.222514
 0 0.211359
 0 0.186827
 0 0.227971
 0 0.235589
 0 0.211697
 0 0.235484
 0 0.204592
 0 0.204219
 0 0.195899
