603 1 0 0 1
 0 0.207417
 0 0.172949
 0 0.202768
 0 0.220634
 0 0.177001
 0 0.228027
 0 0.203388
 0 0.216716
 0 0.172701
 0 0.196867
 0 0.223723
 0 0.212047
 0 0.127617
 0 0.154989
 0 0.223339
 0 0.215544
 0 0.213067
 0 0.175987
 0 0.167863
 0 0.206871
 0 0.239579
 0 0.199909
 0 0.192188
 0 0.177133
 0 0.194127
 0 0.209207
 0 0.196184
 0 0.189807
 0 0.178351
 0 0.175707
 0 0.189377
 0 0.217163
 0 0.162011
 0 0.171664
 0 0.207205
 0 0.231065
 0 0.179867
 0 0.21415
 0 0.174768
 0 0.172364
 0 0.19665
 0 0.211515
 0 0.207099
 0 0.208875
 0 0.19282
 0 0.198041
 0 0.205428
 0 0.176404
 0 0.217963
 0 0.162833
 0 0.160512
 0 0.206914
 0 0.223684
 0 0.216479
 0 0.165747
 0 0.184012
 0 0.240426
 0 0.186942
 0 0.204417
 0 0.20079
 0 0.217155
 0 0.19709
 0 0.21417
 0 0.218968
 0 0.187055
 0 0.210354
 0 0.17723
 0 0.186923
 0 0.197266
 0 0.213505
 0 0.189703
 0 0.238059
 0 0.199383
 0 0.198645
 0 0.231494
 0 0.17577
 0 0.199543
 0 0.221959
 0 0.20043
 0 0.211169
 0 0.216496
 0 0.200986
 0 0.222232
 0 0.185684
 0 0.196119
 0 0.199019
 0 0.211158
 0 0.196711
 0 0.168358
 0 0.185943
 0 0.211041
 0 0.208261
 0 0.184912
 0 0.193288
 0 0.165086
 0 0.250452
 0 0.205462
 0 0.198097
 0 0.199546
 0 0.197604
 0 0.195521
 0 0.175184
 0 0.217064
 0 0.194918
 0 0.185402
 0 0.201801
 0 0.228172
 0 0.174695
 0 0.187503
 0 0.202142
 0 0.174564
 0 0.19627
 0 0.206312
 0 0.204463
 0 0.162739
 0 0.193094
 0 0.239131
 0 0.189289
 0 0.196424
 0 0.211859
 0 0.198203
 0 0.21074
 0 0.152556
 0 0.228198
 0 0.176164
 0 0.210832
 0 0.179846
 0 0.186548
 0 0.199037
 0 0.193808
 0 0.226063
 0 0.209609
 0 0.196845
 0 0.203066
 0 0.217309
 0 0.17913
 0 0.194688
 0 0.193541
 0 0.193602
 0 0.215331
 0 0.16826
 0 0.217441
 0 0.211586
 0 0.165781
 0 0.218389
 0 0.152293
 0 0.216479
 0 0.195643
 0 0.203086
 0 0.175563
 0 0.19613
 0 0.204509
 0 0.176625
 0 0.192492
 0 0.211256
 0 0.204902
 0 0.209332
 0 0.220474
 0 0.210822
 0 0.185221
 0 0.196392
 0 0.16662
 0 0.175521
 0 0.217484
 0 0.209544
 0 0.190395
 0 0.18594
 0 0.184173
 0 0.194444
 0 0.217293
 0 0.197939
 0 0.185311
 0 0.188852
 0 0.169153
 0 0.193709
 0 0.207485
 0 0.195207
 0 0.200631
 0 0.2236
 0 0.169014
 0 0.199044
 0 0.216623
 0 0.204205
 0 0.212768
 0 0.200087
 0 0.159034
 0 0.188622
 0 0.193321
 0 0.157983
 0 0.158827
 0 0.206627
 0 0.213848
 0 0.162169
 0 0.189566
 0 0.197371
 0 0.175785
 0 0.195232
 0 0.197667
 0 0.20307
 0 0.187199
 0 0.193637
 0 0.201968
 0 0.199913
 0 0.194677
 0 0.200442
 0 0.169627
 0 0.196231
 0 0.180351
 0 0.183024
 0 0.194655
 0 0.17513
 0 0.201306
 0 0.177962
 0 0.201634
 0 0.205005
 0 0.192913
 0 0.203689
 0 0.206149
 0 0.192658
 0 0.194607
 0 0.215541
 0 0.204572
 0 0.201175
 0 0.149019
 0 0.199975
 0 0.213619
 0 0.177728
 0 0.185033
 0 0.18372
 0 0.192912
 0 0.195933
 0 0.182538
 0 0.175168
 0 0.185476
 0 0.189472
 0 0.179317
 0 0.199253
 0 0.223813
 0 0.190894
 0 0.221946
 0 0.198683
 0 0.215567
 0 0.183929
 0 0.179921
 0 0.182892
 0 0.205936
 0 0.194361
 0 0.170283
 0 0.187961
 0 0.177847
 0 0.208109
 0 0.182124
 0 0.222648
 0 0.191844
 0 0.183617
 0 0.20781
 0 0.195046
 0 0.177114
 0 0.210221
 0 0.221009
 0 0.193414
 0 0.188524
 0 0.193603
 0 0.186192
 0 0.196686
 0 0.175724
 0 0.158044
 0 0.170143
 0 0.197584
 0 0.189844
 0 0.21536
 0 0.221404
 0 0.195187
 0 0.175604
 0 0.184914
 0 0.191921
 0 0.263031
 0 0.179612
 0 0.224934
 0 0.199905
 0 0.173349
 0 0.207294
 0 0.199815
 0 0.227284
 0 0.172754
 0 0.19451
 0 0.193233
 0 0.175692
 0 0.19074
 0 0.214811
 0 0.176875
 0 0.205714
 0 0.224212
 0 0.191667
 0 0.175816
 0 0.194594
 0 0.224407
 0 0.21429
 0 0.21055
 0 0.191919
 0 0.189983
 0 0.185714
 0 0.153115
 0 0.151948
 0 0.194648
 0 0.143732
 0 0.203519
 0 0.208128
 0 0.221714
 0 0.223247
 0 0.191238
 0 0.178384
 0 0.194166
 0 0.181384
 0 0.224357
 0 0.184197
 0 0.207827
 0 0.185791
 0 0.224785
 0 0.210166
 0 0.207158
 0 0.211053
 0 0.187008
 0 0.181899
 0 0.186723
 0 0.179717
 0 0.189031
 0 0.201547
 0 0.186244
 0 0.183052
 0 0.242338
 0 0.240626
 0 0.211766
 0 0.183304
 0 0.177266
 0 0.215868
 0 0.205182
 0 0.211839
 0 0.232696
 0 0.163519
 0 0.211579
 0 0.190076
 0 0.154531
 0 0.179913
 0 0.189864
 0 0.179331
 0 0.210388
 0 0.205345
 0 0.182509
 0 0.180622
 0 0.182438
 0 0.196758
 0 0.192818
 0 0.211696
 0 0.228151
 0 0.180452
 0 0.186807
 0 0.207833
 0 0.221193
 0 0.184842
 0 0.162788
 0 0.209531
 0 0.21845
 0 0.215713
 0 0.196689
 0 0.225321
 0 0.178436
 0 0.190123
 0 0.213738
 0 0.189453
 0 0.234394
 0 0.20797
 0 0.221715
 0 0.197209
 0 0.197342
 0 0.161179
 0 0.208736
 0 0.213227
 0 0.24397
 0 0.210061
 0 0.226494
 0 0.180121
 0 0.201163
 0 0.21518
 0 0.204293
 0 0.186267
 0 0.205911
 0 0.204406
 0 0.199492
 0 0.214963
 0 0.176491
 0 0.18368
 0 0.206307
 0 0.158234
 0 0.209554
 0 0.217564
 0 0.189588
 0 0.206902
 0 0.215534
 0 0.185468
 0 0.212689
 0 0.200796
 0 0.190182
 0 0.185136
 0 0.207724
 0 0.189482
 0 0.195003
 0 0.196308
 0 0.209267
 0 0.217603
 0 0.185499
 0 0.223202
 0 0.23221
 0 0.178514
 0 0.240733
 0 0.154763
 0 0.204342
 0 0.180778
 0 0.182902
 0 0.18872
 0 0.197878
 0 0.162914
 0 0.176784
 0 0.183997
 0 0.20701
 0 0.189515
 0 0.203849
 0 0.175197
 0 0.172823
 0 0.173657
 0 0.211349
 0 0.221739
 0 0.18748
 0 0.193852
 0 0.209384
 0 0.183136
 0 0.194792
 0 0.219419
 0 0.209641
 0 0.205189
 0 0.211961
 0 0.19504
 0 0.17666
 0 0.185129
 0 0.178118
 0 0.180476
 0 0.188998
 0 0.186797
 0 0.214434
 0 0.217443
 0 0.183662
 0 0.204939
 0 0.194684
 0 0.214663
 0 0.199712
 0 0.208428
 0 0.196966
 0 0.208769
 0 0.156667
 0 0.196603
 0 0.233617
 0 0.199696
 0 0.171821
 0 0.195427
 0 0.19525
 0 0.19227
 0 0.220205
 0 0.203713
 0 0.187075
 0 0.186957
 0 0.185505
 0 0.192632
 0 0.15743
 0 0.183374
 0 0.207336
 0 0.213435
 0 0.196576
 0 0.199889
 0 0.200314
 0 0.205734
 0 0.162103
 0 0.213688
 0 0.169949
 0 0.186359
 0 0.16734
 0 0.181009
 0 0.188984
 0 0.187375
 0 0.180689
 0 0.229923
 0 0.186287
 0 0.182659
 0 0.204042
 0 0.182248
 0 0.177382
 0 0.207703
 0 0.189939
 0 0.185231
 0 0.186269
 0 0.178892
 0 0.185865
 0 0.200783
 0 0.206649
 0 0.190742
 0 0.215117
 0 0.196357
 0 0.205072
 0 0.217124
 0 0.201729
 0 0.177002
 0 0.189221
 0 0.203449
 0 0.167299
 0 0.216551
 0 0.183619
 0 0.230029
 0 0.216142
 0 0.174662
 0 0.210736
 0 0.180831
 0 0.194816
 0 0.209178
 0 0.191644
 0 0.17844
 0 0.189206
 0 0.247925
 0 0.196957
 0 0.206131
 0 0.211838
 0 0.198062
 0 0.182914
 0 0.164739
 0 0.204405
 0 0.175502
 0 0.196324
 0 0.222894
 0 0.171231
 0 0.161045
 0 0.225193
 0 0.190417
 0 0.206706
 0 0.169045
 0 0.210984
 0 0.179607
 0 0.166649
 0 0.202916
 0 0.195404
 0 0.194479
 0 0.211879
 0 0.201814
 0 0.179015
 0 0.22103
 0 0.196379
 0 0.203407
 0 0.204488
 0 0.195468
 0 0.194623
 0 0.207551
 0 0.189398
 0 0.216012
 0 0.202836
 0 0.183455
 0 0.203391
 0 0.215185
 0 0.223887
 0 0.204535
 0 0.186419
 0 0.228987
 0 0.20654
 0 0.158103
 0 0.165706
 0 0.174355
 0 0.194742
 0 0.214101
 0 0.252546
 0 0.2273
 0 0.18367
 0 0.166051
 0 0.170321
 0 0.223465
 0 0.216702
 0 0.205246
 0 0.19585
 0 0.21253
 0 0.200776
 0 0.222165
 0 0.194871
 0 0.224804
 0 0.197981
 0 0.227648
 0 0.153603
 0 0.190785
 0 0.185426
 0 0.167583
 0 0.160111
 0 0.192135
 0 0.203899
 0 0.20702
 0 0.181623
 0 0.222048
 0 0.189501
 0 0.229405
 0 0.168987
