603 1 0 0 1
 0 0.205979
 0 0.21352
 0 0.193284
 0 0.188917
 0 0.194672
 0 0.213761
 0 0.196765
 0 0.235268
 0 0.187919
 0 0.185542
 0 0.206946
 0 0.23507
 0 0.158437
 0 0.173921
 0 0.205042
 0 0.177661
 0 0.189471
 0 0.203947
 0 0.185999
 0 0.17899
 0 0.196765
 0 0.194178
 0 0.204781
 0 0.197557
 0 0.182338
 0 0.183307
 0 0.187273
 0 0.188717
 0 0.204898
 0 0.189828
 0 0.205227
 0 0.214312
 0 0.214281
 0 0.193898
 0 0.20864
 0 0.20603
 0 0.210633
 0 0.190381
 0 0.178333
 0 0.182072
 0 0.181048
 0 0.188806
 0 0.207504
 0 0.199896
 0 0.18724
 0 0.186822
 0 0.199034
 0 0.220591
 0 0.196671
 0 0.207278
 0 0.157315
 0 0.179873
 0 0.212722
 0 0.196752
 0 0.181939
 0 0.233253
 0 0.19816
 0 0.187664
 0 0.199311
 0 0.204502
 0 0.212848
 0 0.19327
 0 0.211484
 0 0.224969
 0 0.202749
 0 0.197434
 0 0.195633
 0 0.188027
 0 0.19925
 0 0.21078
 0 0.192938
 0 0.212693
 0 0.21465
 0 0.21096
 0 0.229947
 0 0.182996
 0 0.203282
 0 0.205238
 0 0.197986
 0 0.222331
 0 0.212871
 0 0.192327
 0 0.202353
 0 0.164099
 0 0.198362
 0 0.19742
 0 0.216605
 0 0.21829
 0 0.17707
 0 0.20053
 0 0.196467
 0 0.192439
 0 0.215371
 0 0.199074
 0 0.217721
 0 0.204445
 0 0.216374
 0 0.20065
 0 0.197807
 0 0.196558
 0 0.207233
 0 0.181514
 0 0.190942
 0 0.197244
 0 0.217831
 0 0.192183
 0 0.202007
 0 0.197179
 0 0.208616
 0 0.20609
 0 0.181144
 0 0.213023
 0 0.206088
 0 0.215114
 0 0.186204
 0 0.216555
 0 0.197814
 0 0.217797
 0 0.181349
 0 0.19551
 0 0.191932
 0 0.196467
 0 0.192574
 0 0.22097
 0 0.209976
 0 0.209733
 0 0.171131
 0 0.200954
 0 0.175316
 0 0.176144
 0 0.21894
 0 0.208227
 0 0.215369
 0 0.206272
 0 0.207129
 0 0.188652
 0 0.216862
 0 0.190167
 0 0.19829
 0 0.213402
 0 0.214424
 0 0.210411
 0 0.208575
 0 0.191502
 0 0.193894
 0 0.182906
 0 0.179182
 0 0.19454
 0 0.212762
 0 0.207404
 0 0.188547
 0 0.196675
 0 0.220652
 0 0.194716
 0 0.199599
 0 0.185536
 0 0.22197
 0 0.203047
 0 0.188099
 0 0.194855
 0 0.206174
 0 0.196036
 0 0.198724
 0 0.233015
 0 0.212571
 0 0.19495
 0 0.204276
 0 0.183432
 0 0.219238
 0 0.210284
 0 0.187951
 0 0.188143
 0 0.181177
 0 0.188791
 0 0.209478
 0 0.207039
 0 0.229942
 0 0.217857
 0 0.20948
 0 0.179957
 0 0.181656
 0 0.217729
 0 0.199025
 0 0.206412
 0 0.20203
 0 0.192221
 0 0.181991
 0 0.191232
 0 0.188408
 0 0.182244
 0 0.215611
 0 0.213654
 0 0.156183
 0 0.205303
 0 0.212086
 0 0.220247
 0 0.213427
 0 0.197432
 0 0.177961
 0 0.185009
 0 0.186338
 0 0.199359
 0 0.206076
 0 0.215751
 0 0.210275
 0 0.196271
 0 0.20874
 0 0.181322
 0 0.18367
 0 0.208144
 0 0.186807
 0 0.220184
 0 0.204209
 0 0.20322
 0 0.22786
 0 0.198421
 0 0.194876
 0 0.221377
 0 0.204635
 0 0.179327
 0 0.199898
 0 0.206741
 0 0.199187
 0 0.213379
 0 0.17486
 0 0.222399
 0 0.211368
 0 0.201707
 0 0.181044
 0 0.214907
 0 0.192652
 0 0.177958
 0 0.165912
 0 0.200687
 0 0.184789
 0 0.208715
 0 0.214676
 0 0.192724
 0 0.192978
 0 0.221358
 0 0.195267
 0 0.187069
 0 0.213682
 0 0.186105
 0 0.199716
 0 0.195005
 0 0.188358
 0 0.207371
 0 0.1653
 0 0.201311
 0 0.183232
 0 0.184666
 0 0.229778
 0 0.179602
 0 0.193667
 0 0.197778
 0 0.185893
 0 0.198502
 0 0.235226
 0 0.21077
 0 0.16837
 0 0.216085
 0 0.204675
 0 0.150436
 0 0.215455
 0 0.201697
 0 0.185647
 0 0.209812
 0 0.20176
 0 0.191079
 0 0.208514
 0 0.200084
 0 0.18023
 0 0.168277
 0 0.179138
 0 0.194077
 0 0.189139
 0 0.183041
 0 0.203355
 0 0.205509
 0 0.180416
 0 0.192822
 0 0.206652
 0 0.228342
 0 0.20816
 0 0.188811
 0 0.196535
 0 0.214637
 0 0.201786
 0 0.211638
 0 0.167953
 0 0.210566
 0 0.192942
 0 0.217858
 0 0.180836
 0 0.245593
 0 0.210036
 0 0.191491
 0 0.186168
 0 0.192175
 0 0.20035
 0 0.217269
 0 0.176114
 0 0.218939
 0 0.198761
 0 0.143433
 0 0.203122
 0 0.211802
 0 0.221198
 0 0.207027
 0 0.194591
 0 0.183126
 0 0.197446
 0 0.21395
 0 0.208024
 0 0.207551
 0 0.186945
 0 0.173984
 0 0.190999
 0 0.215537
 0 0.222022
 0 0.207436
 0 0.197069
 0 0.181117
 0 0.182041
 0 0.182782
 0 0.189111
 0 0.187009
 0 0.165507
 0 0.20427
 0 0.194751
 0 0.203481
 0 0.214049
 0 0.188687
 0 0.188243
 0 0.225238
 0 0.192855
 0 0.184428
 0 0.197355
 0 0.192894
 0 0.213289
 0 0.219571
 0 0.209414
 0 0.185809
 0 0.193391
 0 0.196679
 0 0.195728
 0 0.191494
 0 0.189783
 0 0.179324
 0 0.190958
 0 0.201235
 0 0.205053
 0 0.220706
 0 0.220969
 0 0.190462
 0 0.21441
 0 0.228868
 0 0.24309
 0 0.194889
 0 0.184295
 0 0.209297
 0 0.209282
 0 0.219582
 0 0.212394
 0 0.210554
 0 0.201291
 0 0.193973
 0 0.21455
 0 0.206858
 0 0.218439
 0 0.193377
 0 0.204768
 0 0.201639
 0 0.217673
 0 0.218704
 0 0.206734
 0 0.201794
 0 0.21018
 0 0.190805
 0 0.202729
 0 0.182142
 0 0.22519
 0 0.216252
 0 0.191574
 0 0.191639
 0 0.245078
 0 0.202206
 0 0.217554
 0 0.19387
 0 0.194437
 0 0.189494
 0 0.203143
 0 0.20783
 0 0.198905
 0 0.220841
 0 0.189063
 0 0.196614
 0 0.193731
 0 0.197537
 0 0.203731
 0 0.209642
 0 0.195638
 0 0.184857
 0 0.204882
 0 0.173952
 0 0.199831
 0 0.1875
 0 0.20342
 0 0.207835
 0 0.188584
 0 0.216901
 0 0.200315
 0 0.190456
 0 0.222485
 0 0.181398
 0 0.194011
 0 0.173706
 0 0.214323
 0 0.203111
 0 0.205068
 0 0.17484
 0 0.196003
 0 0.193022
 0 0.182927
 0 0.190283
 0 0.21132
 0 0.178939
 0 0.180929
 0 0.187451
 0 0.196714
 0 0.197051
 0 0.176666
 0 0.196528
 0 0.205292
 0 0.178691
 0 0.166484
 0 0.226644
 0 0.227355
 0 0.203673
 0 0.180619
 0 0.209933
 0 0.185249
 0 0.205405
 0 0.196018
 0 0.20795
 0 0.203093
 0 0.190711
 0 0.199527
 0 0.207508
 0 0.202083
 0 0.200669
 0 0.187049
 0 0.197608
 0 0.207713
 0 0.220164
 0 0.171712
 0 0.209902
 0 0.185185
 0 0.215335
 0 0.231393
 0 0.193683
 0 0.158903
 0 0.200582
 0 0.208707
 0 0.195451
 0 0.185981
 0 0.209526
 0 0.196483
 0 0.187886
 0 0.203476
 0 0.211585
 0 0.186494
 0 0.188367
 0 0.212766
 0 0.196884
 0 0.208091
 0 0.193936
 0 0.214021
 0 0.198686
 0 0.19519
 0 0.191229
 0 0.194023
 0 0.184148
 0 0.186625
 0 0.191074
 0 0.199675
 0 0.184541
 0 0.189951
 0 0.211416
 0 0.188372
 0 0.198413
 0 0.204177
 0 0.201629
 0 0.173664
 0 0.183366
 0 0.16886
 0 0.1838
 0 0.189365
 0 0.172177
 0 0.218474
 0 0.228063
 0 0.203984
 0 0.171841
 0 0.196791
 0 0.196241
 0 0.166563
 0 0.207273
 0 0.229694
 0 0.168573
 0 0.200327
 0 0.218811
 0 0.204915
 0 0.223428
 0 0.188925
 0 0.2189
 0 0.206001
 0 0.188138
 0 0.210611
 0 0.186701
 0 0.202486
 0 0.203425
 0 0.209242
 0 0.192463
 0 0.193257
 0 0.210278
 0 0.200189
 0 0.195081
 0 0.216107
 0 0.194475
 0 0.18741
 0 0.213865
 0 0.205432
 0 0.180779
 0 0.19026
 0 0.206703
 0 0.186761
 0 0.188736
 0 0.211377
 0 0.179278
 0 0.22627
 0 0.168472
 0 0.212063
 0 0.224215
 0 0.17549
 0 0.212865
 0 0.205665
 0 0.21468
 0 0.239758
 0 0.193798
 0 0.192137
 0 0.218989
 0 0.184638
 0 0.18657
 0 0.2103
 0 0.196747
 0 0.18877
 0 0.194109
 0 0.20256
 0 0.20324
 0 0.226853
 0 0.187014
 0 0.204726
 0 0.198051
 0 0.205885
 0 0.24122
 0 0.20292
 0 0.202737
 0 0.21363
 0 0.187215
 0 0.207808
 0 0.214776
 0 0.190839
 0 0.199561
 0 0.217581
 0 0.183967
 0 0.193602
 0 0.208485
 0 0.181876
 0 0.203699
 0 0.18212
 0 0.212636
 0 0.196883
 0 0.185938
 0 0.196769
 0 0.195812
 0 0.189911
 0 0.221308
 0 0.190373
 0 0.214983
 0 0.188177
 0 0.170069
 0 0.199809
 0 0.184296
 0 0.204047
 0 0.20336
 0 0.210164
 0 0.190787
 0 0.2017
 0 0.210079
 0 0.195768
 0 0.213573
 0 0.198196
