603 1 0 0 1
 0 0.235689
 0 0.171977
 0 0.227096
 0 0.260119
 0 0.179467
 0 0.273783
 0 0.228242
 0 0.252877
 0 0.171519
 0 0.216189
 0 0.265828
 0 0.244247
 0 0.0881746
 0 0.138777
 0 0.265119
 0 0.250711
 0 0.246133
 0 0.177593
 0 0.162575
 0 0.23468
 0 0.295134
 0 0.221812
 0 0.20754
 0 0.179711
 0 0.211124
 0 0.238998
 0 0.214926
 0 0.203139
 0 0.181963
 0 0.177075
 0 0.202344
 0 0.253703
 0 0.151757
 0 0.169602
 0 0.235298
 0 0.279398
 0 0.184765
 0 0.248134
 0 0.175339
 0 0.170896
 0 0.215788
 0 0.243264
 0 0.235102
 0 0.238384
 0 0.208708
 0 0.218359
 0 0.232013
 0 0.178364
 0 0.255182
 0 0.153277
 0 0.148986
 0 0.23476
 0 0.265756
 0 0.252439
 0 0.158664
 0 0.192427
 0 0.2967
 0 0.197843
 0 0.230144
 0 0.22344
 0 0.253689
 0 0.216601
 0 0.248171
 0 0.25704
 0 0.198052
 0 0.241118
 0 0.17989
 0 0.197808
 0 0.216926
 0 0.246942
 0 0.202947
 0 0.292325
 0 0.220839
 0 0.219475
 0 0.280191
 0 0.177192
 0 0.221135
 0 0.262568
 0 0.222775
 0 0.242624
 0 0.252471
 0 0.223802
 0 0.263073
 0 0.195518
 0 0.214806
 0 0.220167
 0 0.242604
 0 0.2159
 0 0.16349
 0 0.195996
 0 0.242388
 0 0.237249
 0 0.194091
 0 0.209573
 0 0.157442
 0 0.31523
 0 0.232076
 0 0.218462
 0 0.221141
 0 0.217551
 0 0.213701
 0 0.176108
 0 0.25352
 0 0.212586
 0 0.194996
 0 0.225309
 0 0.274051
 0 0.175204
 0 0.19888
 0 0.225939
 0 0.174962
 0 0.215085
 0 0.233647
 0 0.230229
 0 0.153103
 0 0.209215
 0 0.294306
 0 0.202181
 0 0.21537
 0 0.2439
 0 0.218658
 0 0.241832
 0 0.134279
 0 0.274099
 0 0.17792
 0 0.242002
 0 0.184726
 0 0.197115
 0 0.2202
 0 0.210534
 0 0.270153
 0 0.239741
 0 0.216148
 0 0.227647
 0 0.253973
 0 0.183403
 0 0.212161
 0 0.210041
 0 0.210154
 0 0.250317
 0 0.163309
 0 0.254217
 0 0.243395
 0 0.158727
 0 0.255969
 0 0.133793
 0 0.252439
 0 0.213926
 0 0.227684
 0 0.176809
 0 0.214827
 0 0.230314
 0 0.178772
 0 0.208102
 0 0.242785
 0 0.231041
 0 0.239229
 0 0.259823
 0 0.241983
 0 0.194662
 0 0.215311
 0 0.160277
 0 0.176731
 0 0.254297
 0 0.239621
 0 0.204226
 0 0.195991
 0 0.192725
 0 0.21171
 0 0.253944
 0 0.21817
 0 0.194828
 0 0.201374
 0 0.16496
 0 0.210351
 0 0.235815
 0 0.21312
 0 0.223146
 0 0.265601
 0 0.164703
 0 0.220213
 0 0.252705
 0 0.229752
 0 0.24558
 0 0.222141
 0 0.146254
 0 0.200948
 0 0.209634
 0 0.144311
 0 0.145872
 0 0.234229
 0 0.247576
 0 0.152049
 0 0.202693
 0 0.21712
 0 0.177219
 0 0.213167
 0 0.217668
 0 0.227654
 0 0.198318
 0 0.210218
 0 0.225618
 0 0.221819
 0 0.212141
 0 0.222797
 0 0.165836
 0 0.215013
 0 0.18566
 0 0.190601
 0 0.2121
 0 0.176009
 0 0.224394
 0 0.181244
 0 0.225
 0 0.231231
 0 0.20888
 0 0.228799
 0 0.233346
 0 0.208409
 0 0.212011
 0 0.250705
 0 0.230431
 0 0.224152
 0 0.12774
 0 0.221934
 0 0.247153
 0 0.180811
 0 0.194314
 0 0.191887
 0 0.208878
 0 0.214462
 0 0.189702
 0 0.176079
 0 0.195133
 0 0.20252
 0 0.183748
 0 0.220599
 0 0.265995
 0 0.205148
 0 0.262544
 0 0.219546
 0 0.250753
 0 0.192274
 0 0.184865
 0 0.190357
 0 0.232952
 0 0.211557
 0 0.167049
 0 0.199727
 0 0.181031
 0 0.236968
 0 0.188937
 0 0.263841
 0 0.206904
 0 0.191697
 0 0.236416
 0 0.212823
 0 0.179676
 0 0.240872
 0 0.260812
 0 0.209806
 0 0.200767
 0 0.210156
 0 0.196457
 0 0.215854
 0 0.177107
 0 0.144424
 0 0.16679
 0 0.217514
 0 0.203207
 0 0.250371
 0 0.261542
 0 0.213083
 0 0.176885
 0 0.194094
 0 0.207046
 0 0.338478
 0 0.184294
 0 0.268067
 0 0.221804
 0 0.172716
 0 0.235462
 0 0.221638
 0 0.27241
 0 0.171616
 0 0.211832
 0 0.209472
 0 0.177047
 0 0.204863
 0 0.249356
 0 0.179234
 0 0.232542
 0 0.266732
 0 0.206577
 0 0.177277
 0 0.211987
 0 0.267093
 0 0.248393
 0 0.24148
 0 0.207043
 0 0.203464
 0 0.195573
 0 0.135312
 0 0.133155
 0 0.212087
 0 0.117966
 0 0.228484
 0 0.237004
 0 0.262115
 0 0.264949
 0 0.205784
 0 0.182024
 0 0.211196
 0 0.187569
 0 0.267
 0 0.192769
 0 0.236447
 0 0.195715
 0 0.267791
 0 0.240771
 0 0.235211
 0 0.24241
 0 0.197965
 0 0.188521
 0 0.197438
 0 0.184488
 0 0.201704
 0 0.224839
 0 0.196553
 0 0.190652
 0 0.300234
 0 0.297069
 0 0.243728
 0 0.191118
 0 0.179957
 0 0.25131
 0 0.231558
 0 0.243863
 0 0.282413
 0 0.154545
 0 0.243382
 0 0.203636
 0 0.13793
 0 0.18485
 0 0.203244
 0 0.183774
 0 0.241181
 0 0.23186
 0 0.189649
 0 0.186161
 0 0.189517
 0 0.215987
 0 0.208705
 0 0.243599
 0 0.274013
 0 0.185846
 0 0.197593
 0 0.236458
 0 0.261152
 0 0.193961
 0 0.153194
 0 0.239597
 0 0.256082
 0 0.251023
 0 0.21586
 0 0.268782
 0 0.18212
 0 0.203723
 0 0.247373
 0 0.202484
 0 0.285551
 0 0.236712
 0 0.262117
 0 0.216821
 0 0.217067
 0 0.150219
 0 0.238127
 0 0.246428
 0 0.30325
 0 0.240576
 0 0.27095
 0 0.185234
 0 0.22413
 0 0.250038
 0 0.229915
 0 0.196595
 0 0.232906
 0 0.230124
 0 0.221041
 0 0.249637
 0 0.178524
 0 0.191813
 0 0.233638
 0 0.144775
 0 0.239639
 0 0.254445
 0 0.202734
 0 0.234737
 0 0.250692
 0 0.195118
 0 0.245434
 0 0.223451
 0 0.203832
 0 0.194505
 0 0.236257
 0 0.202538
 0 0.212743
 0 0.215156
 0 0.239109
 0 0.254517
 0 0.195176
 0 0.264865
 0 0.281515
 0 0.182264
 0 0.297267
 0 0.138359
 0 0.230006
 0 0.186449
 0 0.190375
 0 0.20113
 0 0.218058
 0 0.153427
 0 0.179066
 0 0.192399
 0 0.234937
 0 0.202599
 0 0.229094
 0 0.176132
 0 0.171744
 0 0.173286
 0 0.242957
 0 0.262161
 0 0.198837
 0 0.210616
 0 0.239325
 0 0.190808
 0 0.212353
 0 0.257873
 0 0.2398
 0 0.231571
 0 0.244088
 0 0.212812
 0 0.178837
 0 0.194492
 0 0.181532
 0 0.185891
 0 0.201643
 0 0.197575
 0 0.248659
 0 0.254221
 0 0.19178
 0 0.231109
 0 0.212154
 0 0.249083
 0 0.221448
 0 0.237558
 0 0.216372
 0 0.238188
 0 0.141879
 0 0.215701
 0 0.284115
 0 0.221418
 0 0.169892
 0 0.213527
 0 0.2132
 0 0.207692
 0 0.259326
 0 0.228843
 0 0.198089
 0 0.197871
 0 0.195187
 0 0.208361
 0 0.143289
 0 0.191248
 0 0.23554
 0 0.246813
 0 0.215651
 0 0.221775
 0 0.22256
 0 0.232579
 0 0.151927
 0 0.24728
 0 0.166431
 0 0.196765
 0 0.161608
 0 0.186876
 0 0.201618
 0 0.198643
 0 0.186284
 0 0.277288
 0 0.196632
 0 0.189926
 0 0.229451
 0 0.189166
 0 0.180171
 0 0.236218
 0 0.203383
 0 0.19468
 0 0.196599
 0 0.182963
 0 0.195852
 0 0.223427
 0 0.23427
 0 0.204867
 0 0.249922
 0 0.215246
 0 0.231355
 0 0.253631
 0 0.225176
 0 0.179469
 0 0.202056
 0 0.228355
 0 0.161533
 0 0.252572
 0 0.191701
 0 0.277484
 0 0.251816
 0 0.175143
 0 0.241824
 0 0.186547
 0 0.212398
 0 0.238944
 0 0.206534
 0 0.182127
 0 0.202028
 0 0.31056
 0 0.216355
 0 0.233312
 0 0.243861
 0 0.218398
 0 0.190397
 0 0.1568
 0 0.230122
 0 0.176696
 0 0.215185
 0 0.264296
 0 0.168801
 0 0.149972
 0 0.268545
 0 0.204266
 0 0.234375
 0 0.16476
 0 0.242283
 0 0.184284
 0 0.160331
 0 0.22737
 0 0.213485
 0 0.211775
 0 0.243937
 0 0.225333
 0 0.18319
 0 0.260851
 0 0.215287
 0 0.228277
 0 0.230275
 0 0.213603
 0 0.212041
 0 0.235937
 0 0.202383
 0 0.251576
 0 0.227222
 0 0.191397
 0 0.228248
 0 0.250047
 0 0.266131
 0 0.230362
 0 0.196876
 0 0.275558
 0 0.234068
 0 0.144533
 0 0.158588
 0 0.174576
 0 0.212261
 0 0.248044
 0 0.3191
 0 0.27244
 0 0.191795
 0 0.159226
 0 0.167119
 0 0.265351
 0 0.252851
 0 0.231677
 0 0.214309
 0 0.24514
 0 0.223414
 0 0.262949
 0 0.212499
 0 0.267826
 0 0.218248
 0 0.273083
 0 0.136214
 0 0.204947
 0 0.195041
 0 0.162058
 0 0.148245
 0 0.207442
 0 0.229187
 0 0.234956
 0 0.188011
 0 0.262732
 0 0.202573
 0 0.27633
 0 0.164653
