603 1 0 0 1
 0 0.203257
 0 0.200638
 0 0.172891
 0 0.169109
 0 0.148007
 0 0.185575
 0 0.148132
 0 0.19185
 0 0.182642
 0 0.177695
 0 0.192095
 0 0.19725
 0 0.167072
 0 0.162618
 0 0.190175
 0 0.171411
 0 0.181136
 0 0.18681
 0 0.163218
 0 0.186953
 0 0.194124
 0 0.171259
 0 0.143316
 0 0.15828
 0 0.174698
 0 0.177145
 0 0.166085
 0 0.169975
 0 0.176541
 0 0.188007
 0 0.18586
 0 0.178123
 0 0.186087
 0 0.173874
 0 0.175754
 0 0.185311
 0 0.186555
 0 0.183232
 0 0.151583
 0 0.169478
 0 0.174846
 0 0.183217
 0 0.158923
 0 0.183066
 0 0.171966
 0 0.194082
 0 0.165082
 0 0.178613
 0 0.179344
 0 0.172381
 0 0.135236
 0 0.170722
 0 0.186143
 0 0.171353
 0 0.179125
 0 0.190192
 0 0.179417
 0 0.171042
 0 0.186644
 0 0.183218
 0 0.176527
 0 0.179998
 0 0.167726
 0 0.184242
 0 0.202741
 0 0.182809
 0 0.162754
 0 0.176498
 0 0.162576
 0 0.169086
 0 0.166936
 0 0.211586
 0 0.178574
 0 0.178213
 0 0.197372
 0 0.156508
 0 0.194269
 0 0.206009
 0 0.192635
 0 0.188697
 0 0.183979
 0 0.189719
 0 0.180353
 0 0.140781
 0 0.194681
 0 0.164693
 0 0.181057
 0 0.191613
 0 0.171127
 0 0.161398
 0 0.180275
 0 0.192143
 0 0.214668
 0 0.168933
 0 0.171626
 0 0.173895
 0 0.186082
 0 0.181147
 0 0.19165
 0 0.178181
 0 0.172899
 0 0.174232
 0 0.196394
 0 0.172138
 0 0.173774
 0 0.188013
 0 0.188389
 0 0.15824
 0 0.169623
 0 0.186281
 0 0.173484
 0 0.186164
 0 0.184385
 0 0.161201
 0 0.159385
 0 0.179787
 0 0.19432
 0 0.188439
 0 0.13985
 0 0.174043
 0 0.172113
 0 0.158696
 0 0.205978
 0 0.20575
 0 0.17135
 0 0.187513
 0 0.171464
 0 0.18049
 0 0.166226
 0 0.167644
 0 0.178007
 0 0.199779
 0 0.180103
 0 0.179639
 0 0.180275
 0 0.181096
 0 0.181697
 0 0.169224
 0 0.164536
 0 0.203381
 0 0.182521
 0 0.176776
 0 0.200513
 0 0.168589
 0 0.183792
 0 0.16999
 0 0.170899
 0 0.170568
 0 0.184837
 0 0.15595
 0 0.185515
 0 0.194423
 0 0.160526
 0 0.182896
 0 0.186548
 0 0.177512
 0 0.204206
 0 0.177061
 0 0.174574
 0 0.170221
 0 0.18701
 0 0.166972
 0 0.179968
 0 0.185039
 0 0.181381
 0 0.166149
 0 0.186391
 0 0.16263
 0 0.198574
 0 0.183945
 0 0.187524
 0 0.175453
 0 0.16599
 0 0.150172
 0 0.18755
 0 0.187847
 0 0.184086
 0 0.191087
 0 0.196338
 0 0.170759
 0 0.173789
 0 0.198268
 0 0.17608
 0 0.188698
 0 0.170859
 0 0.186648
 0 0.162445
 0 0.188834
 0 0.146992
 0 0.173882
 0 0.176725
 0 0.200385
 0 0.201024
 0 0.174299
 0 0.171623
 0 0.160848
 0 0.173711
 0 0.168542
 0 0.175609
 0 0.17985
 0 0.182507
 0 0.145744
 0 0.176262
 0 0.211062
 0 0.189036
 0 0.189178
 0 0.179225
 0 0.145085
 0 0.20838
 0 0.189946
 0 0.184172
 0 0.175019
 0 0.172008
 0 0.171119
 0 0.197902
 0 0.159745
 0 0.174679
 0 0.184291
 0 0.191378
 0 0.165398
 0 0.195621
 0 0.158433
 0 0.160351
 0 0.18925
 0 0.170275
 0 0.184976
 0 0.198137
 0 0.179507
 0 0.183312
 0 0.173101
 0 0.177321
 0 0.159779
 0 0.181738
 0 0.166666
 0 0.174142
 0 0.17522
 0 0.191518
 0 0.174833
 0 0.164363
 0 0.206755
 0 0.172439
 0 0.175414
 0 0.173845
 0 0.16219
 0 0.175384
 0 0.168217
 0 0.173573
 0 0.189037
 0 0.163709
 0 0.190234
 0 0.192711
 0 0.172657
 0 0.197508
 0 0.162887
 0 0.197805
 0 0.185124
 0 0.171258
 0 0.199006
 0 0.175339
 0 0.191874
 0 0.177891
 0 0.203898
 0 0.189283
 0 0.146403
 0 0.191806
 0 0.200936
 0 0.169948
 0 0.14718
 0 0.201351
 0 0.178091
 0 0.179973
 0 0.173279
 0 0.152511
 0 0.172903
 0 0.187075
 0 0.205702
 0 0.177447
 0 0.179631
 0 0.18438
 0 0.191321
 0 0.157474
 0 0.195509
 0 0.193628
 0 0.166433
 0 0.197203
 0 0.155098
 0 0.198091
 0 0.188802
 0 0.168252
 0 0.194749
 0 0.16861
 0 0.168863
 0 0.178599
 0 0.187367
 0 0.16652
 0 0.198287
 0 0.207996
 0 0.183315
 0 0.172205
 0 0.171579
 0 0.202293
 0 0.186298
 0 0.186574
 0 0.169478
 0 0.165876
 0 0.143312
 0 0.183155
 0 0.192003
 0 0.182978
 0 0.1942
 0 0.16038
 0 0.165924
 0 0.173047
 0 0.187817
 0 0.179285
 0 0.193808
 0 0.175229
 0 0.156382
 0 0.190297
 0 0.179895
 0 0.188589
 0 0.182808
 0 0.191431
 0 0.16759
 0 0.165407
 0 0.185218
 0 0.184356
 0 0.173456
 0 0.149848
 0 0.188245
 0 0.182496
 0 0.175699
 0 0.177827
 0 0.171292
 0 0.168916
 0 0.186359
 0 0.181118
 0 0.179931
 0 0.19037
 0 0.176479
 0 0.184041
 0 0.18537
 0 0.180167
 0 0.174199
 0 0.171663
 0 0.183326
 0 0.185045
 0 0.166197
 0 0.170152
 0 0.156918
 0 0.161116
 0 0.188531
 0 0.173371
 0 0.191708
 0 0.20214
 0 0.151742
 0 0.185039
 0 0.186998
 0 0.209124
 0 0.188149
 0 0.173397
 0 0.174561
 0 0.183821
 0 0.18189
 0 0.191484
 0 0.198391
 0 0.183351
 0 0.192131
 0 0.192275
 0 0.178454
 0 0.202316
 0 0.177548
 0 0.182922
 0 0.181228
 0 0.210301
 0 0.168043
 0 0.194208
 0 0.186572
 0 0.195171
 0 0.183875
 0 0.200981
 0 0.156941
 0 0.200957
 0 0.20102
 0 0.186512
 0 0.18696
 0 0.196393
 0 0.171968
 0 0.186154
 0 0.170466
 0 0.179855
 0 0.161195
 0 0.191419
 0 0.178021
 0 0.195418
 0 0.222716
 0 0.18225
 0 0.181888
 0 0.182533
 0 0.186484
 0 0.171223
 0 0.173903
 0 0.187429
 0 0.150147
 0 0.195074
 0 0.162822
 0 0.191239
 0 0.174227
 0 0.198343
 0 0.20221
 0 0.180151
 0 0.181389
 0 0.188233
 0 0.182481
 0 0.185115
 0 0.144181
 0 0.189264
 0 0.155345
 0 0.209733
 0 0.183783
 0 0.164478
 0 0.19247
 0 0.183247
 0 0.166124
 0 0.164627
 0 0.188986
 0 0.168951
 0 0.145208
 0 0.170854
 0 0.154159
 0 0.200085
 0 0.185728
 0 0.171912
 0 0.172679
 0 0.164746
 0 0.158274
 0 0.180428
 0 0.188135
 0 0.184627
 0 0.159073
 0 0.205582
 0 0.172275
 0 0.16256
 0 0.188727
 0 0.163782
 0 0.174713
 0 0.190876
 0 0.178627
 0 0.182576
 0 0.1859
 0 0.176008
 0 0.174083
 0 0.175858
 0 0.18475
 0 0.176168
 0 0.202327
 0 0.17243
 0 0.188954
 0 0.181974
 0 0.186011
 0 0.213908
 0 0.183401
 0 0.166773
 0 0.177361
 0 0.18182
 0 0.180424
 0 0.157048
 0 0.190338
 0 0.178467
 0 0.178025
 0 0.195002
 0 0.193715
 0 0.157154
 0 0.176267
 0 0.168548
 0 0.177538
 0 0.18401
 0 0.162747
 0 0.184347
 0 0.195551
 0 0.189152
 0 0.17698
 0 0.16096
 0 0.166631
 0 0.175624
 0 0.184557
 0 0.179298
 0 0.178633
 0 0.180987
 0 0.1875
 0 0.175737
 0 0.17488
 0 0.199003
 0 0.180754
 0 0.174303
 0 0.179278
 0 0.177544
 0 0.153594
 0 0.158751
 0 0.175207
 0 0.178608
 0 0.174421
 0 0.183891
 0 0.172109
 0 0.177395
 0 0.177969
 0 0.187575
 0 0.203267
 0 0.16274
 0 0.16231
 0 0.168716
 0 0.198468
 0 0.178456
 0 0.188565
 0 0.182625
 0 0.194802
 0 0.170551
 0 0.16196
 0 0.205032
 0 0.16325
 0 0.178841
 0 0.196723
 0 0.208213
 0 0.18816
 0 0.192326
 0 0.193067
 0 0.166832
 0 0.161237
 0 0.17739
 0 0.184475
 0 0.177967
 0 0.190942
 0 0.190534
 0 0.161161
 0 0.179435
 0 0.186283
 0 0.196701
 0 0.147708
 0 0.188986
 0 0.171278
 0 0.179588
 0 0.182386
 0 0.197206
 0 0.207821
 0 0.17299
 0 0.188844
 0 0.184045
 0 0.178001
 0 0.176583
 0 0.1936
 0 0.183022
 0 0.189557
 0 0.162431
 0 0.187105
 0 0.202152
 0 0.171539
 0 0.173966
 0 0.18097
 0 0.160603
 0 0.17336
 0 0.194099
 0 0.176111
 0 0.207226
 0 0.189252
 0 0.191946
 0 0.219484
 0 0.182273
 0 0.193887
 0 0.174536
 0 0.169741
 0 0.174953
 0 0.175242
 0 0.174872
 0 0.178696
 0 0.199438
 0 0.166158
 0 0.188939
 0 0.185637
 0 0.175893
 0 0.190428
 0 0.190263
 0 0.190567
 0 0.165799
 0 0.177221
 0 0.166217
 0 0.159875
 0 0.175103
 0 0.193036
 0 0.168329
 0 0.202019
 0 0.178701
 0 0.165575
 0 0.196946
 0 0.159583
 0 0.165737
 0 0.158769
 0 0.19303
 0 0.174302
 0 0.163225
 0 0.183747
 0 0.190194
 0 0.178858
 0 0.167793
