603 1 0 0 1
 0 0.248033
 0 0.147306
 0 0.20003
 0 0.250625
 0 0.193049
 0 0.273355
 0 0.204712
 0 0.260104
 0 0.239071
 0 0.228942
 0 0.290831
 0 0.282124
 0 0.199275
 0 0.171743
 0 0.203758
 0 0.146103
 0 0.231269
 0 0.196424
 0 0.225172
 0 0.203304
 0 0.270372
 0 0.201834
 0 0.176425
 0 0.244189
 0 0.288569
 0 0.19871
 0 0.239406
 0 0.181797
 0 0.307241
 0 0.224936
 0 0.227545
 0 0.237133
 0 0.265074
 0 0.199229
 0 0.23485
 0 0.230932
 0 0.272655
 0 0.309158
 0 0.181285
 0 0.285716
 0 0.222805
 0 0.219923
 0 0.191688
 0 0.250738
 0 0.219846
 0 0.281982
 0 0.256301
 0 0.209557
 0 0.179991
 0 0.144334
 0 0.156617
 0 0.284896
 0 0.202337
 0 0.268733
 0 0.25421
 0 0.219971
 0 0.257136
 0 0.207966
 0 0.199224
 0 0.223473
 0 0.221353
 0 0.240492
 0 0.273045
 0 0.177061
 0 0.231712
 0 0.23598
 0 0.211928
 0 0.212498
 0 0.175726
 0 0.251187
 0 0.224278
 0 0.263074
 0 0.292791
 0 0.201445
 0 0.280523
 0 0.21702
 0 0.273256
 0 0.297104
 0 0.277528
 0 0.26681
 0 0.21864
 0 0.207309
 0 0.249861
 0 0.156228
 0 0.201667
 0 0.221551
 0 0.215557
 0 0.26362
 0 0.274596
 0 0.201899
 0 0.251912
 0 0.209028
 0 0.185991
 0 0.248764
 0 0.245788
 0 0.284814
 0 0.267858
 0 0.245166
 0 0.222424
 0 0.227422
 0 0.187752
 0 0.198827
 0 0.302163
 0 0.224419
 0 0.202414
 0 0.215852
 0 0.291229
 0 0.251778
 0 0.269905
 0 0.253023
 0 0.214934
 0 0.298636
 0 0.199582
 0 0.281896
 0 0.263115
 0 0.261675
 0 0.30488
 0 0.223284
 0 0.220752
 0 0.245727
 0 0.222317
 0 0.208071
 0 0.194693
 0 0.28802
 0 0.221928
 0 0.265169
 0 0.217579
 0 0.21351
 0 0.193507
 0 0.226687
 0 0.217255
 0 0.228761
 0 0.282608
 0 0.235534
 0 0.248115
 0 0.205363
 0 0.220562
 0 0.208764
 0 0.200514
 0 0.243012
 0 0.205974
 0 0.273227
 0 0.248073
 0 0.193235
 0 0.240913
 0 0.2348
 0 0.209247
 0 0.234546
 0 0.237732
 0 0.248963
 0 0.169063
 0 0.22464
 0 0.225572
 0 0.222045
 0 0.275588
 0 0.289988
 0 0.294827
 0 0.295622
 0 0.266054
 0 0.25533
 0 0.230674
 0 0.179566
 0 0.228657
 0 0.23859
 0 0.259333
 0 0.270696
 0 0.260365
 0 0.225532
 0 0.200342
 0 0.209982
 0 0.22399
 0 0.225022
 0 0.208169
 0 0.208414
 0 0.211227
 0 0.243376
 0 0.24565
 0 0.285166
 0 0.258544
 0 0.185016
 0 0.225065
 0 0.228033
 0 0.241212
 0 0.263505
 0 0.260878
 0 0.215857
 0 0.208079
 0 0.205262
 0 0.230607
 0 0.147714
 0 0.212008
 0 0.294197
 0 0.241583
 0 0.269729
 0 0.258503
 0 0.255336
 0 0.240666
 0 0.190079
 0 0.189736
 0 0.205461
 0 0.21972
 0 0.172916
 0 0.254155
 0 0.276967
 0 0.216581
 0 0.314764
 0 0.263432
 0 0.186667
 0 0.255166
 0 0.266159
 0 0.183545
 0 0.301136
 0 0.305868
 0 0.244754
 0 0.244281
 0 0.276906
 0 0.181283
 0 0.273095
 0 0.281978
 0 0.21548
 0 0.188857
 0 0.238504
 0 0.248111
 0 0.244
 0 0.203044
 0 0.211256
 0 0.241815
 0 0.174414
 0 0.232991
 0 0.273198
 0 0.226572
 0 0.11917
 0 0.197222
 0 0.234255
 0 0.186546
 0 0.258745
 0 0.212504
 0 0.20137
 0 0.184976
 0 0.297933
 0 0.237144
 0 0.249044
 0 0.25661
 0 0.180016
 0 0.248027
 0 0.210306
 0 0.183702
 0 0.180213
 0 0.195122
 0 0.323886
 0 0.219768
 0 0.261043
 0 0.272716
 0 0.227464
 0 0.195156
 0 0.232793
 0 0.197663
 0 0.249203
 0 0.301291
 0 0.240281
 0 0.234927
 0 0.264015
 0 0.301079
 0 0.168368
 0 0.285368
 0 0.253176
 0 0.178553
 0 0.192222
 0 0.258963
 0 0.233872
 0 0.280128
 0 0.290515
 0 0.203638
 0 0.225984
 0 0.213504
 0 0.267059
 0 0.211962
 0 0.198888
 0 0.260554
 0 0.281597
 0 0.196723
 0 0.290938
 0 0.210164
 0 0.230721
 0 0.194965
 0 0.226876
 0 0.218563
 0 0.232252
 0 0.179977
 0 0.186535
 0 0.224676
 0 0.222648
 0 0.255342
 0 0.253044
 0 0.177752
 0 0.245103
 0 0.28553
 0 0.284238
 0 0.205032
 0 0.197086
 0 0.219479
 0 0.253306
 0 0.148687
 0 0.226644
 0 0.276645
 0 0.140959
 0 0.206771
 0 0.242221
 0 0.186416
 0 0.206941
 0 0.207157
 0 0.199599
 0 0.244111
 0 0.23967
 0 0.159415
 0 0.21475
 0 0.202332
 0 0.230559
 0 0.31234
 0 0.209649
 0 0.187538
 0 0.190041
 0 0.220436
 0 0.204559
 0 0.198302
 0 0.203255
 0 0.183223
 0 0.241773
 0 0.165245
 0 0.19646
 0 0.266117
 0 0.290792
 0 0.280063
 0 0.227075
 0 0.205976
 0 0.260235
 0 0.253802
 0 0.218111
 0 0.228791
 0 0.251727
 0 0.189057
 0 0.265885
 0 0.251907
 0 0.154353
 0 0.181785
 0 0.274679
 0 0.179424
 0 0.210543
 0 0.187149
 0 0.27497
 0 0.255397
 0 0.257705
 0 0.203661
 0 0.203502
 0 0.257364
 0 0.226725
 0 0.244224
 0 0.199668
 0 0.301165
 0 0.274518
 0 0.207058
 0 0.233971
 0 0.250631
 0 0.291503
 0 0.215836
 0 0.219925
 0 0.170511
 0 0.220643
 0 0.259097
 0 0.261087
 0 0.263601
 0 0.265208
 0 0.266531
 0 0.206118
 0 0.356391
 0 0.270834
 0 0.280042
 0 0.236407
 0 0.252033
 0 0.176463
 0 0.243314
 0 0.214718
 0 0.241001
 0 0.266119
 0 0.283568
 0 0.216455
 0 0.255664
 0 0.175525
 0 0.239394
 0 0.230633
 0 0.230681
 0 0.181274
 0 0.281796
 0 0.162544
 0 0.247429
 0 0.244674
 0 0.214718
 0 0.247274
 0 0.252098
 0 0.238567
 0 0.237707
 0 0.28243
 0 0.223462
 0 0.212502
 0 0.260956
 0 0.216325
 0 0.242899
 0 0.178014
 0 0.204766
 0 0.243021
 0 0.249097
 0 0.220224
 0 0.231978
 0 0.219609
 0 0.256945
 0 0.204224
 0 0.214367
 0 0.205267
 0 0.246288
 0 0.299645
 0 0.215222
 0 0.225735
 0 0.202546
 0 0.213611
 0 0.2372
 0 0.228063
 0 0.234961
 0 0.197515
 0 0.156123
 0 0.236669
 0 0.276394
 0 0.202041
 0 0.197948
 0 0.180711
 0 0.219322
 0 0.244586
 0 0.237824
 0 0.286271
 0 0.217171
 0 0.207956
 0 0.196466
 0 0.264467
 0 0.201771
 0 0.223316
 0 0.172051
 0 0.212263
 0 0.206838
 0 0.295189
 0 0.204199
 0 0.259126
 0 0.22792
 0 0.218985
 0 0.176421
 0 0.268021
 0 0.293272
 0 0.311046
 0 0.245986
 0 0.244616
 0 0.230099
 0 0.265832
 0 0.264591
 0 0.16855
 0 0.132502
 0 0.207081
 0 0.264583
 0 0.184313
 0 0.24111
 0 0.202201
 0 0.206558
 0 0.182869
 0 0.18777
 0 0.306218
 0 0.187605
 0 0.224488
 0 0.245135
 0 0.222311
 0 0.289764
 0 0.219701
 0 0.236995
 0 0.272779
 0 0.197849
 0 0.261788
 0 0.180784
 0 0.253699
 0 0.201815
 0 0.199637
 0 0.195505
 0 0.243293
 0 0.272706
 0 0.292941
 0 0.17703
 0 0.189275
 0 0.200555
 0 0.21872
 0 0.222451
 0 0.205107
 0 0.226449
 0 0.220306
 0 0.219846
 0 0.230293
 0 0.216095
 0 0.244492
 0 0.24733
 0 0.191858
 0 0.28176
 0 0.251564
 0 0.222949
 0 0.221238
 0 0.242933
 0 0.217424
 0 0.266925
 0 0.156516
 0 0.181381
 0 0.252985
 0 0.224272
 0 0.25503
 0 0.284477
 0 0.176348
 0 0.299963
 0 0.227288
 0 0.2203
 0 0.201738
 0 0.184453
 0 0.219586
 0 0.239798
 0 0.290978
 0 0.165846
 0 0.277708
 0 0.233902
 0 0.225951
 0 0.19619
 0 0.268302
 0 0.271898
 0 0.207521
 0 0.246131
 0 0.254448
 0 0.241957
 0 0.14528
 0 0.278888
 0 0.227897
 0 0.292483
 0 0.226487
 0 0.24769
 0 0.271686
 0 0.191404
 0 0.22728
 0 0.232715
 0 0.268702
 0 0.335561
 0 0.215363
 0 0.186609
 0 0.318305
 0 0.247018
 0 0.24692
 0 0.227098
 0 0.205593
 0 0.24868
 0 0.233508
 0 0.238349
 0 0.22697
 0 0.268078
 0 0.286273
 0 0.246663
 0 0.292043
 0 0.207952
 0 0.266967
 0 0.281724
 0 0.283196
 0 0.314674
 0 0.207378
 0 0.137688
 0 0.243257
 0 0.188566
 0 0.273361
 0 0.267147
 0 0.298061
 0 0.159649
 0 0.222809
 0 0.229571
 0 0.273296
 0 0.201284
 0 0.2642
 0 0.206983
 0 0.263385
 0 0.252345
 0 0.167133
 0 0.1737
 0 0.266192
 0 0.27047
 0 0.25652
 0 0.196361
 0 0.243793
 0 0.172754
 0 0.241093
 0 0.219731
 0 0.172752
 0 0.251543
 0 0.266131
 0 0.220379
 0 0.265929
 0 0.206773
 0 0.206058
 0 0.190125
