603 1 0 0 1
 0 0.296194
 0 0.300965
 0 0.261441
 0 0.249178
 0 0.287739
 0 0.367046
 0 0.273751
 0 0.341106
 0 0.270796
 0 0.26325
 0 0.336726
 0 0.354455
 0 0.203797
 0 0.248588
 0 0.229033
 0 0.240098
 0 0.28412
 0 0.2938
 0 0.290969
 0 0.365485
 0 0.36544
 0 0.230447
 0 0.276633
 0 0.318096
 0 0.375761
 0 0.232149
 0 0.229442
 0 0.289957
 0 0.287428
 0 0.2289
 0 0.324121
 0 0.271927
 0 0.288185
 0 0.279745
 0 0.307795
 0 0.411376
 0 0.275039
 0 0.326198
 0 0.265525
 0 0.182419
 0 0.242569
 0 0.300429
 0 0.30526
 0 0.272572
 0 0.242935
 0 0.295823
 0 0.346227
 0 0.252922
 0 0.289852
 0 0.333416
 0 0.201506
 0 0.291475
 0 0.349802
 0 0.287502
 0 0.339051
 0 0.326135
 0 0.257907
 0 0.277291
 0 0.274045
 0 0.2762
 0 0.349195
 0 0.349779
 0 0.253629
 0 0.357167
 0 0.241954
 0 0.299115
 0 0.280791
 0 0.279779
 0 0.255106
 0 0.344234
 0 0.293963
 0 0.258835
 0 0.344913
 0 0.283213
 0 0.302007
 0 0.27323
 0 0.315897
 0 0.327027
 0 0.241818
 0 0.2584
 0 0.289321
 0 0.254606
 0 0.332053
 0 0.193563
 0 0.322185
 0 0.330409
 0 0.199209
 0 0.252695
 0 0.308488
 0 0.251282
 0 0.283894
 0 0.203257
 0 0.294953
 0 0.305832
 0 0.370743
 0 0.280502
 0 0.288828
 0 0.332325
 0 0.256203
 0 0.285155
 0 0.207564
 0 0.234804
 0 0.250354
 0 0.233536
 0 0.331369
 0 0.331549
 0 0.3221
 0 0.356271
 0 0.328903
 0 0.237048
 0 0.27924
 0 0.279469
 0 0.282934
 0 0.283339
 0 0.263925
 0 0.291522
 0 0.296164
 0 0.325132
 0 0.338198
 0 0.212586
 0 0.363039
 0 0.270425
 0 0.264531
 0 0.311199
 0 0.366501
 0 0.236429
 0 0.278181
 0 0.206585
 0 0.220947
 0 0.272956
 0 0.32662
 0 0.371975
 0 0.275093
 0 0.280948
 0 0.204378
 0 0.292272
 0 0.245751
 0 0.276871
 0 0.215016
 0 0.275232
 0 0.272656
 0 0.27772
 0 0.293046
 0 0.21124
 0 0.379113
 0 0.267924
 0 0.245044
 0 0.274027
 0 0.333866
 0 0.264083
 0 0.258095
 0 0.26536
 0 0.289557
 0 0.265105
 0 0.308788
 0 0.316611
 0 0.283292
 0 0.387367
 0 0.304126
 0 0.251027
 0 0.283781
 0 0.340866
 0 0.29897
 0 0.2676
 0 0.230133
 0 0.328849
 0 0.358843
 0 0.300613
 0 0.273937
 0 0.250198
 0 0.27415
 0 0.320025
 0 0.287079
 0 0.263646
 0 0.359773
 0 0.250535
 0 0.214165
 0 0.308378
 0 0.396342
 0 0.214874
 0 0.23034
 0 0.312296
 0 0.255867
 0 0.360272
 0 0.281899
 0 0.211784
 0 0.273637
 0 0.287392
 0 0.227458
 0 0.161516
 0 0.387545
 0 0.292943
 0 0.0906459
 0 0.308859
 0 0.352226
 0 0.21795
 0 0.330388
 0 0.324461
 0 0.264272
 0 0.280813
 0 0.247517
 0 0.256955
 0 0.274561
 0 0.323287
 0 0.377885
 0 0.27476
 0 0.254171
 0 0.197535
 0 0.344375
 0 0.289754
 0 0.284199
 0 0.296672
 0 0.274803
 0 0.347935
 0 0.311253
 0 0.249876
 0 0.25227
 0 0.353517
 0 0.390049
 0 0.255118
 0 0.314969
 0 0.366945
 0 0.218432
 0 0.269647
 0 0.315726
 0 0.244431
 0 0.27527
 0 0.176265
 0 0.242939
 0 0.257692
 0 0.260978
 0 0.279053
 0 0.279717
 0 0.32151
 0 0.240042
 0 0.26562
 0 0.273453
 0 0.320711
 0 0.348685
 0 0.34295
 0 0.33114
 0 0.381473
 0 0.257523
 0 0.340547
 0 0.365667
 0 0.237817
 0 0.178258
 0 0.261869
 0 0.305775
 0 0.338727
 0 0.31935
 0 0.309932
 0 0.339098
 0 0.273899
 0 0.317841
 0 0.280813
 0 0.245295
 0 0.305734
 0 0.276953
 0 0.291483
 0 0.321446
 0 0.299692
 0 0.334664
 0 0.155773
 0 0.262935
 0 0.276222
 0 0.277806
 0 0.263329
 0 0.238497
 0 0.230066
 0 0.3218
 0 0.335455
 0 0.292064
 0 0.283266
 0 0.252249
 0 0.306452
 0 0.372918
 0 0.204824
 0 0.378202
 0 0.287876
 0 0.307286
 0 0.329486
 0 0.22171
 0 0.319864
 0 0.325598
 0 0.300766
 0 0.202979
 0 0.308342
 0 0.259743
 0 0.28703
 0 0.23004
 0 0.33568
 0 0.269683
 0 0.296441
 0 0.252692
 0 0.351703
 0 0.262885
 0 0.314365
 0 0.29889
 0 0.319206
 0 0.2446
 0 0.332223
 0 0.273297
 0 0.177193
 0 0.269004
 0 0.22722
 0 0.303318
 0 0.326043
 0 0.352385
 0 0.295453
 0 0.256029
 0 0.238452
 0 0.252648
 0 0.337902
 0 0.255194
 0 0.353456
 0 0.203712
 0 0.213199
 0 0.346467
 0 0.372978
 0 0.274314
 0 0.26897
 0 0.224456
 0 0.241491
 0 0.328958
 0 0.263462
 0 0.310423
 0 0.312337
 0 0.301904
 0 0.261953
 0 0.322638
 0 0.355285
 0 0.352121
 0 0.241343
 0 0.273316
 0 0.331822
 0 0.324948
 0 0.200107
 0 0.258344
 0 0.343588
 0 0.312179
 0 0.28132
 0 0.255384
 0 0.334657
 0 0.277542
 0 0.318846
 0 0.229768
 0 0.242901
 0 0.263923
 0 0.242725
 0 0.279949
 0 0.359625
 0 0.273157
 0 0.368525
 0 0.316079
 0 0.28912
 0 0.280063
 0 0.384292
 0 0.318396
 0 0.333003
 0 0.365601
 0 0.326463
 0 0.277664
 0 0.362562
 0 0.317352
 0 0.294662
 0 0.296327
 0 0.250462
 0 0.320698
 0 0.218862
 0 0.275487
 0 0.289593
 0 0.270583
 0 0.239577
 0 0.335004
 0 0.2541
 0 0.318407
 0 0.232625
 0 0.338893
 0 0.241332
 0 0.260281
 0 0.258044
 0 0.342577
 0 0.303305
 0 0.304771
 0 0.378035
 0 0.355686
 0 0.235666
 0 0.250918
 0 0.346834
 0 0.329861
 0 0.304323
 0 0.302902
 0 0.37476
 0 0.277553
 0 0.317909
 0 0.23057
 0 0.340258
 0 0.203508
 0 0.229811
 0 0.221681
 0 0.266139
 0 0.266481
 0 0.278326
 0 0.354614
 0 0.199087
 0 0.337632
 0 0.220266
 0 0.35402
 0 0.28885
 0 0.318728
 0 0.193361
 0 0.269552
 0 0.19407
 0 0.422334
 0 0.238034
 0 0.327484
 0 0.238694
 0 0.346784
 0 0.192858
 0 0.304099
 0 0.294585
 0 0.346609
 0 0.351853
 0 0.154326
 0 0.301456
 0 0.298704
 0 0.158089
 0 0.257294
 0 0.236335
 0 0.343514
 0 0.284329
 0 0.323467
 0 0.339505
 0 0.340449
 0 0.220062
 0 0.291863
 0 0.304441
 0 0.328086
 0 0.298676
 0 0.321932
 0 0.238484
 0 0.288247
 0 0.354781
 0 0.246499
 0 0.358746
 0 0.36323
 0 0.20884
 0 0.359447
 0 0.268856
 0 0.344092
 0 0.328174
 0 0.277174
 0 0.287752
 0 0.310333
 0 0.361282
 0 0.227885
 0 0.262896
 0 0.384086
 0 0.281151
 0 0.405617
 0 0.207892
 0 0.219302
 0 0.292825
 0 0.26796
 0 0.320359
 0 0.342217
 0 0.290241
 0 0.302037
 0 0.292739
 0 0.298768
 0 0.262504
 0 0.298007
 0 0.258063
 0 0.339887
 0 0.290898
 0 0.274184
 0 0.326054
 0 0.300425
 0 0.267261
 0 0.365119
 0 0.285397
 0 0.254836
 0 0.349819
 0 0.230514
 0 0.281908
 0 0.24139
 0 0.309724
 0 0.317374
 0 0.315061
 0 0.269209
 0 0.236594
 0 0.271709
 0 0.235299
 0 0.269417
 0 0.246996
 0 0.233345
 0 0.231532
 0 0.319873
 0 0.205002
 0 0.271361
 0 0.252843
 0 0.266713
 0 0.294137
 0 0.348128
 0 0.321463
 0 0.247369
 0 0.278944
 0 0.228247
 0 0.240683
 0 0.33176
 0 0.269818
 0 0.30564
 0 0.261951
 0 0.301872
 0 0.366833
 0 0.24453
 0 0.177739
 0 0.29343
 0 0.260886
 0 0.299902
 0 0.378481
 0 0.319358
 0 0.290945
 0 0.313919
 0 0.315072
 0 0.348263
 0 0.287233
 0 0.239247
 0 0.22563
 0 0.176841
 0 0.329065
 0 0.319065
 0 0.240979
 0 0.308786
 0 0.304069
 0 0.350977
 0 0.228731
 0 0.384457
 0 0.237968
 0 0.327218
 0 0.241216
 0 0.290622
 0 0.3222
 0 0.189371
 0 0.315584
 0 0.342116
 0 0.30616
 0 0.324217
 0 0.351403
 0 0.324586
 0 0.320289
 0 0.308224
 0 0.302617
 0 0.283579
 0 0.279235
 0 0.204416
 0 0.247356
 0 0.278755
 0 0.286634
 0 0.378183
 0 0.250685
 0 0.354779
 0 0.30361
 0 0.329803
 0 0.356877
 0 0.31746
 0 0.358097
 0 0.384017
 0 0.257114
 0 0.239723
 0 0.307759
 0 0.26475
 0 0.331219
 0 0.416723
 0 0.280431
 0 0.269062
 0 0.351281
 0 0.277611
 0 0.386851
 0 0.288061
 0 0.275017
 0 0.251143
 0 0.253136
 0 0.321562
 0 0.282373
 0 0.205197
 0 0.350706
 0 0.244296
 0 0.296647
 0 0.23186
 0 0.31927
 0 0.286663
 0 0.25739
 0 0.267264
 0 0.291503
 0 0.223761
 0 0.257125
 0 0.27556
 0 0.330381
 0 0.323735
 0 0.379857
 0 0.222088
