603 1 0 0 1
 0 0.276222
 0 0.289867
 0 0.253251
 0 0.245349
 0 0.255763
 0 0.290304
 0 0.25955
 0 0.329218
 0 0.243543
 0 0.239242
 0 0.277972
 0 0.32886
 0 0.190192
 0 0.218213
 0 0.274527
 0 0.22498
 0 0.246351
 0 0.272546
 0 0.240069
 0 0.227385
 0 0.25955
 0 0.254869
 0 0.274055
 0 0.260983
 0 0.233444
 0 0.235197
 0 0.242374
 0 0.244987
 0 0.274266
 0 0.246997
 0 0.274862
 0 0.291301
 0 0.291244
 0 0.254362
 0 0.281037
 0 0.276315
 0 0.284644
 0 0.247998
 0 0.226197
 0 0.232962
 0 0.231109
 0 0.245148
 0 0.278982
 0 0.265215
 0 0.242314
 0 0.241558
 0 0.263656
 0 0.302662
 0 0.25938
 0 0.278573
 0 0.188162
 0 0.228983
 0 0.288424
 0 0.259526
 0 0.232722
 0 0.325572
 0 0.262074
 0 0.243081
 0 0.264157
 0 0.27355
 0 0.288652
 0 0.253226
 0 0.286183
 0 0.310583
 0 0.270378
 0 0.26076
 0 0.257502
 0 0.243738
 0 0.264046
 0 0.28491
 0 0.252625
 0 0.288371
 0 0.291912
 0 0.285235
 0 0.31959
 0 0.234635
 0 0.271342
 0 0.274882
 0 0.261759
 0 0.30581
 0 0.288693
 0 0.251519
 0 0.269661
 0 0.200439
 0 0.26244
 0 0.260735
 0 0.29545
 0 0.298498
 0 0.223911
 0 0.266363
 0 0.259011
 0 0.251722
 0 0.293217
 0 0.263728
 0 0.297469
 0 0.273447
 0 0.295032
 0 0.26658
 0 0.261435
 0 0.259175
 0 0.278492
 0 0.231953
 0 0.249013
 0 0.260417
 0 0.297668
 0 0.251259
 0 0.269035
 0 0.260299
 0 0.280994
 0 0.276423
 0 0.231283
 0 0.288968
 0 0.27642
 0 0.292752
 0 0.24044
 0 0.295359
 0 0.261448
 0 0.297606
 0 0.231654
 0 0.257279
 0 0.250805
 0 0.259011
 0 0.251966
 0 0.303348
 0 0.283455
 0 0.283015
 0 0.213164
 0 0.26713
 0 0.220737
 0 0.222235
 0 0.299675
 0 0.28029
 0 0.293213
 0 0.276753
 0 0.278303
 0 0.244869
 0 0.295915
 0 0.247611
 0 0.262309
 0 0.289654
 0 0.291503
 0 0.284242
 0 0.28092
 0 0.250026
 0 0.254355
 0 0.234472
 0 0.227733
 0 0.255524
 0 0.288496
 0 0.278801
 0 0.244679
 0 0.259387
 0 0.302772
 0 0.255842
 0 0.264678
 0 0.239231
 0 0.305157
 0 0.270917
 0 0.243869
 0 0.256094
 0 0.276575
 0 0.258231
 0 0.263095
 0 0.325141
 0 0.28815
 0 0.256266
 0 0.273141
 0 0.235423
 0 0.300214
 0 0.284012
 0 0.243601
 0 0.243948
 0 0.231343
 0 0.245121
 0 0.282554
 0 0.27814
 0 0.319581
 0 0.297715
 0 0.282557
 0 0.229135
 0 0.23221
 0 0.297483
 0 0.263639
 0 0.277006
 0 0.269077
 0 0.251328
 0 0.232816
 0 0.249538
 0 0.244428
 0 0.233274
 0 0.293651
 0 0.29011
 0 0.186113
 0 0.274999
 0 0.287273
 0 0.302039
 0 0.289699
 0 0.260757
 0 0.225523
 0 0.238277
 0 0.240682
 0 0.264244
 0 0.276398
 0 0.293904
 0 0.283996
 0 0.258656
 0 0.281218
 0 0.231605
 0 0.235854
 0 0.28014
 0 0.241531
 0 0.301925
 0 0.27302
 0 0.27123
 0 0.315814
 0 0.262546
 0 0.256132
 0 0.304084
 0 0.273791
 0 0.227995
 0 0.265219
 0 0.277601
 0 0.263933
 0 0.289612
 0 0.219912
 0 0.305933
 0 0.285974
 0 0.268492
 0 0.231102
 0 0.292377
 0 0.252107
 0 0.225518
 0 0.203719
 0 0.266647
 0 0.237879
 0 0.281173
 0 0.291959
 0 0.252238
 0 0.252697
 0 0.30405
 0 0.256839
 0 0.242005
 0 0.290161
 0 0.24026
 0 0.26489
 0 0.256365
 0 0.244337
 0 0.278741
 0 0.202612
 0 0.267776
 0 0.235062
 0 0.237656
 0 0.319285
 0 0.228493
 0 0.253944
 0 0.261383
 0 0.239877
 0 0.262693
 0 0.329142
 0 0.284892
 0 0.208167
 0 0.294509
 0 0.273863
 0 0.175713
 0 0.293369
 0 0.268474
 0 0.239432
 0 0.283158
 0 0.268588
 0 0.249261
 0 0.280809
 0 0.265556
 0 0.229629
 0 0.207999
 0 0.227653
 0 0.254686
 0 0.245751
 0 0.234716
 0 0.271474
 0 0.275372
 0 0.229966
 0 0.252415
 0 0.27744
 0 0.316686
 0 0.280169
 0 0.245157
 0 0.259134
 0 0.291889
 0 0.268635
 0 0.286462
 0 0.207413
 0 0.284522
 0 0.252632
 0 0.297717
 0 0.230726
 0 0.347899
 0 0.283563
 0 0.250007
 0 0.240374
 0 0.251244
 0 0.266037
 0 0.296651
 0 0.222181
 0 0.299673
 0 0.263162
 0 0.16304
 0 0.271053
 0 0.286759
 0 0.30376
 0 0.278119
 0 0.255616
 0 0.23487
 0 0.260782
 0 0.290646
 0 0.279923
 0 0.279067
 0 0.24178
 0 0.218327
 0 0.249116
 0 0.293517
 0 0.305251
 0 0.278859
 0 0.2601
 0 0.231234
 0 0.232906
 0 0.234247
 0 0.2457
 0 0.241896
 0 0.202987
 0 0.27313
 0 0.255906
 0 0.271702
 0 0.290825
 0 0.244933
 0 0.244129
 0 0.31107
 0 0.252475
 0 0.237226
 0 0.260618
 0 0.252545
 0 0.289449
 0 0.300816
 0 0.282438
 0 0.239725
 0 0.253445
 0 0.259394
 0 0.257673
 0 0.250012
 0 0.246916
 0 0.22799
 0 0.249042
 0 0.267638
 0 0.274547
 0 0.30287
 0 0.303346
 0 0.248145
 0 0.291478
 0 0.317638
 0 0.34337
 0 0.256155
 0 0.236985
 0 0.282226
 0 0.282199
 0 0.300836
 0 0.28783
 0 0.284501
 0 0.26774
 0 0.254498
 0 0.291731
 0 0.277813
 0 0.298768
 0 0.253419
 0 0.274031
 0 0.268369
 0 0.297382
 0 0.299248
 0 0.277589
 0 0.26865
 0 0.283824
 0 0.248765
 0 0.270342
 0 0.233089
 0 0.310983
 0 0.294811
 0 0.250157
 0 0.250274
 0 0.346967
 0 0.269395
 0 0.297167
 0 0.254311
 0 0.255337
 0 0.246393
 0 0.271091
 0 0.279572
 0 0.263422
 0 0.303114
 0 0.245613
 0 0.259277
 0 0.25406
 0 0.260947
 0 0.272155
 0 0.28285
 0 0.257511
 0 0.238002
 0 0.274237
 0 0.218269
 0 0.265098
 0 0.242785
 0 0.271592
 0 0.279581
 0 0.244746
 0 0.295985
 0 0.265974
 0 0.248134
 0 0.306089
 0 0.231743
 0 0.254567
 0 0.217824
 0 0.29132
 0 0.271033
 0 0.274574
 0 0.219876
 0 0.258171
 0 0.252777
 0 0.23451
 0 0.247821
 0 0.285887
 0 0.227293
 0 0.230894
 0 0.242696
 0 0.259458
 0 0.260067
 0 0.22318
 0 0.259121
 0 0.274979
 0 0.226844
 0 0.204755
 0 0.313614
 0 0.314901
 0 0.27205
 0 0.230333
 0 0.283377
 0 0.238711
 0 0.275184
 0 0.258198
 0 0.279789
 0 0.271
 0 0.248595
 0 0.264548
 0 0.278989
 0 0.269173
 0 0.266614
 0 0.241969
 0 0.261075
 0 0.27936
 0 0.301889
 0 0.214215
 0 0.283321
 0 0.238596
 0 0.293152
 0 0.322207
 0 0.253973
 0 0.191036
 0 0.266457
 0 0.281159
 0 0.257172
 0 0.240036
 0 0.282641
 0 0.25904
 0 0.243483
 0 0.271693
 0 0.286366
 0 0.240964
 0 0.244354
 0 0.288503
 0 0.259765
 0 0.280044
 0 0.254431
 0 0.290774
 0 0.263026
 0 0.2567
 0 0.249532
 0 0.254588
 0 0.236719
 0 0.241201
 0 0.249252
 0 0.264816
 0 0.23743
 0 0.24722
 0 0.28606
 0 0.244363
 0 0.262532
 0 0.272962
 0 0.268351
 0 0.217748
 0 0.235304
 0 0.209054
 0 0.236089
 0 0.246159
 0 0.215057
 0 0.298831
 0 0.316182
 0 0.272613
 0 0.214449
 0 0.259597
 0 0.258602
 0 0.204898
 0 0.278564
 0 0.319133
 0 0.208535
 0 0.265995
 0 0.299441
 0 0.274297
 0 0.307795
 0 0.245363
 0 0.299602
 0 0.276262
 0 0.243939
 0 0.284604
 0 0.241339
 0 0.269902
 0 0.271601
 0 0.282127
 0 0.251765
 0 0.253202
 0 0.284001
 0 0.265746
 0 0.256503
 0 0.294548
 0 0.255406
 0 0.242622
 0 0.290492
 0 0.275233
 0 0.230623
 0 0.247779
 0 0.277533
 0 0.241447
 0 0.245021
 0 0.28599
 0 0.227907
 0 0.312937
 0 0.208352
 0 0.287231
 0 0.309219
 0 0.221052
 0 0.288682
 0 0.275654
 0 0.291966
 0 0.337342
 0 0.254181
 0 0.251176
 0 0.299763
 0 0.237606
 0 0.241102
 0 0.284041
 0 0.259517
 0 0.245083
 0 0.254744
 0 0.270036
 0 0.271266
 0 0.313992
 0 0.241905
 0 0.273955
 0 0.261877
 0 0.276052
 0 0.339987
 0 0.270687
 0 0.270356
 0 0.290067
 0 0.242269
 0 0.279532
 0 0.29214
 0 0.248827
 0 0.264609
 0 0.297216
 0 0.236392
 0 0.253826
 0 0.280757
 0 0.232608
 0 0.272097
 0 0.233049
 0 0.288268
 0 0.259763
 0 0.239958
 0 0.259557
 0 0.257825
 0 0.247148
 0 0.303959
 0 0.247984
 0 0.292515
 0 0.24401
 0 0.211242
 0 0.265058
 0 0.236987
 0 0.272727
 0 0.271483
 0 0.283795
 0 0.248733
 0 0.26848
 0 0.283641
 0 0.257746
 0 0.289963
 0 0.262139
