603 1 0 0 1
 0 0.197027
 0 0.192813
 0 0.183031
 0 0.175527
 0 0.162168
 0 0.200853
 0 0.179181
 0 0.184795
 0 0.226981
 0 0.166076
 0 0.233267
 0 0.225352
 0 0.161138
 0 0.144248
 0 0.224531
 0 0.175048
 0 0.183075
 0 0.191555
 0 0.15899
 0 0.206069
 0 0.243576
 0 0.194216
 0 0.219646
 0 0.18219
 0 0.114798
 0 0.179605
 0 0.195231
 0 0.151043
 0 0.204874
 0 0.198987
 0 0.187688
 0 0.163116
 0 0.125602
 0 0.206606
 0 0.20669
 0 0.175517
 0 0.208504
 0 0.216989
 0 0.138407
 0 0.16314
 0 0.184815
 0 0.238171
 0 0.157495
 0 0.137797
 0 0.166925
 0 0.186244
 0 0.186985
 0 0.157483
 0 0.177505
 0 0.191141
 0 0.149389
 0 0.176102
 0 0.17347
 0 0.236872
 0 0.165974
 0 0.204878
 0 0.239512
 0 0.182534
 0 0.190933
 0 0.23023
 0 0.136056
 0 0.217242
 0 0.188619
 0 0.195049
 0 0.221637
 0 0.135719
 0 0.171872
 0 0.174923
 0 0.188682
 0 0.190419
 0 0.211553
 0 0.172555
 0 0.191819
 0 0.169287
 0 0.24297
 0 0.157546
 0 0.164858
 0 0.183015
 0 0.133037
 0 0.201451
 0 0.19308
 0 0.170276
 0 0.138801
 0 0.164988
 0 0.185751
 0 0.175707
 0 0.165419
 0 0.173505
 0 0.162592
 0 0.164956
 0 0.177577
 0 0.229867
 0 0.20901
 0 0.245529
 0 0.155902
 0 0.220902
 0 0.162471
 0 0.23301
 0 0.192389
 0 0.221757
 0 0.181165
 0 0.140076
 0 0.230829
 0 0.168551
 0 0.182375
 0 0.175031
 0 0.21962
 0 0.136578
 0 0.144224
 0 0.243517
 0 0.148577
 0 0.174352
 0 0.20991
 0 0.203299
 0 0.157062
 0 0.245579
 0 0.222529
 0 0.178224
 0 0.150622
 0 0.256527
 0 0.163022
 0 0.132551
 0 0.171227
 0 0.197618
 0 0.186941
 0 0.221102
 0 0.204878
 0 0.136385
 0 0.166384
 0 0.21819
 0 0.20507
 0 0.185671
 0 0.169846
 0 0.215764
 0 0.186311
 0 0.15266
 0 0.208006
 0 0.169317
 0 0.156986
 0 0.223781
 0 0.0956819
 0 0.216646
 0 0.201377
 0 0.208914
 0 0.0969706
 0 0.177779
 0 0.189955
 0 0.179675
 0 0.131809
 0 0.158812
 0 0.195053
 0 0.205396
 0 0.193776
 0 0.184913
 0 0.198845
 0 0.175808
 0 0.170887
 0 0.22753
 0 0.21043
 0 0.146863
 0 0.206024
 0 0.201357
 0 0.174651
 0 0.202982
 0 0.229542
 0 0.136368
 0 0.195984
 0 0.154962
 0 0.190224
 0 0.161858
 0 0.169973
 0 0.121964
 0 0.175077
 0 0.192724
 0 0.220804
 0 0.191684
 0 0.223195
 0 0.244936
 0 0.223686
 0 0.180844
 0 0.159973
 0 0.227761
 0 0.184649
 0 0.161063
 0 0.219341
 0 0.151238
 0 0.200905
 0 0.230778
 0 0.193106
 0 0.13799
 0 0.214711
 0 0.244144
 0 0.185674
 0 0.250477
 0 0.20084
 0 0.218693
 0 0.134299
 0 0.206086
 0 0.201543
 0 0.220311
 0 0.210295
 0 0.205347
 0 0.19205
 0 0.200735
 0 0.201151
 0 0.180625
 0 0.173517
 0 0.181027
 0 0.19546
 0 0.198141
 0 0.102759
 0 0.185753
 0 0.180041
 0 0.133912
 0 0.219459
 0 0.188166
 0 0.213464
 0 0.204026
 0 0.222849
 0 0.181641
 0 0.218926
 0 0.202224
 0 0.226433
 0 0.194622
 0 0.174364
 0 0.194252
 0 0.222847
 0 0.161352
 0 0.198063
 0 0.224763
 0 0.172663
 0 0.149098
 0 0.072543
 0 0.198052
 0 0.162774
 0 0.15502
 0 0.211388
 0 0.186473
 0 0.139367
 0 0.200664
 0 0.142218
 0 0.190958
 0 0.156204
 0 0.164839
 0 0.194512
 0 0.180758
 0 0.198468
 0 0.203086
 0 0.185216
 0 0.145145
 0 0.140548
 0 0.201634
 0 0.269631
 0 0.141152
 0 0.167432
 0 0.176171
 0 0.209756
 0 0.144821
 0 0.193766
 0 0.209922
 0 0.187522
 0 0.188759
 0 0.19238
 0 0.16476
 0 0.186367
 0 0.202902
 0 0.148586
 0 0.212302
 0 0.215007
 0 0.193963
 0 0.165869
 0 0.191393
 0 0.154719
 0 0.176025
 0 0.192601
 0 0.228114
 0 0.165512
 0 0.186477
 0 0.211068
 0 0.154966
 0 0.201298
 0 0.23435
 0 0.184921
 0 0.189545
 0 0.168434
 0 0.145754
 0 0.2054
 0 0.197623
 0 0.214265
 0 0.225508
 0 0.160941
 0 0.189384
 0 0.2265
 0 0.175301
 0 0.139893
 0 0.231465
 0 0.211967
 0 0.199495
 0 0.173756
 0 0.177907
 0 0.264076
 0 0.162486
 0 0.186443
 0 0.164413
 0 0.231803
 0 0.14395
 0 0.19219
 0 0.223167
 0 0.185306
 0 0.228326
 0 0.18911
 0 0.193338
 0 0.209055
 0 0.185279
 0 0.209568
 0 0.179786
 0 0.248346
 0 0.172976
 0 0.132411
 0 0.225994
 0 0.195154
 0 0.220188
 0 0.175332
 0 0.177844
 0 0.186929
 0 0.177541
 0 0.196773
 0 0.180392
 0 0.120062
 0 0.202378
 0 0.208269
 0 0.173344
 0 0.164634
 0 0.208336
 0 0.188523
 0 0.193292
 0 0.198295
 0 0.206447
 0 0.206556
 0 0.155501
 0 0.210441
 0 0.193764
 0 0.175561
 0 0.198976
 0 0.187327
 0 0.195138
 0 0.199433
 0 0.169208
 0 0.174018
 0 0.205254
 0 0.16293
 0 0.220527
 0 0.186544
 0 0.159815
 0 0.200053
 0 0.156095
 0 0.185229
 0 0.208365
 0 0.195275
 0 0.149478
 0 0.168753
 0 0.191939
 0 0.182117
 0 0.164401
 0 0.173168
 0 0.218554
 0 0.138022
 0 0.157748
 0 0.216908
 0 0.197175
 0 0.179023
 0 0.139154
 0 0.217226
 0 0.214701
 0 0.164095
 0 0.15662
 0 0.219607
 0 0.204731
 0 0.182616
 0 0.192745
 0 0.212655
 0 0.12541
 0 0.21834
 0 0.219146
 0 0.152818
 0 0.180573
 0 0.200699
 0 0.184942
 0 0.198805
 0 0.192654
 0 0.172399
 0 0.133333
 0 0.216166
 0 0.166787
 0 0.196666
 0 0.223265
 0 0.177925
 0 0.160311
 0 0.23987
 0 0.18307
 0 0.163635
 0 0.192924
 0 0.181615
 0 0.137032
 0 0.203145
 0 0.170892
 0 0.166379
 0 0.140685
 0 0.232061
 0 0.224964
 0 0.117358
 0 0.209975
 0 0.187284
 0 0.183467
 0 0.155224
 0 0.174998
 0 0.195371
 0 0.154257
 0 0.136273
 0 0.207102
 0 0.214403
 0 0.213033
 0 0.236412
 0 0.184665
 0 0.179425
 0 0.201605
 0 0.176011
 0 0.163842
 0 0.168787
 0 0.201634
 0 0.219206
 0 0.228783
 0 0.165536
 0 0.190797
 0 0.180801
 0 0.15443
 0 0.157007
 0 0.220883
 0 0.169795
 0 0.27089
 0 0.1853
 0 0.205265
 0 0.151096
 0 0.181906
 0 0.188378
 0 0.192129
 0 0.186225
 0 0.155908
 0 0.162887
 0 0.203078
 0 0.173594
 0 0.22117
 0 0.199592
 0 0.186862
 0 0.179242
 0 0.199534
 0 0.217909
 0 0.193959
 0 0.166593
 0 0.186023
 0 0.187668
 0 0.226478
 0 0.141118
 0 0.197195
 0 0.165928
 0 0.185377
 0 0.183067
 0 0.201182
 0 0.227558
 0 0.20656
 0 0.154238
 0 0.197158
 0 0.178364
 0 0.193131
 0 0.223068
 0 0.137939
 0 0.165962
 0 0.208391
 0 0.219399
 0 0.187794
 0 0.147327
 0 0.21468
 0 0.187153
 0 0.186561
 0 0.168188
 0 0.152198
 0 0.157823
 0 0.210358
 0 0.185305
 0 0.187825
 0 0.152411
 0 0.135312
 0 0.170513
 0 0.207287
 0 0.173659
 0 0.197763
 0 0.168188
 0 0.132531
 0 0.194911
 0 0.14931
 0 0.209484
 0 0.20842
 0 0.170881
 0 0.174841
 0 0.187988
 0 0.220621
 0 0.219624
 0 0.231643
 0 0.217543
 0 0.150604
 0 0.182504
 0 0.194783
 0 0.184921
 0 0.191886
 0 0.236976
 0 0.237894
 0 0.165454
 0 0.205668
 0 0.198253
 0 0.18364
 0 0.15961
 0 0.178058
 0 0.192361
 0 0.154572
 0 0.215974
 0 0.177747
 0 0.141159
 0 0.239728
 0 0.209342
 0 0.162784
 0 0.15893
 0 0.200975
 0 0.199551
 0 0.190106
 0 0.216722
 0 0.21499
 0 0.141832
 0 0.145288
 0 0.216564
 0 0.233584
 0 0.196603
 0 0.179634
 0 0.198254
 0 0.237491
 0 0.209258
 0 0.116818
 0 0.205776
 0 0.232935
 0 0.175738
 0 0.186484
 0 0.179759
 0 0.187141
 0 0.19251
 0 0.141058
 0 0.222982
 0 0.17494
 0 0.19949
 0 0.14024
 0 0.201278
 0 0.178719
 0 0.237036
 0 0.173624
 0 0.169928
 0 0.232718
 0 0.133498
 0 0.201726
 0 0.133707
 0 0.211409
 0 0.227912
 0 0.173754
 0 0.168869
 0 0.154254
 0 0.137749
 0 0.141777
 0 0.232928
 0 0.163335
 0 0.214503
 0 0.188046
 0 0.203465
 0 0.217175
 0 0.165909
 0 0.206871
 0 0.168826
 0 0.163042
 0 0.173772
 0 0.156102
 0 0.180719
 0 0.176393
 0 0.228801
 0 0.216556
 0 0.17717
 0 0.224317
 0 0.154601
 0 0.1896
 0 0.157657
 0 0.184081
 0 0.189148
 0 0.202696
 0 0.186602
 0 0.163703
 0 0.192103
 0 0.182747
 0 0.222958
