600 1 0 0 1
 0 0.177208
 0 0.151193
 0 0.132333
 0 0.131943
 0 0.138037
 0 0.192331
 0 0.150042
 0 0.185347
 0 0.115552
 0 0.152122
 0 0.211737
 0 0.128128
 0 0.135551
 0 0.135339
 0 0.164286
 0 0.175865
 0 0.158152
 0 0.147527
 0 0.120884
 0 0.174101
 0 0.201762
 0 0.179386
 0 0.136489
 0 0.160535
 0 0.158748
 0 0.137533
 0 0.133767
 0 0.138706
 0 0.154317
 0 0.0926734
 0 0.193531
 0 0.1556
 0 0.190628
 0 0.121304
 0 0.181966
 0 0.132123
 0 0.182582
 0 0.145386
 0 0.155733
 0 0.18261
 0 0.15263
 0 0.13696
 0 0.102474
 0 0.138105
 0 0.160288
 0 0.183725
 0 0.171081
 0 0.201323
 0 0.190462
 0 0.138128
 0 0.135702
 0 0.133372
 0 0.150197
 0 0.126857
 0 0.148996
 0 0.155069
 0 0.204521
 0 0.119373
 0 0.145164
 0 0.138999
 0 0.163447
 0 0.20037
 0 0.143972
 0 0.175121
 0 0.145561
 0 0.146939
 0 0.141845
 0 0.169555
 0 0.151051
 0 0.110198
 0 0.13399
 0 0.168176
 0 0.184998
 0 0.162826
 0 0.179678
 0 0.139055
 0 0.179323
 0 0.186104
 0 0.166038
 0 0.189211
 0 0.15678
 0 0.128351
 0 0.159222
 0 0.0833641
 0 0.129783
 0 0.129899
 0 0.151288
 0 0.14631
 0 0.147721
 0 0.12367
 0 0.180056
 0 0.150738
 0 0.147219
 0 0.181132
 0 0.185884
 0 0.172302
 0 0.184109
 0 0.165235
 0 0.150952
 0 0.149458
 0 0.129677
 0 0.14065
 0 0.149901
 0 0.148846
 0 0.163297
 0 0.173588
 0 0.164088
 0 0.141149
 0 0.148314
 0 0.180877
 0 0.11849
 0 0.121336
 0 0.147455
 0 0.146069
 0 0.132717
 0 0.193007
 0 0.161777
 0 0.173453
 0 0.12237
 0 0.156279
 0 0.116329
 0 0.141391
 0 0.146522
 0 0.207621
 0 0.15908
 0 0.122447
 0 0.166858
 0 0.154511
 0 0.14913
 0 0.144665
 0 0.119531
 0 0.180743
 0 0.164574
 0 0.157431
 0 0.142397
 0 0.173805
 0 0.143918
 0 0.111858
 0 0.147505
 0 0.167811
 0 0.127733
 0 0.153023
 0 0.12879
 0 0.230746
 0 0.136344
 0 0.141856
 0 0.156981
 0 0.137232
 0 0.163105
 0 0.163268
 0 0.167414
 0 0.159286
 0 0.156016
 0 0.185049
 0 0.130172
 0 0.185208
 0 0.164851
 0 0.156741
 0 0.1561
 0 0.2042
 0 0.195958
 0 0.173148
 0 0.164923
 0 0.16198
 0 0.141922
 0 0.156713
 0 0.129594
 0 0.156711
 0 0.175637
 0 0.20507
 0 0.157512
 0 0.141555
 0 0.151216
 0 0.173671
 0 0.146805
 0 0.162909
 0 0.191127
 0 0.194512
 0 0.131668
 0 0.150439
 0 0.181222
 0 0.129002
 0 0.171851
 0 0.149397
 0 0.109882
 0 0.144025
 0 0.129934
 0 0.126107
 0 0.153585
 0 0.15514
 0 0.175148
 0 0.118124
 0 0.133628
 0 0.175193
 0 0.13532
 0 0.130342
 0 0.126304
 0 0.136256
 0 0.167444
 0 0.151166
 0 0.13483
 0 0.133754
 0 0.18434
 0 0.127639
 0 0.130336
 0 0.14688
 0 0.11242
 0 0.127314
 0 0.145583
 0 0.136605
 0 0.153214
 0 0.153523
 0 0.173512
 0 0.16933
 0 0.155265
 0 0.139418
 0 0.179325
 0 0.148241
 0 0.167299
 0 0.207132
 0 0.173921
 0 0.142866
 0 0.152761
 0 0.139135
 0 0.181246
 0 0.157556
 0 0.12957
 0 0.140556
 0 0.14465
 0 0.169361
 0 0.113302
 0 0.116544
 0 0.129601
 0 0.144877
 0 0.133202
 0 0.17909
 0 0.148749
 0 0.1492
 0 0.190737
 0 0.152598
 0 0.151258
 0 0.159381
 0 0.163686
 0 0.139978
 0 0.154517
 0 0.146831
 0 0.139314
 0 0.118449
 0 0.16408
 0 0.193153
 0 0.134651
 0 0.178174
 0 0.186751
 0 0.140974
 0 0.157333
 0 0.196729
 0 0.168893
 0 0.181815
 0 0.150009
 0 0.116637
 0 0.144019
 0 0.152705
 0 0.114464
 0 0.170653
 0 0.176232
 0 0.140348
 0 0.140674
 0 0.174593
 0 0.20524
 0 0.183743
 0 0.159624
 0 0.134682
 0 0.145505
 0 0.11427
 0 0.172417
 0 0.17692
 0 0.140003
 0 0.172393
 0 0.170832
 0 0.123122
 0 0.163323
 0 0.203111
 0 0.182426
 0 0.211654
 0 0.158865
 0 0.160688
 0 0.157665
 0 0.15706
 0 0.176752
 0 0.135453
 0 0.160752
 0 0.140824
 0 0.15072
 0 0.173294
 0 0.172681
 0 0.1869
 0 0.1401
 0 0.154924
 0 0.15875
 0 0.146016
 0 0.148005
 0 0.168728
 0 0.124191
 0 0.178025
 0 0.126656
 0 0.165452
 0 0.141481
 0 0.2034
 0 0.139559
 0 0.131375
 0 0.148877
 0 0.154103
 0 0.189496
 0 0.167779
 0 0.151933
 0 0.127887
 0 0.185248
 0 0.111234
 0 0.165781
 0 0.125391
 0 0.141736
 0 0.141848
 0 0.184849
 0 0.152491
 0 0.110776
 0 0.147348
 0 0.164505
 0 0.135216
 0 0.131664
 0 0.183214
 0 0.162325
 0 0.121488
 0 0.129794
 0 0.173638
 0 0.163398
 0 0.144451
 0 0.175713
 0 0.171074
 0 0.174725
 0 0.150119
 0 0.148555
 0 0.221555
 0 0.194129
 0 0.123347
 0 0.192009
 0 0.108487
 0 0.14271
 0 0.164328
 0 0.165142
 0 0.161905
 0 0.118032
 0 0.194458
 0 0.180431
 0 0.129262
 0 0.151078
 0 0.20957
 0 0.171908
 0 0.178654
 0 0.175772
 0 0.162994
 0 0.176157
 0 0.153434
 0 0.158196
 0 0.171494
 0 0.144148
 0 0.154026
 0 0.165214
 0 0.134193
 0 0.175365
 0 0.135624
 0 0.166219
 0 0.114618
 0 0.226536
 0 0.147079
 0 0.195387
 0 0.161443
 0 0.13209
 0 0.142255
 0 0.189613
 0 0.134708
 0 0.194544
 0 0.182739
 0 0.176826
 0 0.140704
 0 0.189652
 0 0.149532
 0 0.161572
 0 0.175277
 0 0.155888
 0 0.118653
 0 0.144937
 0 0.151534
 0 0.146654
 0 0.218019
 0 0.130389
 0 0.161161
 0 0.155783
 0 0.144314
 0 0.180725
 0 0.174409
 0 0.141389
 0 0.15644
 0 0.19706
 0 0.191794
 0 0.132795
 0 0.132703
 0 0.180571
 0 0.179548
 0 0.140777
 0 0.111782
 0 0.143138
 0 0.119506
 0 0.207345
 0 0.0784501
 0 0.162581
 0 0.107944
 0 0.132247
 0 0.114184
 0 0.151072
 0 0.151853
 0 0.125526
 0 0.171981
 0 0.0959486
 0 0.157529
 0 0.191945
 0 0.153196
 0 0.146141
 0 0.126051
 0 0.163936
 0 0.14528
 0 0.153846
 0 0.171929
 0 0.160305
 0 0.165467
 0 0.170896
 0 0.197472
 0 0.175927
 0 0.19455
 0 0.162696
 0 0.16955
 0 0.113634
 0 0.13969
 0 0.122107
 0 0.137371
 0 0.1771
 0 0.144212
 0 0.152228
 0 0.142604
 0 0.155907
 0 0.16019
 0 0.179801
 0 0.164023
 0 0.154923
 0 0.150447
 0 0.110471
 0 0.158048
 0 0.127907
 0 0.147744
 0 0.175958
 0 0.125937
 0 0.151609
 0 0.191383
 0 0.171473
 0 0.175498
 0 0.131627
 0 0.187819
 0 0.157993
 0 0.134825
 0 0.151681
 0 0.172239
 0 0.0935683
 0 0.13511
 0 0.194824
 0 0.180702
 0 0.165177
 0 0.176426
 0 0.194831
 0 0.123749
 0 0.134668
 0 0.165052
 0 0.126244
 0 0.169432
 0 0.151062
 0 0.140521
 0 0.160904
 0 0.152134
 0 0.159198
 0 0.1871
 0 0.14678
 0 0.138578
 0 0.145442
 0 0.159999
 0 0.138329
 0 0.186476
 0 0.11545
 0 0.145742
 0 0.142171
 0 0.180013
 0 0.155891
 0 0.147818
 0 0.140298
 0 0.164609
 0 0.156556
 0 0.20468
 0 0.159938
 0 0.198724
 0 0.168023
 0 0.174347
 0 0.105583
 0 0.193835
 0 0.128531
 0 0.166284
 0 0.175297
 0 0.178447
 0 0.177866
 0 0.131351
 0 0.14251
 0 0.143532
 0 0.164399
 0 0.155302
 0 0.132999
 0 0.149886
 0 0.171997
 0 0.160688
 0 0.132675
 0 0.124582
 0 0.194244
 0 0.150087
 0 0.202735
 0 0.182981
 0 0.140819
 0 0.146674
 0 0.150789
 0 0.130472
 0 0.140992
 0 0.164788
 0 0.111432
 0 0.146747
 0 0.15323
 0 0.154666
 0 0.12713
 0 0.174638
 0 0.143197
 0 0.160043
 0 0.175247
 0 0.146965
 0 0.142858
 0 0.194341
 0 0.102451
 0 0.172894
 0 0.137629
 0 0.167205
 0 0.14773
 0 0.153102
 0 0.143053
 0 0.167783
 0 0.139341
 0 0.164077
 0 0.155968
 0 0.128041
 0 0.172076
 0 0.167181
 0 0.191677
 0 0.193132
 0 0.171139
 0 0.159493
 0 0.135349
 0 0.182846
 0 0.123712
 0 0.137072
 0 0.103482
 0 0.174774
 0 0.172012
 0 0.190031
 0 0.166828
 0 0.173993
 0 0.140229
 0 0.2226
 0 0.167607
 0 0.185294
 0 0.143862
 0 0.161594
 0 0.189533
 0 0.128014
 0 0.177167
 0 0.168946
 0 0.137668
 0 0.167083
 0 0.170028
 0 0.151013
 0 0.113604
 0 0.124223
 0 0.129456
 0 0.153204
 0 0.138611
 0 0.169537
 0 0.154256
 0 0.155621
 0 0.16576
 0 0.147388
