603 1 0 0 1
 0 0.224868
 0 0.227413
 0 0.206331
 0 0.19979
 0 0.220358
 0 0.262663
 0 0.212897
 0 0.248825
 0 0.211321
 0 0.207296
 0 0.246489
 0 0.255946
 0 0.175585
 0 0.199475
 0 0.189045
 0 0.194947
 0 0.218428
 0 0.223591
 0 0.222081
 0 0.26183
 0 0.261806
 0 0.189799
 0 0.214434
 0 0.236551
 0 0.267312
 0 0.190707
 0 0.189263
 0 0.221541
 0 0.220192
 0 0.188974
 0 0.239765
 0 0.211924
 0 0.220596
 0 0.216094
 0 0.231056
 0 0.286311
 0 0.213584
 0 0.240873
 0 0.208509
 0 0.164183
 0 0.196265
 0 0.227127
 0 0.229704
 0 0.212268
 0 0.19646
 0 0.22467
 0 0.251557
 0 0.201787
 0 0.221485
 0 0.244723
 0 0.174363
 0 0.222351
 0 0.253464
 0 0.220232
 0 0.247729
 0 0.240839
 0 0.204446
 0 0.214785
 0 0.213054
 0 0.214203
 0 0.25314
 0 0.253452
 0 0.202164
 0 0.257393
 0 0.195937
 0 0.226426
 0 0.216652
 0 0.216112
 0 0.202952
 0 0.250494
 0 0.223678
 0 0.204941
 0 0.250856
 0 0.217944
 0 0.227969
 0 0.212619
 0 0.235378
 0 0.241315
 0 0.195864
 0 0.204709
 0 0.221202
 0 0.202685
 0 0.243996
 0 0.170127
 0 0.238732
 0 0.243119
 0 0.173138
 0 0.201666
 0 0.231426
 0 0.200912
 0 0.218307
 0 0.175297
 0 0.224206
 0 0.230009
 0 0.264635
 0 0.216498
 0 0.220939
 0 0.244141
 0 0.203537
 0 0.21898
 0 0.177594
 0 0.192123
 0 0.200417
 0 0.191447
 0 0.243631
 0 0.243727
 0 0.238687
 0 0.256915
 0 0.242316
 0 0.19332
 0 0.215825
 0 0.215947
 0 0.217795
 0 0.218011
 0 0.207656
 0 0.222376
 0 0.224852
 0 0.240304
 0 0.247274
 0 0.180273
 0 0.260525
 0 0.211123
 0 0.207979
 0 0.232872
 0 0.262372
 0 0.19299
 0 0.21526
 0 0.177072
 0 0.184732
 0 0.212473
 0 0.241098
 0 0.265292
 0 0.213613
 0 0.216736
 0 0.175895
 0 0.222776
 0 0.197962
 0 0.214561
 0 0.181569
 0 0.213687
 0 0.212313
 0 0.215014
 0 0.223189
 0 0.179555
 0 0.2691
 0 0.209789
 0 0.197585
 0 0.213044
 0 0.244963
 0 0.20774
 0 0.204546
 0 0.208421
 0 0.221328
 0 0.208285
 0 0.231586
 0 0.235759
 0 0.217986
 0 0.273503
 0 0.229099
 0 0.200776
 0 0.218247
 0 0.248697
 0 0.226349
 0 0.209616
 0 0.189632
 0 0.242287
 0 0.258287
 0 0.227225
 0 0.212996
 0 0.200334
 0 0.21311
 0 0.23758
 0 0.220006
 0 0.207507
 0 0.258783
 0 0.200514
 0 0.181115
 0 0.231367
 0 0.278291
 0 0.181493
 0 0.189742
 0 0.233457
 0 0.203358
 0 0.259049
 0 0.217243
 0 0.179845
 0 0.212836
 0 0.220173
 0 0.188205
 0 0.153035
 0 0.273598
 0 0.223134
 0 0.115239
 0 0.231624
 0 0.254757
 0 0.183134
 0 0.243108
 0 0.239946
 0 0.207841
 0 0.216664
 0 0.198904
 0 0.203938
 0 0.213329
 0 0.23932
 0 0.268445
 0 0.213435
 0 0.202453
 0 0.172245
 0 0.250569
 0 0.221433
 0 0.21847
 0 0.225123
 0 0.213458
 0 0.252468
 0 0.232901
 0 0.200162
 0 0.201439
 0 0.255446
 0 0.274934
 0 0.202958
 0 0.234883
 0 0.262609
 0 0.183391
 0 0.210708
 0 0.235287
 0 0.197258
 0 0.213707
 0 0.160901
 0 0.196462
 0 0.204331
 0 0.206084
 0 0.215725
 0 0.216079
 0 0.238372
 0 0.194917
 0 0.20856
 0 0.212738
 0 0.237946
 0 0.252868
 0 0.249809
 0 0.243509
 0 0.270359
 0 0.204241
 0 0.248527
 0 0.261927
 0 0.19373
 0 0.161964
 0 0.206559
 0 0.229979
 0 0.247556
 0 0.23722
 0 0.232196
 0 0.247754
 0 0.212976
 0 0.236415
 0 0.216664
 0 0.197719
 0 0.229957
 0 0.214605
 0 0.222355
 0 0.238338
 0 0.226734
 0 0.245389
 0 0.149972
 0 0.207128
 0 0.214215
 0 0.21506
 0 0.207338
 0 0.194093
 0 0.189596
 0 0.238527
 0 0.245811
 0 0.222665
 0 0.217972
 0 0.201428
 0 0.23034
 0 0.265795
 0 0.176133
 0 0.268614
 0 0.220431
 0 0.230785
 0 0.242627
 0 0.185139
 0 0.237494
 0 0.240553
 0 0.227307
 0 0.175149
 0 0.231348
 0 0.205425
 0 0.21998
 0 0.189582
 0 0.245931
 0 0.210727
 0 0.225
 0 0.201664
 0 0.254478
 0 0.207101
 0 0.234561
 0 0.226306
 0 0.237143
 0 0.197348
 0 0.244087
 0 0.212655
 0 0.161396
 0 0.210365
 0 0.188078
 0 0.228668
 0 0.24079
 0 0.254842
 0 0.224473
 0 0.203444
 0 0.194069
 0 0.201641
 0 0.247116
 0 0.202999
 0 0.255413
 0 0.17554
 0 0.1806
 0 0.251685
 0 0.265827
 0 0.213197
 0 0.210347
 0 0.186604
 0 0.19569
 0 0.242345
 0 0.207409
 0 0.232458
 0 0.233479
 0 0.227914
 0 0.206604
 0 0.238974
 0 0.256389
 0 0.254701
 0 0.195611
 0 0.212665
 0 0.243873
 0 0.240206
 0 0.173617
 0 0.204679
 0 0.250149
 0 0.233395
 0 0.216934
 0 0.2031
 0 0.245385
 0 0.214919
 0 0.236951
 0 0.189437
 0 0.196442
 0 0.207655
 0 0.196348
 0 0.216203
 0 0.258704
 0 0.21258
 0 0.263452
 0 0.235475
 0 0.221095
 0 0.216264
 0 0.271863
 0 0.236711
 0 0.244503
 0 0.261892
 0 0.241014
 0 0.214984
 0 0.260271
 0 0.236154
 0 0.224051
 0 0.224939
 0 0.200475
 0 0.237939
 0 0.18362
 0 0.213823
 0 0.221347
 0 0.211207
 0 0.194669
 0 0.24557
 0 0.202415
 0 0.236717
 0 0.190961
 0 0.247645
 0 0.195605
 0 0.205712
 0 0.204519
 0 0.24961
 0 0.228661
 0 0.229443
 0 0.268525
 0 0.256603
 0 0.192583
 0 0.200718
 0 0.251881
 0 0.242827
 0 0.229204
 0 0.228446
 0 0.266778
 0 0.214925
 0 0.236451
 0 0.189865
 0 0.248373
 0 0.175431
 0 0.18946
 0 0.185124
 0 0.208837
 0 0.209019
 0 0.215337
 0 0.256031
 0 0.173073
 0 0.246972
 0 0.184369
 0 0.255714
 0 0.220951
 0 0.236888
 0 0.170019
 0 0.210657
 0 0.170397
 0 0.292157
 0 0.193846
 0 0.241559
 0 0.194198
 0 0.251854
 0 0.169751
 0 0.229085
 0 0.22401
 0 0.251761
 0 0.254558
 0 0.1492
 0 0.227675
 0 0.226207
 0 0.151207
 0 0.204119
 0 0.19294
 0 0.25011
 0 0.218539
 0 0.239416
 0 0.247971
 0 0.248475
 0 0.18426
 0 0.222558
 0 0.229267
 0 0.24188
 0 0.226192
 0 0.238597
 0 0.194086
 0 0.220629
 0 0.25612
 0 0.198361
 0 0.258235
 0 0.260627
 0 0.178275
 0 0.258609
 0 0.210286
 0 0.250418
 0 0.241927
 0 0.214723
 0 0.220365
 0 0.23241
 0 0.259588
 0 0.188433
 0 0.207107
 0 0.271753
 0 0.216844
 0 0.283239
 0 0.177769
 0 0.183855
 0 0.223071
 0 0.209808
 0 0.237758
 0 0.249418
 0 0.221693
 0 0.227985
 0 0.223025
 0 0.226241
 0 0.206898
 0 0.225835
 0 0.204529
 0 0.248175
 0 0.222043
 0 0.213128
 0 0.240796
 0 0.227125
 0 0.209435
 0 0.261635
 0 0.219109
 0 0.202808
 0 0.253473
 0 0.189835
 0 0.217248
 0 0.195636
 0 0.232085
 0 0.236166
 0 0.234932
 0 0.210474
 0 0.193078
 0 0.211808
 0 0.192387
 0 0.210585
 0 0.198626
 0 0.191345
 0 0.190378
 0 0.237499
 0 0.176228
 0 0.211622
 0 0.201745
 0 0.209143
 0 0.223771
 0 0.252571
 0 0.238347
 0 0.198825
 0 0.215667
 0 0.188626
 0 0.195259
 0 0.24384
 0 0.210799
 0 0.229907
 0 0.206603
 0 0.227897
 0 0.262549
 0 0.197311
 0 0.161687
 0 0.223394
 0 0.206035
 0 0.226846
 0 0.268763
 0 0.237224
 0 0.222068
 0 0.234323
 0 0.234938
 0 0.252643
 0 0.220088
 0 0.194493
 0 0.18723
 0 0.161208
 0 0.242402
 0 0.237068
 0 0.195417
 0 0.231585
 0 0.229069
 0 0.254091
 0 0.188884
 0 0.271951
 0 0.193811
 0 0.241417
 0 0.195543
 0 0.221896
 0 0.23874
 0 0.167891
 0 0.235211
 0 0.249364
 0 0.230184
 0 0.239816
 0 0.254318
 0 0.240013
 0 0.237721
 0 0.231285
 0 0.228294
 0 0.218139
 0 0.215822
 0 0.175915
 0 0.198818
 0 0.215566
 0 0.219769
 0 0.268604
 0 0.200594
 0 0.256119
 0 0.228824
 0 0.242796
 0 0.257238
 0 0.236212
 0 0.257889
 0 0.271716
 0 0.204023
 0 0.194747
 0 0.231037
 0 0.208096
 0 0.243551
 0 0.289164
 0 0.21646
 0 0.210396
 0 0.254253
 0 0.214956
 0 0.273228
 0 0.22053
 0 0.213572
 0 0.200838
 0 0.201901
 0 0.2384
 0 0.217496
 0 0.176332
 0 0.253946
 0 0.197186
 0 0.22511
 0 0.190553
 0 0.237177
 0 0.219784
 0 0.20417
 0 0.209437
 0 0.222366
 0 0.186233
 0 0.204029
 0 0.213862
 0 0.243104
 0 0.239559
 0 0.269497
 0 0.185341
