603 1 0 0 1
 0 0.256888
 0 0.25224
 0 0.202995
 0 0.196282
 0 0.158827
 0 0.225507
 0 0.159049
 0 0.236644
 0 0.220301
 0 0.211521
 0 0.237078
 0 0.246227
 0 0.192667
 0 0.184761
 0 0.233671
 0 0.200368
 0 0.217628
 0 0.227699
 0 0.185826
 0 0.227953
 0 0.240679
 0 0.200098
 0 0.150501
 0 0.177062
 0 0.206202
 0 0.210545
 0 0.190915
 0 0.197819
 0 0.209473
 0 0.229823
 0 0.226013
 0 0.212281
 0 0.226416
 0 0.20474
 0 0.208076
 0 0.225038
 0 0.227246
 0 0.221348
 0 0.165175
 0 0.196937
 0 0.206465
 0 0.221322
 0 0.178203
 0 0.221054
 0 0.201353
 0 0.240605
 0 0.189135
 0 0.213151
 0 0.214448
 0 0.20209
 0 0.136158
 0 0.199145
 0 0.226515
 0 0.200265
 0 0.214059
 0 0.233701
 0 0.214578
 0 0.199713
 0 0.227404
 0 0.221324
 0 0.209448
 0 0.215609
 0 0.193828
 0 0.223141
 0 0.255972
 0 0.220598
 0 0.185003
 0 0.209397
 0 0.184687
 0 0.196241
 0 0.192425
 0 0.271669
 0 0.213081
 0 0.212441
 0 0.246444
 0 0.173916
 0 0.240937
 0 0.261772
 0 0.238037
 0 0.231048
 0 0.222674
 0 0.232862
 0 0.216239
 0 0.146001
 0 0.241668
 0 0.188444
 0 0.217488
 0 0.236223
 0 0.199864
 0 0.182596
 0 0.2161
 0 0.237164
 0 0.277139
 0 0.19597
 0 0.20075
 0 0.204777
 0 0.226407
 0 0.217648
 0 0.236289
 0 0.212384
 0 0.203009
 0 0.205375
 0 0.244708
 0 0.201658
 0 0.204562
 0 0.229834
 0 0.230501
 0 0.176991
 0 0.197195
 0 0.22676
 0 0.204047
 0 0.226552
 0 0.223395
 0 0.182246
 0 0.179023
 0 0.215234
 0 0.241027
 0 0.23059
 0 0.144349
 0 0.205039
 0 0.201614
 0 0.1778
 0 0.261717
 0 0.261312
 0 0.20026
 0 0.228946
 0 0.200462
 0 0.216482
 0 0.191165
 0 0.193682
 0 0.212075
 0 0.250716
 0 0.215795
 0 0.214972
 0 0.2161
 0 0.217557
 0 0.218624
 0 0.196486
 0 0.188166
 0 0.257108
 0 0.220087
 0 0.20989
 0 0.252018
 0 0.195359
 0 0.222342
 0 0.197846
 0 0.199459
 0 0.198872
 0 0.224197
 0 0.172926
 0 0.2254
 0 0.24121
 0 0.181048
 0 0.220752
 0 0.227234
 0 0.211196
 0 0.258572
 0 0.210396
 0 0.205982
 0 0.198256
 0 0.228054
 0 0.192489
 0 0.215555
 0 0.224556
 0 0.218063
 0 0.191029
 0 0.226955
 0 0.184783
 0 0.248577
 0 0.222614
 0 0.228966
 0 0.207542
 0 0.190746
 0 0.16267
 0 0.229012
 0 0.229539
 0 0.222864
 0 0.235289
 0 0.244609
 0 0.199211
 0 0.204589
 0 0.248034
 0 0.208655
 0 0.23105
 0 0.199388
 0 0.227411
 0 0.184454
 0 0.231291
 0 0.157026
 0 0.204754
 0 0.2098
 0 0.251791
 0 0.252925
 0 0.205494
 0 0.200744
 0 0.18162
 0 0.20445
 0 0.195276
 0 0.207819
 0 0.215346
 0 0.220062
 0 0.154811
 0 0.208978
 0 0.27074
 0 0.231649
 0 0.231901
 0 0.214237
 0 0.153641
 0 0.26598
 0 0.233264
 0 0.223017
 0 0.206772
 0 0.201428
 0 0.19985
 0 0.247384
 0 0.179662
 0 0.206168
 0 0.223228
 0 0.235806
 0 0.189696
 0 0.243336
 0 0.177333
 0 0.180738
 0 0.232029
 0 0.198352
 0 0.224444
 0 0.247802
 0 0.214737
 0 0.22149
 0 0.203368
 0 0.210857
 0 0.179722
 0 0.218697
 0 0.191946
 0 0.205215
 0 0.207128
 0 0.236054
 0 0.206442
 0 0.187859
 0 0.263096
 0 0.202193
 0 0.207473
 0 0.204688
 0 0.184002
 0 0.20742
 0 0.194699
 0 0.204205
 0 0.231651
 0 0.186698
 0 0.233776
 0 0.238172
 0 0.20258
 0 0.246685
 0 0.185239
 0 0.247212
 0 0.224706
 0 0.200096
 0 0.249344
 0 0.20734
 0 0.236686
 0 0.211869
 0 0.258026
 0 0.232088
 0 0.15598
 0 0.236566
 0 0.252769
 0 0.197771
 0 0.157359
 0 0.253505
 0 0.212224
 0 0.215564
 0 0.203683
 0 0.166822
 0 0.203016
 0 0.228169
 0 0.261227
 0 0.211081
 0 0.214957
 0 0.223386
 0 0.235705
 0 0.175631
 0 0.243137
 0 0.239799
 0 0.191533
 0 0.246144
 0 0.171414
 0 0.24772
 0 0.231234
 0 0.194761
 0 0.241789
 0 0.195397
 0 0.195846
 0 0.213126
 0 0.228687
 0 0.191687
 0 0.248068
 0 0.265298
 0 0.221496
 0 0.201777
 0 0.200666
 0 0.255177
 0 0.22679
 0 0.22728
 0 0.196937
 0 0.190544
 0 0.150494
 0 0.221212
 0 0.236915
 0 0.220898
 0 0.240814
 0 0.180789
 0 0.190629
 0 0.203272
 0 0.229486
 0 0.214343
 0 0.240119
 0 0.207144
 0 0.173693
 0 0.233887
 0 0.215426
 0 0.230856
 0 0.220596
 0 0.2359
 0 0.193586
 0 0.189712
 0 0.224873
 0 0.223343
 0 0.203998
 0 0.162095
 0 0.230246
 0 0.220042
 0 0.207979
 0 0.211756
 0 0.200157
 0 0.19594
 0 0.226898
 0 0.217597
 0 0.21549
 0 0.234017
 0 0.209363
 0 0.222784
 0 0.225143
 0 0.215909
 0 0.205316
 0 0.200815
 0 0.221515
 0 0.224566
 0 0.191114
 0 0.198133
 0 0.174644
 0 0.182095
 0 0.230753
 0 0.203847
 0 0.236392
 0 0.254906
 0 0.165457
 0 0.224556
 0 0.228032
 0 0.2673
 0 0.230075
 0 0.203893
 0 0.205959
 0 0.222394
 0 0.218967
 0 0.235994
 0 0.248252
 0 0.22156
 0 0.237142
 0 0.237398
 0 0.212868
 0 0.255218
 0 0.21126
 0 0.220798
 0 0.217792
 0 0.269389
 0 0.19439
 0 0.240829
 0 0.227276
 0 0.242538
 0 0.22249
 0 0.252849
 0 0.174685
 0 0.252806
 0 0.252918
 0 0.22717
 0 0.227965
 0 0.244706
 0 0.201357
 0 0.226534
 0 0.198691
 0 0.215355
 0 0.182236
 0 0.235879
 0 0.2121
 0 0.242976
 0 0.291421
 0 0.219606
 0 0.218963
 0 0.220108
 0 0.22712
 0 0.200034
 0 0.204791
 0 0.228797
 0 0.162626
 0 0.242365
 0 0.185123
 0 0.235559
 0 0.205366
 0 0.248167
 0 0.25503
 0 0.21588
 0 0.218077
 0 0.230224
 0 0.220016
 0 0.22469
 0 0.152036
 0 0.232054
 0 0.171852
 0 0.268381
 0 0.222326
 0 0.188063
 0 0.237744
 0 0.221375
 0 0.190984
 0 0.188327
 0 0.231561
 0 0.196002
 0 0.153859
 0 0.199379
 0 0.169747
 0 0.251259
 0 0.225778
 0 0.201257
 0 0.202619
 0 0.188538
 0 0.177051
 0 0.216372
 0 0.23005
 0 0.223824
 0 0.178469
 0 0.261014
 0 0.201902
 0 0.184658
 0 0.231101
 0 0.186827
 0 0.206229
 0 0.234915
 0 0.213175
 0 0.220184
 0 0.226084
 0 0.208527
 0 0.20511
 0 0.208261
 0 0.224043
 0 0.208811
 0 0.255238
 0 0.202177
 0 0.231504
 0 0.219116
 0 0.226281
 0 0.27579
 0 0.221648
 0 0.192136
 0 0.210928
 0 0.218842
 0 0.216365
 0 0.174875
 0 0.23396
 0 0.212891
 0 0.212107
 0 0.242238
 0 0.239954
 0 0.175063
 0 0.208987
 0 0.195287
 0 0.211243
 0 0.222729
 0 0.18499
 0 0.223327
 0 0.243212
 0 0.231855
 0 0.210252
 0 0.181818
 0 0.191884
 0 0.207846
 0 0.2237
 0 0.214366
 0 0.213186
 0 0.217364
 0 0.228923
 0 0.208046
 0 0.206525
 0 0.249338
 0 0.21695
 0 0.205501
 0 0.214331
 0 0.211253
 0 0.168744
 0 0.177898
 0 0.207105
 0 0.213142
 0 0.20571
 0 0.222518
 0 0.201607
 0 0.210989
 0 0.212008
 0 0.229056
 0 0.256906
 0 0.184978
 0 0.184215
 0 0.195585
 0 0.248389
 0 0.212872
 0 0.230813
 0 0.220271
 0 0.241883
 0 0.198842
 0 0.183593
 0 0.260038
 0 0.185883
 0 0.213555
 0 0.245292
 0 0.265684
 0 0.230095
 0 0.237488
 0 0.238804
 0 0.192241
 0 0.18231
 0 0.21098
 0 0.223555
 0 0.212004
 0 0.235032
 0 0.234308
 0 0.182175
 0 0.214609
 0 0.226763
 0 0.245253
 0 0.158297
 0 0.231561
 0 0.200132
 0 0.214881
 0 0.219847
 0 0.246149
 0 0.264988
 0 0.203171
 0 0.231309
 0 0.222791
 0 0.212064
 0 0.209548
 0 0.239749
 0 0.220976
 0 0.232574
 0 0.184429
 0 0.228222
 0 0.254927
 0 0.200595
 0 0.204903
 0 0.217334
 0 0.181185
 0 0.203827
 0 0.240635
 0 0.20871
 0 0.263932
 0 0.232033
 0 0.236814
 0 0.285686
 0 0.219646
 0 0.240259
 0 0.205914
 0 0.197404
 0 0.206655
 0 0.207168
 0 0.206511
 0 0.213298
 0 0.25011
 0 0.191045
 0 0.231477
 0 0.225617
 0 0.208323
 0 0.23412
 0 0.233827
 0 0.234367
 0 0.190407
 0 0.21068
 0 0.191149
 0 0.179893
 0 0.206921
 0 0.238749
 0 0.194898
 0 0.254691
 0 0.213307
 0 0.19001
 0 0.245688
 0 0.179374
 0 0.190297
 0 0.17793
 0 0.238738
 0 0.205499
 0 0.185839
 0 0.222263
 0 0.233705
 0 0.213585
 0 0.193946
