603 1 0 0 1
 0 0.225252
 0 0.174888
 0 0.191184
 0 0.152039
 0 0.124542
 0 0.209019
 0 0.152974
 0 0.196708
 0 0.198211
 0 0.125417
 0 0.18832
 0 0.261162
 0 0.183037
 0 0.145157
 0 0.21729
 0 0.148219
 0 0.161842
 0 0.140461
 0 0.154108
 0 0.182149
 0 0.159535
 0 0.220347
 0 0.162784
 0 0.154521
 0 0.149549
 0 0.188027
 0 0.126619
 0 0.166799
 0 0.192847
 0 0.227507
 0 0.217708
 0 0.150687
 0 0.161068
 0 0.185158
 0 0.177637
 0 0.120371
 0 0.171831
 0 0.184097
 0 0.164722
 0 0.173318
 0 0.204596
 0 0.187291
 0 0.154373
 0 0.177522
 0 0.186159
 0 0.168891
 0 0.205514
 0 0.197075
 0 0.158409
 0 0.138835
 0 0.136798
 0 0.162975
 0 0.166475
 0 0.193808
 0 0.162292
 0 0.199383
 0 0.203755
 0 0.18981
 0 0.136412
 0 0.243037
 0 0.167904
 0 0.189266
 0 0.215562
 0 0.201592
 0 0.15066
 0 0.189148
 0 0.124163
 0 0.173754
 0 0.207754
 0 0.179902
 0 0.193151
 0 0.166313
 0 0.141661
 0 0.171353
 0 0.203614
 0 0.148033
 0 0.210502
 0 0.201308
 0 0.183956
 0 0.171037
 0 0.162553
 0 0.168081
 0 0.130097
 0 0.125343
 0 0.168527
 0 0.152059
 0 0.19082
 0 0.158154
 0 0.18407
 0 0.149746
 0 0.174277
 0 0.211842
 0 0.19847
 0 0.203522
 0 0.19539
 0 0.183077
 0 0.202285
 0 0.187109
 0 0.201172
 0 0.222294
 0 0.234564
 0 0.127643
 0 0.225385
 0 0.191435
 0 0.156544
 0 0.197057
 0 0.21389
 0 0.14536
 0 0.139028
 0 0.203439
 0 0.132265
 0 0.142197
 0 0.195769
 0 0.168307
 0 0.158363
 0 0.200474
 0 0.212483
 0 0.1787
 0 0.126279
 0 0.146038
 0 0.147687
 0 0.142361
 0 0.194935
 0 0.134679
 0 0.178685
 0 0.222569
 0 0.161066
 0 0.15296
 0 0.176818
 0 0.167277
 0 0.20037
 0 0.180171
 0 0.159553
 0 0.172271
 0 0.192664
 0 0.137828
 0 0.151298
 0 0.138567
 0 0.167476
 0 0.222194
 0 0.204506
 0 0.157834
 0 0.216398
 0 0.139609
 0 0.180763
 0 0.152734
 0 0.178923
 0 0.175401
 0 0.167788
 0 0.135883
 0 0.192779
 0 0.14751
 0 0.158449
 0 0.155843
 0 0.19745
 0 0.151444
 0 0.188441
 0 0.198575
 0 0.162095
 0 0.125789
 0 0.219418
 0 0.229584
 0 0.169686
 0 0.159643
 0 0.174422
 0 0.17336
 0 0.17277
 0 0.156251
 0 0.165
 0 0.153296
 0 0.205078
 0 0.138947
 0 0.156529
 0 0.165379
 0 0.185284
 0 0.19033
 0 0.189259
 0 0.239155
 0 0.207065
 0 0.189004
 0 0.170564
 0 0.207288
 0 0.181527
 0 0.178071
 0 0.186132
 0 0.132068
 0 0.179922
 0 0.228731
 0 0.17274
 0 0.156752
 0 0.199223
 0 0.213788
 0 0.114656
 0 0.230569
 0 0.154417
 0 0.184039
 0 0.128663
 0 0.179373
 0 0.212811
 0 0.202465
 0 0.193527
 0 0.19499
 0 0.15327
 0 0.18218
 0 0.213894
 0 0.159227
 0 0.209987
 0 0.142361
 0 0.238393
 0 0.199003
 0 0.13666
 0 0.210927
 0 0.174455
 0 0.179958
 0 0.196452
 0 0.194613
 0 0.146099
 0 0.184935
 0 0.199153
 0 0.202073
 0 0.209365
 0 0.159052
 0 0.174262
 0 0.209704
 0 0.144452
 0 0.201711
 0 0.212313
 0 0.163155
 0 0.173754
 0 0.185287
 0 0.21851
 0 0.165858
 0 0.193743
 0 0.135726
 0 0.135911
 0 0.191782
 0 0.216825
 0 0.119826
 0 0.175323
 0 0.18636
 0 0.152549
 0 0.196609
 0 0.196094
 0 0.145843
 0 0.152284
 0 0.138812
 0 0.17006
 0 0.218998
 0 0.133687
 0 0.185363
 0 0.118531
 0 0.151451
 0 0.221461
 0 0.133829
 0 0.206685
 0 0.137525
 0 0.217591
 0 0.185663
 0 0.153716
 0 0.213576
 0 0.164617
 0 0.191075
 0 0.148428
 0 0.199866
 0 0.174339
 0 0.18218
 0 0.144963
 0 0.159595
 0 0.205593
 0 0.137826
 0 0.156281
 0 0.163934
 0 0.150568
 0 0.129361
 0 0.170955
 0 0.243492
 0 0.146362
 0 0.160456
 0 0.203705
 0 0.18457
 0 0.168483
 0 0.189545
 0 0.177977
 0 0.216775
 0 0.231047
 0 0.176317
 0 0.19877
 0 0.190355
 0 0.175386
 0 0.190273
 0 0.146094
 0 0.141006
 0 0.203697
 0 0.183974
 0 0.17386
 0 0.179528
 0 0.158662
 0 0.197146
 0 0.147328
 0 0.152742
 0 0.193709
 0 0.171598
 0 0.168249
 0 0.205015
 0 0.214358
 0 0.160416
 0 0.193085
 0 0.148515
 0 0.194529
 0 0.22123
 0 0.180962
 0 0.182455
 0 0.173275
 0 0.167896
 0 0.187883
 0 0.158493
 0 0.201495
 0 0.171904
 0 0.142225
 0 0.188621
 0 0.21305
 0 0.153321
 0 0.17994
 0 0.191805
 0 0.14429
 0 0.180858
 0 0.189219
 0 0.165695
 0 0.201604
 0 0.178944
 0 0.221542
 0 0.185124
 0 0.184573
 0 0.168306
 0 0.193705
 0 0.188626
 0 0.148939
 0 0.190197
 0 0.198325
 0 0.194856
 0 0.200364
 0 0.199851
 0 0.151169
 0 0.150372
 0 0.171595
 0 0.170191
 0 0.184221
 0 0.177494
 0 0.194711
 0 0.216876
 0 0.158282
 0 0.203753
 0 0.186427
 0 0.207105
 0 0.181802
 0 0.136149
 0 0.186056
 0 0.192032
 0 0.250935
 0 0.194889
 0 0.15979
 0 0.176052
 0 0.171151
 0 0.181372
 0 0.178397
 0 0.194026
 0 0.167542
 0 0.192501
 0 0.191185
 0 0.174283
 0 0.182463
 0 0.178878
 0 0.173812
 0 0.203128
 0 0.20351
 0 0.146771
 0 0.233863
 0 0.171356
 0 0.172732
 0 0.210565
 0 0.207249
 0 0.147098
 0 0.203575
 0 0.197811
 0 0.142782
 0 0.186843
 0 0.185644
 0 0.157407
 0 0.189863
 0 0.137975
 0 0.227655
 0 0.156535
 0 0.212339
 0 0.179318
 0 0.197146
 0 0.259823
 0 0.178696
 0 0.192867
 0 0.208981
 0 0.203105
 0 0.139516
 0 0.195288
 0 0.187305
 0 0.141236
 0 0.179611
 0 0.185327
 0 0.181375
 0 0.165943
 0 0.192022
 0 0.168907
 0 0.125228
 0 0.207454
 0 0.251894
 0 0.175126
 0 0.185932
 0 0.147346
 0 0.194327
 0 0.14069
 0 0.166687
 0 0.174239
 0 0.194277
 0 0.196128
 0 0.225753
 0 0.157533
 0 0.183936
 0 0.167664
 0 0.156929
 0 0.150425
 0 0.187318
 0 0.138236
 0 0.187855
 0 0.148133
 0 0.116889
 0 0.199725
 0 0.16734
 0 0.152965
 0 0.190251
 0 0.206288
 0 0.12564
 0 0.1887
 0 0.187983
 0 0.178108
 0 0.185681
 0 0.168962
 0 0.21187
 0 0.182139
 0 0.231758
 0 0.184818
 0 0.162275
 0 0.1743
 0 0.172059
 0 0.214872
 0 0.160635
 0 0.182433
 0 0.156273
 0 0.189446
 0 0.181855
 0 0.156191
 0 0.162455
 0 0.194914
 0 0.200486
 0 0.200691
 0 0.165215
 0 0.209725
 0 0.193499
 0 0.163819
 0 0.170058
 0 0.184431
 0 0.194628
 0 0.162201
 0 0.186995
 0 0.199406
 0 0.128536
 0 0.191046
 0 0.202435
 0 0.210421
 0 0.178146
 0 0.1488
 0 0.2321
 0 0.197197
 0 0.202077
 0 0.187247
 0 0.170252
 0 0.172521
 0 0.154956
 0 0.156256
 0 0.129297
 0 0.230191
 0 0.176104
 0 0.178488
 0 0.161693
 0 0.172459
 0 0.192073
 0 0.229536
 0 0.180472
 0 0.189282
 0 0.121436
 0 0.12434
 0 0.209132
 0 0.240503
 0 0.188217
 0 0.181995
 0 0.188528
 0 0.178602
 0 0.194514
 0 0.211437
 0 0.194208
 0 0.204309
 0 0.176319
 0 0.151336
 0 0.214634
 0 0.204393
 0 0.222094
 0 0.200388
 0 0.210292
 0 0.172803
 0 0.164036
 0 0.207318
 0 0.240883
 0 0.177792
 0 0.165304
 0 0.204167
 0 0.21351
 0 0.172484
 0 0.151272
 0 0.174331
 0 0.182901
 0 0.173331
 0 0.192364
 0 0.151079
 0 0.217263
 0 0.209061
 0 0.200471
 0 0.19079
 0 0.165802
 0 0.220899
 0 0.144849
 0 0.182005
 0 0.197029
 0 0.212872
 0 0.222734
 0 0.186646
 0 0.206509
 0 0.260924
 0 0.161948
 0 0.115642
 0 0.178306
 0 0.176284
 0 0.152936
 0 0.186263
 0 0.149605
 0 0.183571
 0 0.128035
 0 0.172859
 0 0.215084
 0 0.201471
 0 0.16686
 0 0.177656
 0 0.196595
 0 0.20559
 0 0.177941
 0 0.181195
 0 0.179665
 0 0.184014
 0 0.140965
 0 0.204562
 0 0.175575
 0 0.172049
 0 0.242349
 0 0.168393
 0 0.133902
 0 0.188274
 0 0.113952
 0 0.170748
 0 0.194267
 0 0.191466
 0 0.219786
 0 0.167396
 0 0.160183
 0 0.188416
 0 0.145832
 0 0.164506
 0 0.213176
 0 0.211023
 0 0.132306
 0 0.163623
 0 0.223434
 0 0.162672
 0 0.175818
 0 0.242081
 0 0.16018
 0 0.182141
 0 0.158383
 0 0.161708
 0 0.170817
 0 0.192533
 0 0.133889
 0 0.158376
 0 0.160947
 0 0.189484
 0 0.178362
 0 0.176324
 0 0.20041
