603 1 0 0 1
 0 0.176441
 0 0.173978
 0 0.168261
 0 0.163876
 0 0.156069
 0 0.178677
 0 0.166011
 0 0.169292
 0 0.193947
 0 0.158353
 0 0.197621
 0 0.192995
 0 0.155467
 0 0.145597
 0 0.192515
 0 0.163596
 0 0.168287
 0 0.173243
 0 0.154212
 0 0.181725
 0 0.203646
 0 0.174798
 0 0.18966
 0 0.16777
 0 0.128388
 0 0.166259
 0 0.175391
 0 0.149568
 0 0.181027
 0 0.177586
 0 0.170983
 0 0.156623
 0 0.134701
 0 0.182039
 0 0.182088
 0 0.16387
 0 0.183148
 0 0.188107
 0 0.142184
 0 0.156637
 0 0.169304
 0 0.200487
 0 0.153338
 0 0.141827
 0 0.158849
 0 0.170139
 0 0.170572
 0 0.153331
 0 0.165032
 0 0.173001
 0 0.148601
 0 0.164212
 0 0.162674
 0 0.199728
 0 0.158293
 0 0.181029
 0 0.201271
 0 0.167971
 0 0.172879
 0 0.195846
 0 0.14081
 0 0.188255
 0 0.171527
 0 0.175285
 0 0.190824
 0 0.140613
 0 0.16174
 0 0.163523
 0 0.171564
 0 0.172579
 0 0.18493
 0 0.162139
 0 0.173397
 0 0.160229
 0 0.203292
 0 0.153368
 0 0.157641
 0 0.168252
 0 0.139046
 0 0.179026
 0 0.174134
 0 0.160807
 0 0.142414
 0 0.157717
 0 0.169851
 0 0.163981
 0 0.157969
 0 0.162694
 0 0.156317
 0 0.157698
 0 0.165074
 0 0.195634
 0 0.183444
 0 0.204788
 0 0.152407
 0 0.190394
 0 0.156246
 0 0.197471
 0 0.17373
 0 0.190894
 0 0.167171
 0 0.143159
 0 0.196196
 0 0.159799
 0 0.167878
 0 0.163586
 0 0.189645
 0 0.141115
 0 0.145583
 0 0.203612
 0 0.148127
 0 0.163189
 0 0.18397
 0 0.180106
 0 0.153085
 0 0.204817
 0 0.191345
 0 0.165452
 0 0.149322
 0 0.211216
 0 0.156568
 0 0.138762
 0 0.161363
 0 0.176786
 0 0.170546
 0 0.190511
 0 0.181029
 0 0.141002
 0 0.158533
 0 0.188809
 0 0.181141
 0 0.169804
 0 0.160556
 0 0.187391
 0 0.170178
 0 0.150513
 0 0.182857
 0 0.160247
 0 0.153041
 0 0.192077
 0 0.117218
 0 0.187907
 0 0.178983
 0 0.183388
 0 0.117971
 0 0.165192
 0 0.172308
 0 0.1663
 0 0.138328
 0 0.154108
 0 0.175287
 0 0.181332
 0 0.174541
 0 0.169361
 0 0.177503
 0 0.16404
 0 0.161164
 0 0.194268
 0 0.184274
 0 0.147125
 0 0.181699
 0 0.178971
 0 0.163364
 0 0.179921
 0 0.195444
 0 0.140992
 0 0.175831
 0 0.151858
 0 0.172465
 0 0.155888
 0 0.16063
 0 0.132575
 0 0.163613
 0 0.173926
 0 0.190337
 0 0.173318
 0 0.191734
 0 0.204441
 0 0.192021
 0 0.166983
 0 0.154786
 0 0.194403
 0 0.169207
 0 0.155423
 0 0.189482
 0 0.149682
 0 0.178707
 0 0.196166
 0 0.174149
 0 0.14194
 0 0.186776
 0 0.203978
 0 0.169806
 0 0.20768
 0 0.178669
 0 0.189103
 0 0.139783
 0 0.181735
 0 0.17908
 0 0.190049
 0 0.184195
 0 0.181303
 0 0.173532
 0 0.178608
 0 0.178851
 0 0.166855
 0 0.162701
 0 0.16709
 0 0.175525
 0 0.177092
 0 0.121353
 0 0.169852
 0 0.166514
 0 0.139557
 0 0.189551
 0 0.171262
 0 0.186047
 0 0.180531
 0 0.191532
 0 0.167449
 0 0.189239
 0 0.179478
 0 0.193627
 0 0.175035
 0 0.163196
 0 0.174819
 0 0.191531
 0 0.155592
 0 0.177046
 0 0.192651
 0 0.162202
 0 0.148431
 0 0.103698
 0 0.17704
 0 0.156423
 0 0.151892
 0 0.184834
 0 0.170273
 0 0.142745
 0 0.178566
 0 0.144411
 0 0.172894
 0 0.152584
 0 0.15763
 0 0.174971
 0 0.166933
 0 0.177283
 0 0.179982
 0 0.169538
 0 0.146121
 0 0.143435
 0 0.179133
 0 0.218875
 0 0.143788
 0 0.159145
 0 0.164252
 0 0.18388
 0 0.145932
 0 0.174535
 0 0.183977
 0 0.170886
 0 0.171609
 0 0.173725
 0 0.157584
 0 0.170211
 0 0.179874
 0 0.148132
 0 0.185368
 0 0.186949
 0 0.17465
 0 0.158232
 0 0.173148
 0 0.151716
 0 0.164167
 0 0.173854
 0 0.194609
 0 0.158023
 0 0.170275
 0 0.184647
 0 0.15186
 0 0.178937
 0 0.198254
 0 0.169366
 0 0.172068
 0 0.159731
 0 0.146477
 0 0.181334
 0 0.176789
 0 0.186515
 0 0.193086
 0 0.155352
 0 0.171974
 0 0.193666
 0 0.163744
 0 0.143052
 0 0.196568
 0 0.185172
 0 0.177883
 0 0.162841
 0 0.165267
 0 0.215628
 0 0.156255
 0 0.170255
 0 0.157381
 0 0.196765
 0 0.145423
 0 0.173614
 0 0.191718
 0 0.169591
 0 0.194733
 0 0.171814
 0 0.174285
 0 0.18347
 0 0.169575
 0 0.18377
 0 0.166365
 0 0.206434
 0 0.162385
 0 0.13868
 0 0.19337
 0 0.175346
 0 0.189977
 0 0.163762
 0 0.16523
 0 0.170539
 0 0.165053
 0 0.176292
 0 0.166719
 0 0.131464
 0 0.179568
 0 0.183011
 0 0.1626
 0 0.15751
 0 0.18305
 0 0.171471
 0 0.174258
 0 0.177182
 0 0.181946
 0 0.18201
 0 0.152173
 0 0.18428
 0 0.174534
 0 0.163896
 0 0.17758
 0 0.170772
 0 0.175337
 0 0.177847
 0 0.160183
 0 0.162994
 0 0.181249
 0 0.156514
 0 0.190175
 0 0.170314
 0 0.154694
 0 0.178209
 0 0.15252
 0 0.169546
 0 0.183067
 0 0.175417
 0 0.148653
 0 0.159917
 0 0.173467
 0 0.167727
 0 0.157374
 0 0.162497
 0 0.189022
 0 0.141959
 0 0.153486
 0 0.18806
 0 0.176527
 0 0.165919
 0 0.14262
 0 0.188246
 0 0.18677
 0 0.157195
 0 0.152827
 0 0.189637
 0 0.180943
 0 0.168019
 0 0.173938
 0 0.185574
 0 0.134589
 0 0.188897
 0 0.189368
 0 0.150605
 0 0.166825
 0 0.178587
 0 0.169378
 0 0.17748
 0 0.173885
 0 0.162048
 0 0.139219
 0 0.187626
 0 0.158768
 0 0.17623
 0 0.191775
 0 0.165277
 0 0.154984
 0 0.20148
 0 0.168284
 0 0.156926
 0 0.174043
 0 0.167434
 0 0.14138
 0 0.180016
 0 0.161167
 0 0.15853
 0 0.143515
 0 0.196916
 0 0.192768
 0 0.129884
 0 0.184008
 0 0.170747
 0 0.168516
 0 0.152011
 0 0.163567
 0 0.175473
 0 0.151446
 0 0.140937
 0 0.182329
 0 0.186596
 0 0.185795
 0 0.199459
 0 0.169216
 0 0.166154
 0 0.179116
 0 0.164159
 0 0.157047
 0 0.159937
 0 0.179133
 0 0.189403
 0 0.195
 0 0.158037
 0 0.1728
 0 0.166958
 0 0.151547
 0 0.153053
 0 0.190383
 0 0.160526
 0 0.219611
 0 0.169587
 0 0.181255
 0 0.149599
 0 0.167604
 0 0.171386
 0 0.173578
 0 0.170128
 0 0.152411
 0 0.156489
 0 0.179977
 0 0.162746
 0 0.190551
 0 0.17794
 0 0.1705
 0 0.166047
 0 0.177906
 0 0.188645
 0 0.174648
 0 0.158655
 0 0.17001
 0 0.170971
 0 0.193653
 0 0.143768
 0 0.176539
 0 0.158266
 0 0.169632
 0 0.168282
 0 0.178869
 0 0.194284
 0 0.182012
 0 0.151435
 0 0.176517
 0 0.165534
 0 0.174164
 0 0.19166
 0 0.14191
 0 0.158286
 0 0.183082
 0 0.189516
 0 0.171045
 0 0.147396
 0 0.186758
 0 0.17067
 0 0.170324
 0 0.159587
 0 0.150243
 0 0.15353
 0 0.184232
 0 0.16959
 0 0.171063
 0 0.150367
 0 0.140375
 0 0.160946
 0 0.182437
 0 0.162784
 0 0.176871
 0 0.159587
 0 0.13875
 0 0.175204
 0 0.148555
 0 0.183721
 0 0.183099
 0 0.161161
 0 0.163475
 0 0.171158
 0 0.19023
 0 0.189647
 0 0.196672
 0 0.188431
 0 0.149311
 0 0.167953
 0 0.175129
 0 0.169366
 0 0.173436
 0 0.199789
 0 0.200325
 0 0.157989
 0 0.181491
 0 0.177157
 0 0.168617
 0 0.154574
 0 0.165355
 0 0.173714
 0 0.15163
 0 0.187514
 0 0.165173
 0 0.143792
 0 0.201397
 0 0.183638
 0 0.156429
 0 0.154177
 0 0.178748
 0 0.177916
 0 0.172396
 0 0.187951
 0 0.186939
 0 0.144185
 0 0.146205
 0 0.187859
 0 0.197806
 0 0.176193
 0 0.166276
 0 0.177158
 0 0.20009
 0 0.183589
 0 0.129568
 0 0.181554
 0 0.197427
 0 0.163999
 0 0.170279
 0 0.166349
 0 0.170663
 0 0.173801
 0 0.143733
 0 0.19161
 0 0.163533
 0 0.17788
 0 0.143255
 0 0.178925
 0 0.165741
 0 0.199824
 0 0.162764
 0 0.160604
 0 0.1973
 0 0.139315
 0 0.179187
 0 0.139437
 0 0.184846
 0 0.194491
 0 0.16284
 0 0.159985
 0 0.151444
 0 0.141799
 0 0.144153
 0 0.197423
 0 0.156751
 0 0.186654
 0 0.171192
 0 0.180203
 0 0.188216
 0 0.158255
 0 0.182194
 0 0.15996
 0 0.15658
 0 0.16285
 0 0.152524
 0 0.16691
 0 0.164382
 0 0.195011
 0 0.187854
 0 0.164836
 0 0.19239
 0 0.151647
 0 0.1721
 0 0.153433
 0 0.168875
 0 0.171836
 0 0.179754
 0 0.170348
 0 0.156966
 0 0.173563
 0 0.168095
 0 0.191596
