603 1 0 0 1
 0 0.411958
 0 0.42704
 0 0.386568
 0 0.377834
 0 0.389344
 0 0.427522
 0 0.39353
 0 0.470536
 0 0.375838
 0 0.371084
 0 0.413892
 0 0.47014
 0 0.316874
 0 0.347842
 0 0.410084
 0 0.355322
 0 0.378942
 0 0.407894
 0 0.371998
 0 0.35798
 0 0.39353
 0 0.388356
 0 0.409562
 0 0.395114
 0 0.364676
 0 0.366614
 0 0.374546
 0 0.377434
 0 0.409796
 0 0.379656
 0 0.410454
 0 0.428624
 0 0.428562
 0 0.387796
 0 0.41728
 0 0.41206
 0 0.421266
 0 0.380762
 0 0.356666
 0 0.364144
 0 0.362096
 0 0.377612
 0 0.415008
 0 0.399792
 0 0.37448
 0 0.373644
 0 0.398068
 0 0.441182
 0 0.393342
 0 0.414556
 0 0.31463
 0 0.359746
 0 0.425444
 0 0.393504
 0 0.363878
 0 0.466506
 0 0.39632
 0 0.375328
 0 0.398622
 0 0.409004
 0 0.425696
 0 0.38654
 0 0.422968
 0 0.449938
 0 0.405498
 0 0.394868
 0 0.391266
 0 0.376054
 0 0.3985
 0 0.42156
 0 0.385876
 0 0.425386
 0 0.4293
 0 0.42192
 0 0.459894
 0 0.365992
 0 0.406564
 0 0.410476
 0 0.395972
 0 0.444662
 0 0.425742
 0 0.384654
 0 0.404706
 0 0.328198
 0 0.396724
 0 0.39484
 0 0.43321
 0 0.43658
 0 0.35414
 0 0.40106
 0 0.392934
 0 0.384878
 0 0.430742
 0 0.398148
 0 0.435442
 0 0.40889
 0 0.432748
 0 0.4013
 0 0.395614
 0 0.393116
 0 0.414466
 0 0.363028
 0 0.381884
 0 0.394488
 0 0.435662
 0 0.384366
 0 0.404014
 0 0.394358
 0 0.417232
 0 0.41218
 0 0.362288
 0 0.426046
 0 0.412176
 0 0.430228
 0 0.372408
 0 0.43311
 0 0.395628
 0 0.435594
 0 0.362698
 0 0.39102
 0 0.383864
 0 0.392934
 0 0.385148
 0 0.44194
 0 0.419952
 0 0.419466
 0 0.342262
 0 0.401908
 0 0.350632
 0 0.352288
 0 0.43788
 0 0.416454
 0 0.430738
 0 0.412544
 0 0.414258
 0 0.377304
 0 0.433724
 0 0.380334
 0 0.39658
 0 0.426804
 0 0.428848
 0 0.420822
 0 0.41715
 0 0.383004
 0 0.387788
 0 0.365812
 0 0.358364
 0 0.38908
 0 0.425524
 0 0.414808
 0 0.377094
 0 0.39335
 0 0.441304
 0 0.389432
 0 0.399198
 0 0.371072
 0 0.44394
 0 0.406094
 0 0.376198
 0 0.38971
 0 0.412348
 0 0.392072
 0 0.397448
 0 0.46603
 0 0.425142
 0 0.3899
 0 0.408552
 0 0.366864
 0 0.438476
 0 0.420568
 0 0.375902
 0 0.376286
 0 0.362354
 0 0.377582
 0 0.418956
 0 0.414078
 0 0.459884
 0 0.435714
 0 0.41896
 0 0.359914
 0 0.363312
 0 0.435458
 0 0.39805
 0 0.412824
 0 0.40406
 0 0.384442
 0 0.363982
 0 0.382464
 0 0.376816
 0 0.364488
 0 0.431222
 0 0.427308
 0 0.312366
 0 0.410606
 0 0.424172
 0 0.440494
 0 0.426854
 0 0.394864
 0 0.355922
 0 0.370018
 0 0.372676
 0 0.398718
 0 0.412152
 0 0.431502
 0 0.42055
 0 0.392542
 0 0.41748
 0 0.362644
 0 0.36734
 0 0.416288
 0 0.373614
 0 0.440368
 0 0.408418
 0 0.40644
 0 0.45572
 0 0.396842
 0 0.389752
 0 0.442754
 0 0.40927
 0 0.358654
 0 0.399796
 0 0.413482
 0 0.398374
 0 0.426758
 0 0.34972
 0 0.444798
 0 0.422736
 0 0.403414
 0 0.362088
 0 0.429814
 0 0.385304
 0 0.355916
 0 0.331824
 0 0.401374
 0 0.369578
 0 0.41743
 0 0.429352
 0 0.385448
 0 0.385956
 0 0.442716
 0 0.390534
 0 0.374138
 0 0.427364
 0 0.37221
 0 0.399432
 0 0.39001
 0 0.376716
 0 0.414742
 0 0.3306
 0 0.402622
 0 0.366464
 0 0.369332
 0 0.459556
 0 0.359204
 0 0.387334
 0 0.395556
 0 0.371786
 0 0.397004
 0 0.470452
 0 0.42154
 0 0.33674
 0 0.43217
 0 0.40935
 0 0.300872
 0 0.43091
 0 0.403394
 0 0.371294
 0 0.419624
 0 0.40352
 0 0.382158
 0 0.417028
 0 0.400168
 0 0.36046
 0 0.336554
 0 0.358276
 0 0.388154
 0 0.378278
 0 0.366082
 0 0.40671
 0 0.411018
 0 0.360832
 0 0.385644
 0 0.413304
 0 0.456684
 0 0.41632
 0 0.377622
 0 0.39307
 0 0.429274
 0 0.403572
 0 0.423276
 0 0.335906
 0 0.421132
 0 0.385884
 0 0.435716
 0 0.361672
 0 0.491186
 0 0.420072
 0 0.382982
 0 0.372336
 0 0.38435
 0 0.4007
 0 0.434538
 0 0.352228
 0 0.437878
 0 0.397522
 0 0.286866
 0 0.406244
 0 0.423604
 0 0.442396
 0 0.414054
 0 0.389182
 0 0.366252
 0 0.394892
 0 0.4279
 0 0.416048
 0 0.415102
 0 0.37389
 0 0.347968
 0 0.381998
 0 0.431074
 0 0.444044
 0 0.414872
 0 0.394138
 0 0.362234
 0 0.364082
 0 0.365564
 0 0.378222
 0 0.374018
 0 0.331014
 0 0.40854
 0 0.389502
 0 0.406962
 0 0.428098
 0 0.377374
 0 0.376486
 0 0.450476
 0 0.38571
 0 0.368856
 0 0.39471
 0 0.385788
 0 0.426578
 0 0.439142
 0 0.418828
 0 0.371618
 0 0.386782
 0 0.393358
 0 0.391456
 0 0.382988
 0 0.379566
 0 0.358648
 0 0.381916
 0 0.40247
 0 0.410106
 0 0.441412
 0 0.441938
 0 0.380924
 0 0.42882
 0 0.457736
 0 0.48618
 0 0.389778
 0 0.36859
 0 0.418594
 0 0.418564
 0 0.439164
 0 0.424788
 0 0.421108
 0 0.402582
 0 0.387946
 0 0.4291
 0 0.413716
 0 0.436878
 0 0.386754
 0 0.409536
 0 0.403278
 0 0.435346
 0 0.437408
 0 0.413468
 0 0.403588
 0 0.42036
 0 0.38161
 0 0.405458
 0 0.364284
 0 0.45038
 0 0.432504
 0 0.383148
 0 0.383278
 0 0.490156
 0 0.404412
 0 0.435108
 0 0.38774
 0 0.388874
 0 0.378988
 0 0.406286
 0 0.41566
 0 0.39781
 0 0.441682
 0 0.378126
 0 0.393228
 0 0.387462
 0 0.395074
 0 0.407462
 0 0.419284
 0 0.391276
 0 0.369714
 0 0.409764
 0 0.347904
 0 0.399662
 0 0.375
 0 0.40684
 0 0.41567
 0 0.377168
 0 0.433802
 0 0.40063
 0 0.380912
 0 0.44497
 0 0.362796
 0 0.388022
 0 0.347412
 0 0.428646
 0 0.406222
 0 0.410136
 0 0.34968
 0 0.392006
 0 0.386044
 0 0.365854
 0 0.380566
 0 0.42264
 0 0.357878
 0 0.361858
 0 0.374902
 0 0.393428
 0 0.394102
 0 0.353332
 0 0.393056
 0 0.410584
 0 0.357382
 0 0.332968
 0 0.453288
 0 0.45471
 0 0.407346
 0 0.361238
 0 0.419866
 0 0.370498
 0 0.41081
 0 0.392036
 0 0.4159
 0 0.406186
 0 0.381422
 0 0.399054
 0 0.415016
 0 0.404166
 0 0.401338
 0 0.374098
 0 0.395216
 0 0.415426
 0 0.440328
 0 0.343424
 0 0.419804
 0 0.37037
 0 0.43067
 0 0.462786
 0 0.387366
 0 0.317806
 0 0.401164
 0 0.417414
 0 0.390902
 0 0.371962
 0 0.419052
 0 0.392966
 0 0.375772
 0 0.406952
 0 0.42317
 0 0.372988
 0 0.376734
 0 0.425532
 0 0.393768
 0 0.416182
 0 0.387872
 0 0.428042
 0 0.397372
 0 0.39038
 0 0.382458
 0 0.388046
 0 0.368296
 0 0.37325
 0 0.382148
 0 0.39935
 0 0.369082
 0 0.379902
 0 0.422832
 0 0.376744
 0 0.396826
 0 0.408354
 0 0.403258
 0 0.347328
 0 0.366732
 0 0.33772
 0 0.3676
 0 0.37873
 0 0.344354
 0 0.436948
 0 0.456126
 0 0.407968
 0 0.343682
 0 0.393582
 0 0.392482
 0 0.333126
 0 0.414546
 0 0.459388
 0 0.337146
 0 0.400654
 0 0.437622
 0 0.40983
 0 0.446856
 0 0.37785
 0 0.4378
 0 0.412002
 0 0.376276
 0 0.421222
 0 0.373402
 0 0.404972
 0 0.40685
 0 0.418484
 0 0.384926
 0 0.386514
 0 0.420556
 0 0.400378
 0 0.390162
 0 0.432214
 0 0.38895
 0 0.37482
 0 0.42773
 0 0.410864
 0 0.361558
 0 0.38052
 0 0.413406
 0 0.373522
 0 0.377472
 0 0.422754
 0 0.358556
 0 0.45254
 0 0.336944
 0 0.424126
 0 0.44843
 0 0.35098
 0 0.42573
 0 0.41133
 0 0.42936
 0 0.479516
 0 0.387596
 0 0.384274
 0 0.437978
 0 0.369276
 0 0.37314
 0 0.4206
 0 0.393494
 0 0.37754
 0 0.388218
 0 0.40512
 0 0.40648
 0 0.453706
 0 0.374028
 0 0.409452
 0 0.396102
 0 0.41177
 0 0.48244
 0 0.40584
 0 0.405474
 0 0.42726
 0 0.37443
 0 0.415616
 0 0.429552
 0 0.381678
 0 0.399122
 0 0.435162
 0 0.367934
 0 0.387204
 0 0.41697
 0 0.363752
 0 0.407398
 0 0.36424
 0 0.425272
 0 0.393766
 0 0.371876
 0 0.393538
 0 0.391624
 0 0.379822
 0 0.442616
 0 0.380746
 0 0.429966
 0 0.376354
 0 0.340138
 0 0.399618
 0 0.368592
 0 0.408094
 0 0.40672
 0 0.420328
 0 0.381574
 0 0.4034
 0 0.420158
 0 0.391536
 0 0.427146
 0 0.396392
